1.4608447551727295
1.454387903213501
1.4542171955108643
1.260974645614624
1.1322791576385498
1.3920944929122925
1.3456928730010986
1.4271793365478516
1.3628000020980835
1.0961436033248901
1.4563097953796387
1.3791509866714478
1.1486140489578247
1.145616054534912
1.0617047548294067
1.4081017971038818
1.388914942741394
1.4565658569335938
1.31084144115448
1.2853236198425293
1.4559365510940552
1.368829369544983
1.2888509035110474
1.3800874948501587
1.349738359451294
1.3984088897705078
1.3062562942504883
1.3688188791275024
1.3296326398849487
1.1516917943954468
1.4832818508148193
1.3570752143859863
1.304843544960022
1.1255404949188232
1.367811918258667
1.3638863563537598
1.4690476655960083
1.3128656148910522
1.3529301881790161
1.1684367656707764
1.3875808715820312
1.4381271600723267
1.2462351322174072
1.353601336479187
1.146775722503662
1.4812614917755127
1.495991587638855
1.4198130369186401
1.2079228162765503
1.3654108047485352
1.4669643640518188
1.4807605743408203
1.3802570104599
1.165372610092163
1.3099011182785034
1.384678602218628
1.449059009552002
1.4842710494995117
1.0473365783691406
1.0009292364120483
1.4558457136154175
1.4567639827728271
1.3600233793258667
1.192812204360962
1.4794340133666992
1.373934268951416
1.442177414894104
1.4260603189468384
1.468603253364563
1.3208798170089722
1.4777764081954956
1.3278224468231201
1.2264881134033203
1.1961114406585693
1.1511507034301758
1.486767292022705
1.3515104055404663
1.2877051830291748
1.3498409986495972
1.0649070739746094
1.3824357986450195
1.320919156074524
1.3044596910476685
1.211713433265686
1.3794238567352295
1.4738880395889282
1.4557143449783325
1.403855800628662
1.2409175634384155
1.234139323234558
1.3995862007141113
1.46489679813385
1.2734907865524292
1.2522368431091309
1.3923490047454834
1.471712589263916
1.3903053998947144
1.326483130455017
1.3404319286346436
1.375593662261963
1.414208173751831
1.3419833183288574
1.4393495321273804
1.270204782485962
1.2074203491210938
1.416244626045227
1.366546869277954
1.3484233617782593
1.2270835638046265
1.0782263278961182
1.3867725133895874
1.4523468017578125
1.389276385307312
1.1879727840423584
1.296217679977417
1.4817049503326416
1.4650566577911377
1.3874362707138062
1.1576577425003052
1.4766157865524292
1.400179386138916
1.4088034629821777
1.2953516244888306
1.3682591915130615
1.0885624885559082
1.4554798603057861
1.3948296308517456
1.1552265882492065
1.115909457206726
1.1052353382110596
1.4790165424346924
1.4795677661895752
1.2826213836669922
1.1507989168167114
1.2053608894348145
1.4447745084762573
1.3480631113052368
1.2053465843200684
1.0881487131118774
1.213940143585205
1.4376507997512817
1.414472222328186
1.215160846710205
1.400299072265625
1.2069566249847412
0.0       
0.0       
0.0       
0.0       
0.0       
0.0       
0.0       
0.0       
0.0       
0.0       
0.0       
0.0       
0.0       
0.0       
0.0       
0.0       
0.0       
0.0       
0.0       
0.0       
0.0       
0.0       
0.0       
0.0       
0.0       
0.0       
0.0       
0.0       
0.0       
1.371214747428894
1.3086193799972534
1.3883044719696045
1.1439356803894043
1.470170497894287
1.4202316999435425
1.2978172302246094
1.2604498863220215
1.2053924798965454
1.481957197189331
1.482093095779419
1.2672477960586548
1.251939296722412
1.3110934495925903
1.366568684577942
1.420987606048584
1.48256254196167
1.2619439363479614
1.4153469800949097
1.3381513357162476
1.3449759483337402
1.399326205253601
1.2446552515029907
1.4898911714553833
1.4139715433120728
1.3985918760299683
1.323561668395996
1.2672840356826782
1.2896595001220703
1.4035173654556274
1.425255298614502
1.211341142654419
1.3145649433135986
1.336140751838684
1.258955955505371
1.4200392961502075
1.4250353574752808
1.381008505821228
1.3591065406799316
1.4499363899230957
1.4376412630081177
1.391065001487732
1.3223322629928589
1.2621078491210938
1.196245551109314
1.2042433023452759
1.3647089004516602
1.4180971384048462
1.3232589960098267
1.3190382719039917
1.2450737953186035
1.4559434652328491
1.3772543668746948
1.4376431703567505
1.3539917469024658
1.346701741218567
1.379621148109436
1.4409816265106201
1.382189154624939
1.2673531770706177
1.3387212753295898
1.3161323070526123
1.1970258951187134
1.3176217079162598
1.3008099794387817
1.3979111909866333
1.1852144002914429
1.426138162612915
1.4788002967834473
1.4694881439208984
1.0350279808044434
1.3684608936309814
1.4319820404052734
1.3323235511779785
1.332328200340271
1.3449279069900513
1.3804047107696533
1.4355491399765015
1.3307924270629883
1.3506567478179932
1.4098997116088867
1.2533304691314697
1.4397468566894531
1.2512928247451782
1.34994637966156
1.3446414470672607
1.2662769556045532
1.4487543106079102
1.3005502223968506
1.0706498622894287
1.3678532838821411
1.1964325904846191
1.354331374168396
1.2010424137115479
1.1845793724060059
1.2809476852416992
1.4028109312057495
1.3099936246871948
1.3999227285385132
1.4049853086471558
1.31974458694458
1.319204568862915
1.3794240951538086
1.4777830839157104
1.4569679498672485
1.2804125547409058
1.4360400438308716
1.189736247062683
1.3417894840240479
1.3945225477218628
1.2135685682296753
1.3438587188720703
1.3701307773590088
1.3957629203796387
1.4142588376998901
1.4750900268554688
1.4558908939361572
1.4281127452850342
1.339400291442871
1.462999939918518
1.4585540294647217
1.3319923877716064
1.4446911811828613
1.4476451873779297
1.4091637134552002
1.2812340259552002
1.391506314277649
1.408432126045227
1.3542381525039673
1.3531403541564941
1.4238693714141846
1.4624885320663452
1.2253034114837646
1.388357162475586
1.3817424774169922
1.267681360244751
1.175426959991455
1.4582839012145996
1.454148769378662
1.3306094408035278
1.3842600584030151
1.2625693082809448
1.2974739074707031
1.4624956846237183
1.2498459815979004
0.0       
0.0       
0.0       
0.0       
0.0       
0.0       
0.0       
0.0       
0.0       
0.0       
0.0       
0.0       
0.0       
0.0       
0.0       
0.0       
0.0       
0.0       
0.0       
0.0       
0.0       
0.0       
0.0       
0.0       
0.0       
0.0       
0.0       
0.0       
0.0       
0.0       
1.2415164709091187
1.27485191822052
1.4093248844146729
1.415168046951294
1.4130736589431763
1.3694895505905151
1.3274060487747192
0.0       
1.3571895360946655
0.0       
1.3247085809707642
1.3554633855819702
1.3553526401519775
1.1944056749343872
0.0       
1.3616375923156738
1.2855298519134521
1.0879279375076294
0.0       
1.3001948595046997
0.0       
1.3230302333831787
0.0       
0.0       
1.1409831047058105
1.3442481756210327
1.436246395111084
1.4072238206863403
1.4289621114730835
1.262961506843567
1.4121559858322144
1.3685996532440186
1.17546808719635
0.0       
0.0       
1.3077362775802612
1.4200794696807861
1.2691638469696045
1.415418267250061
1.3372021913528442
1.3613306283950806
1.3990674018859863
1.4015374183654785
1.4248130321502686
1.4366705417633057
1.3461238145828247
1.4374618530273438
1.2272776365280151
0.0       
1.251668095588684
1.3563803434371948
1.3851717710494995
0.0       
1.3322288990020752
1.3066418170928955
0.0       
1.0062692165374756
1.0466543436050415
1.4061678647994995
1.2286109924316406
1.049494743347168
1.3106625080108643
0.0       
1.4401991367340088
0.0       
0.0       
1.278185248374939
1.0623160600662231
0.0       
1.399760365486145
0.0       
0.0       
1.3613433837890625
1.1421109437942505
0.0       
1.1061887741088867
1.3113579750061035
1.4318128824234009
1.249158501625061
1.3281803131103516
1.1313170194625854
1.365321397781372
0.0       
1.2381677627563477
1.4147473573684692
0.0       
1.3996645212173462
0.0       
1.1202960014343262
1.356691598892212
1.3142930269241333
0.0       
1.3112376928329468
0.0       
1.302514910697937
0.0       
1.3213613033294678
1.353851556777954
0.0       
1.160294771194458
1.0768471956253052
1.065014362335205
1.3629157543182373
0.9392964243888855
1.3594399690628052
1.4444464445114136
1.3441236019134521
1.3243516683578491
0.0       
1.2097668647766113
0.0       
1.1874802112579346
1.055817723274231
1.4320850372314453
1.3705859184265137
0.0       
0.0       
0.0       
1.3518149852752686
1.4668442010879517
1.4020575284957886
0.0       
1.384628415107727
1.2741916179656982
1.1935237646102905
1.4343923330307007
0.0       
1.2614425420761108
1.3694180250167847
0.0       
1.2947843074798584
1.3746429681777954
0.0       
1.4550355672836304
1.316463828086853
1.4129765033721924
1.4011530876159668
0.0       
0.0       
1.095221996307373
1.3670920133590698
1.3617055416107178
1.4116548299789429
0.0       
1.372248888015747
0.0       
1.1744921207427979
1.3200732469558716
1.1953257322311401
0.0       
1.4235405921936035
0.0       
1.4498271942138672
1.4540787935256958
1.430788278579712
0.0       
1.4186184406280518
0.0       
1.4368808269500732
0.0       
1.2330657243728638
1.3812757730484009
1.3038315773010254
1.298943281173706
0.0       
1.3523415327072144
1.4105064868927002
1.440853238105774
1.3628289699554443
1.3045310974121094
1.4595310688018799
1.239646077156067
1.1353949308395386
1.4378284215927124
1.302720546722412
1.465376853942871
1.3753020763397217
1.4472657442092896
0.0       
1.4676868915557861
1.3763785362243652
1.1267577409744263
0.0       
1.220220923423767
0.0       
1.30037522315979
0.0       
0.0       
0.0       
1.4637852907180786
1.292499303817749
1.4374876022338867
1.4343355894088745
1.2167065143585205
1.3927831649780273
1.3572893142700195
1.1626261472702026
1.19612717628479
1.431419014930725
1.4579854011535645
1.4463404417037964
1.335506796836853
0.0       
1.2187894582748413
0.0       
0.0       
1.382938027381897
0.0       
1.2940325736999512
1.17246675491333
1.1337368488311768
1.4318712949752808
1.2103791236877441
1.435286521911621
1.2472777366638184
1.274131178855896
1.4434669017791748
1.413956642150879
1.4236429929733276
1.4115104675292969
1.2956047058105469
0.0       
0.0       
1.4729713201522827
1.4170361757278442
1.449591875076294
1.3879129886627197
1.316973090171814
0.0       
1.4182422161102295
0.0       
0.0       
0.0       
1.2509050369262695
1.3584380149841309
0.0       
1.3981499671936035
0.0       
1.0948182344436646
1.135912299156189
1.3199665546417236
1.3770371675491333
1.0624876022338867
1.34940767288208
0.0       
0.0       
1.3542776107788086
0.0       
1.4094401597976685
1.2405365705490112
1.296696662902832
0.0       
1.3031787872314453
0.0       
1.4333407878875732
1.09600830078125
0.0       
1.3190124034881592
1.3803215026855469
0.0       
1.4010605812072754
1.4144270420074463
1.400875210762024
1.234893560409546
1.3586195707321167
1.1657785177230835
1.4013171195983887
0.0       
1.3633190393447876
1.3468468189239502
1.3569371700286865
1.4264967441558838
1.3527159690856934
0.0       
1.3405578136444092
1.387632131576538
1.3035614490509033
0.0       
1.1838312149047852
0.0       
1.2953509092330933
1.331569790840149
1.0801477432250977
1.1223641633987427
1.3439912796020508
1.3632750511169434
1.1866401433944702
1.4144270420074463
1.3287056684494019
1.1211528778076172
1.3811728954315186
0.0       
1.2505357265472412
0.0       
1.3658887147903442
1.1177866458892822
1.2592202425003052
1.1793376207351685
1.378421425819397
1.1342134475708008
1.3658548593521118
0.0       
1.4109288454055786
1.4264967441558838
1.4374452829360962
1.4192918539047241
1.379170298576355
0.0       
1.302032709121704
1.3633190393447876
1.3945863246917725
1.3607195615768433
0.0       
0.0       
1.3442891836166382
1.3633190393447876
1.4094401597976685
1.4130011796951294
1.4165306091308594
1.176966905593872
0.0       
1.0170010328292847
1.100833773612976
1.250730276107788
1.3661624193191528
1.4198641777038574
1.1921197175979614
1.2553926706314087
1.3264515399932861
1.4192918539047241
1.3318322896957397
1.0744820833206177
1.2920564413070679
1.385366678237915
0.0       
1.273134469985962
1.3213951587677002
0.0       
0.0       
0.0       
0.0       
1.0996228456497192
1.2082616090774536
0.0       
1.2780104875564575
1.2004029750823975
1.3331739902496338
0.0       
0.0       
1.4578434228897095
0.0       
1.462205410003662
1.4517688751220703
1.3528176546096802
1.4331859350204468
1.1971698999404907
1.4525882005691528
1.2126809358596802
0.0       
1.3896191120147705
1.198565125465393
0.0       
1.236554741859436
1.4686812162399292
0.0       
0.0       
1.2103495597839355
0.0       
1.1707605123519897
1.1395334005355835
1.4686808586120605
1.210012435913086
1.4578784704208374
1.463531494140625
1.4011815786361694
1.2442296743392944
1.1640865802764893
1.3789620399475098
0.0       
1.4665310382843018
0.0       
1.3999909162521362
1.1873087882995605
0.0       
1.462205410003662
1.4578784704208374
1.4525293111801147
1.4397989511489868
1.27113938331604
1.4549812078475952
1.3616578578948975
1.4622591733932495
1.4268603324890137
1.1827250719070435
0.0       
1.4349231719970703
1.2045910358428955
0.0       
0.0       
1.305992603302002
1.4094147682189941
1.4597117900848389
1.4530105590820312
1.2353521585464478
0.0       
1.4517688751220703
1.422607421875
0.0       
1.4579516649246216
1.4624711275100708
1.31361985206604
1.4458537101745605
1.4458537101745605
1.4542638063430786
0.0       
0.0       
0.0       
1.440303921699524
0.0       
1.3449792861938477
1.460728645324707
1.4540785551071167
1.4622591733932495
1.2226232290267944
1.4520926475524902
1.4164481163024902
1.4534379243850708
0.0       
1.296800971031189
1.4402596950531006
1.4372200965881348
1.1460944414138794
1.4170554876327515
0.0       
1.4349231719970703
1.4556721448898315
0.0       
0.0       
1.452449917793274
1.2086013555526733
1.4607471227645874
1.255120873451233
1.443823218345642
1.4660898447036743
0.0       
1.4506887197494507
1.4660898447036743
0.0       
1.4686808586120605
0.0       
1.3060989379882812
1.2376892566680908
0.0       
1.217271327972412
1.3789520263671875
1.4624711275100708
1.1947287321090698
1.4492356777191162
1.4540785551071167
1.2339532375335693
1.413093090057373
1.3033998012542725
1.4757516384124756
1.2130939960479736
1.2980725765228271
1.4352425336837769
1.2272379398345947
1.4151724576950073
1.2835735082626343
1.1983927488327026
1.386045217514038
1.2371702194213867
1.181301474571228
1.4631454944610596
1.3274571895599365
1.3972333669662476
1.3035557270050049
1.1546473503112793
1.4817755222320557
1.4084981679916382
1.2722619771957397
1.484488844871521
1.474920392036438
1.4055711030960083
1.397526741027832
1.3746520280838013
1.408129096031189
1.4529222249984741
1.2795950174331665
1.290462851524353
1.4148372411727905
1.4932546615600586
1.4704548120498657
1.3053556680679321
1.4308427572250366
1.3107538223266602
1.4172394275665283
1.4478946924209595
1.3296637535095215
1.4899802207946777
1.4719829559326172
1.167484998703003
1.4558913707733154
1.2472423315048218
1.310579776763916
1.4846382141113281
1.2743511199951172
1.4261882305145264
1.4422086477279663
1.4221110343933105
1.4863317012786865
1.4580591917037964
1.1783794164657593
1.3155181407928467
1.2953158617019653
1.4922120571136475
1.4852244853973389
1.144249677658081
1.490253210067749
1.4444421529769897
1.3998991250991821
1.314428687095642
1.1665077209472656
1.4353681802749634
1.480647325515747
1.370361089706421
1.338906168937683
1.4198687076568604
1.2991584539413452
1.4182311296463013
1.3257052898406982
1.4387965202331543
1.3891825675964355
1.109660029411316
1.1921745538711548
1.4860541820526123
1.139716625213623
1.3846641778945923
1.477725625038147
1.1932716369628906
1.1984474658966064
1.4384511709213257
1.2814489603042603
1.1484724283218384
1.4108155965805054
1.4829946756362915
1.3057421445846558
1.4115010499954224
1.3175382614135742
1.4454164505004883
1.436076045036316
1.423970103263855
1.481674313545227
1.2062220573425293
1.411829948425293
1.4302481412887573
1.1285332441329956
1.1280063390731812
1.3030539751052856
1.1455585956573486
1.3429815769195557
1.202255129814148
1.482559084892273
1.4769631624221802
1.4338254928588867
1.2729593515396118
1.4003371000289917
1.4010056257247925
1.3841551542282104
1.3251484632492065
1.4285234212875366
1.4792275428771973
1.2751448154449463
1.4198634624481201
1.4379920959472656
1.2770216464996338
1.3010635375976562
1.4262639284133911
1.431044578552246
1.4478883743286133
1.409270167350769
1.4336751699447632
1.4161937236785889
1.1995141506195068
1.4261605739593506
1.1332979202270508
1.4159196615219116
1.4229793548583984
1.4276751279830933
1.445459008216858
1.2927179336547852
1.1412193775177002
1.45274817943573
1.433440923690796
1.4770985841751099
1.4891303777694702
1.2180134057998657
1.398597002029419
1.410589337348938
1.4137331247329712
1.2410353422164917
1.4263514280319214
1.419931411743164
1.4849425554275513
0.0       
0.0       
0.0       
0.0       
0.0       
0.0       
0.0       
0.0       
0.0       
0.0       
0.0       
0.0       
0.0       
0.0       
0.0       
0.0       
0.0       
0.0       
0.0       
0.0       
0.0       
0.0       
0.0       
0.0       
0.0       
0.0       
0.0       
0.0       
0.0       
