5.516799449920654
5.341755390167236
5.318337917327881
0.4328877627849579
0.12092315405607224
1.9493166208267212
0.5772421956062317
3.061986207962036
1.5381189584732056
0.10513533651828766
4.670670986175537
1.618787407875061
0.11680232733488083
0.17115198075771332
0.059730976819992065
3.465348958969116
2.3897786140441895
8.064101219177246
1.1693508625030518
0.5009738802909851
4.875365734100342
0.9410845041275024
0.4664934277534485
1.4400160312652588
0.30855077505111694
2.3637750148773193
0.6483123898506165
1.3301507234573364
0.7200456261634827
0.19821220636367798
12.390227317810059
1.4788073301315308
0.5929209589958191
0.13801966607570648
1.6325807571411133
1.8541396856307983
9.602324485778809
0.67588871717453
1.1403971910476685
0.26596197485923767
1.521561622619629
3.3828365802764893
0.18010549247264862
0.6864814162254333
0.07849477976560593
9.280967712402344
11.20820140838623
3.063546895980835
0.3363133370876312
1.1644600629806519
7.288730144500732
10.174811363220215
1.3190230131149292
0.19095934927463531
0.7454761862754822
1.1176079511642456
3.7949371337890625
8.913902282714844
0.045070212334394455
0.02628992311656475
4.835015773773193
4.910592079162598
0.9734933972358704
0.21172447502613068
7.364697456359863
2.214233160018921
5.986574172973633
3.8722245693206787
10.462864875793457
0.7448461651802063
8.505721092224121
0.5976075530052185
0.2378470003604889
0.1919710487127304
0.10907328128814697
9.993684768676758
1.0129058361053467
0.5792973637580872
0.993008553981781
0.07134092599153519
1.1398111581802368
0.4765881597995758
0.44367438554763794
0.19825853407382965
1.369766116142273
6.7387919425964355
4.582435131072998
1.470821738243103
0.24562175571918488
0.14075569808483124
2.3350040912628174
6.62929630279541
0.44262757897377014
0.48936328291893005
2.0771422386169434
6.943884372711182
2.7057831287384033
0.599968433380127
1.316551923751831
2.05488657951355
2.8395297527313232
0.8178732991218567
4.823320388793945
0.2293907254934311
0.2704302668571472
3.013911247253418
1.6751540899276733
1.2052562236785889
0.2445610761642456
0.058029212057590485
1.6609067916870117
4.693656921386719
1.8796625137329102
0.15766088664531708
0.4326198697090149
11.538966178894043
6.941714763641357
2.1731109619140625
0.14955537021160126
9.556083679199219
2.932126760482788
3.4606781005859375
0.9835840463638306
1.4120570421218872
0.0677282065153122
5.001660346984863
1.3376911878585815
0.15935152769088745
0.06003555655479431
0.07437006384134293
11.486332893371582
10.836638450622559
0.47042447328567505
0.12476330995559692
0.2825133502483368
4.288066864013672
1.2370253801345825
0.2915838658809662
0.08562015742063522
0.23355138301849365
3.372135877609253
1.5615602731704712
0.1870882511138916
1.2038851976394653
0.2537727653980255
0.0       
0.0       
0.0       
0.0       
0.0       
0.0       
0.0       
0.0       
0.0       
0.0       
0.0       
0.0       
0.0       
0.0       
0.0       
0.0       
0.0       
0.0       
0.0       
0.0       
0.0       
0.0       
0.0       
0.0       
0.0       
0.0       
0.0       
0.0       
0.0       
1.1511701345443726
0.9787163734436035
2.1688520908355713
0.10462571680545807
6.0261712074279785
3.556062698364258
0.9465152621269226
0.5778095126152039
0.23841805756092072
8.139660835266113
9.330931663513184
0.5049057006835938
0.4253235459327698
1.0425289869308472
1.5616226196289062
4.090893268585205
8.811596870422363
0.6597617268562317
2.549419403076172
1.4567378759384155
1.4975942373275757
1.9806278944015503
0.28057289123535156
9.369815826416016
3.88226318359375
1.9374185800552368
0.9983455538749695
0.37922435998916626
0.5965859293937683
2.2793586254119873
2.981100082397461
0.24458782374858856
1.056073546409607
1.0590788125991821
0.5251073241233826
2.6984012126922607
3.833871603012085
2.4696083068847656
1.033570647239685
4.7575507164001465
5.626966953277588
1.8116273880004883
0.965377926826477
0.5955318808555603
0.36080190539360046
0.2936515212059021
2.0234334468841553
3.0424880981445312
0.8868709802627563
1.141488790512085
0.4557262063026428
5.901313304901123
2.3316752910614014
3.4196183681488037
1.6646686792373657
1.2997276782989502
1.6619027853012085
4.446258544921875
2.1428020000457764
0.39300408959388733
0.9068925976753235
1.1429942846298218
0.20804595947265625
0.9702024459838867
0.9907476305961609
2.6224188804626465
0.27847057580947876
3.2652995586395264
7.222170352935791
6.482281684875488
0.10122879594564438
1.617255449295044
5.061729431152344
1.1821082830429077
1.1957604885101318
1.0403639078140259
1.6675962209701538
4.846360683441162
1.0411499738693237
1.6315622329711914
2.1376683712005615
0.34779855608940125
4.4507155418396
0.4151512682437897
1.5994219779968262
1.0836665630340576
0.7005783319473267
4.0506696701049805
0.5840789675712585
0.12665154039859772
1.8266609907150269
0.22755630314350128
1.690677523612976
0.1841101497411728
0.20799647271633148
0.537740170955658
2.4516866207122803
0.6976478695869446
2.471273422241211
3.2487218379974365
0.7013704180717468
0.8090325593948364
1.8967102766036987
9.620824813842773
5.1461310386657715
0.539061963558197
4.8352251052856445
0.2996743619441986
1.2245874404907227
1.7387199401855469
0.28357812762260437
0.9670143127441406
1.5529193878173828
2.1001315116882324
2.078758478164673
8.486099243164062
5.2853312492370605
4.191616058349609
0.9879180788993835
5.665218353271484
5.554136753082275
0.9803652167320251
4.1988115310668945
4.115615367889404
3.247498035430908
0.7912902235984802
1.9714107513427734
3.5065574645996094
1.0965559482574463
1.5512206554412842
2.771031618118286
4.906105995178223
0.2808188199996948
2.638930082321167
2.039072275161743
0.41195639967918396
0.23810811340808868
5.240486145019531
4.722203731536865
1.1455744504928589
1.9237221479415894
0.6036422252655029
0.7226114869117737
5.454561233520508
0.4255920350551605
0.0       
0.0       
0.0       
0.0       
0.0       
0.0       
0.0       
0.0       
0.0       
0.0       
0.0       
0.0       
0.0       
0.0       
0.0       
0.0       
0.0       
0.0       
0.0       
0.0       
0.0       
0.0       
0.0       
0.0       
0.0       
0.0       
0.0       
0.0       
0.0       
0.0       
0.3335981070995331
0.43177667260169983
2.8261661529541016
3.126986265182495
3.278867483139038
1.1898281574249268
0.822438657283783
0.0       
1.3614696264266968
0.0       
0.7971341609954834
1.1539709568023682
0.9783796668052673
0.1916823834180832
0.0       
1.434543251991272
0.427842915058136
0.05734528228640556
0.0       
0.5996097922325134
0.0       
0.7803694605827332
0.0       
0.0       
0.08847177028656006
0.9864372611045837
3.768043279647827
2.5124337673187256
3.5756423473358154
0.363554447889328
2.5690524578094482
1.351514458656311
0.1924668401479721
0.0       
0.0       
0.55165696144104
2.8040988445281982
0.3993871212005615
2.078781843185425
0.8851737976074219
1.2249959707260132
1.8561251163482666
2.5755505561828613
3.5157363414764404
3.820988178253174
1.014640212059021
3.8565502166748047
0.2070365697145462
0.0       
0.2945115268230438
0.9997575879096985
1.323041558265686
0.0       
0.7303730845451355
0.7882623076438904
0.0       
0.02346731536090374
0.03371673449873924
2.640441417694092
0.3266553282737732
0.041591159999370575
0.5377424359321594
0.0       
4.719653606414795
0.0       
0.0       
0.3643777668476105
0.05605320259928703
0.0       
2.2133700847625732
0.0       
0.0       
1.171051025390625
0.10052855312824249
0.0       
0.07913549989461899
0.5684319138526917
3.448989152908325
0.3219955861568451
0.8158515095710754
0.08730774372816086
0.874193012714386
0.0       
0.2751789093017578
3.3446297645568848
0.0       
1.8137410879135132
0.0       
0.08074888586997986
0.9336296916007996
0.6792787909507751
0.0       
0.5394052267074585
0.0       
0.4998081624507904
0.0       
0.8640795946121216
1.1254429817199707
0.0       
0.11812920868396759
0.053317200392484665
0.044899724423885345
1.4216326475143433
0.02619902230799198
0.9581208229064941
4.654538154602051
0.8924047350883484
0.8078218698501587
0.0       
0.27238398790359497
0.0       
0.12287390232086182
0.047806307673454285
3.2386348247528076
1.0929497480392456
0.0       
0.0       
0.0       
0.8722812533378601
6.665258884429932
1.6719058752059937
0.0       
1.6090319156646729
0.5174446702003479
0.19164714217185974
3.5573062896728516
0.0       
0.34227705001831055
1.3598496913909912
0.0       
0.5218755602836609
1.4416475296020508
0.0       
4.8892083168029785
0.5926087498664856
1.960293173789978
1.8421610593795776
0.0       
0.0       
0.07431778311729431
1.3277437686920166
0.9304505586624146
2.1682534217834473
0.0       
1.6228679418563843
0.0       
0.1313767284154892
0.5670223236083984
0.23936377465724945
0.0       
2.9374115467071533
0.0       
4.270678997039795
5.453924179077148
3.445286512374878
0.0       
2.7318007946014404
0.0       
3.854212522506714
0.0       
0.24909721314907074
1.6012760400772095
0.4635634422302246
0.7042812705039978
0.0       
1.2062023878097534
2.299337148666382
3.405890703201294
1.4761030673980713
0.5967069864273071
5.007840156555176
0.2205028086900711
0.0995093509554863
4.0083136558532715
0.5132554173469543
6.371318817138672
1.9418541193008423
4.095183849334717
0.0       
6.629322052001953
1.3172687292099
0.09494683146476746
0.0       
0.2315695732831955
0.0       
0.5666469931602478
0.0       
0.0       
0.0       
5.161556720733643
0.697936475276947
3.1921675205230713
3.9576172828674316
0.2168300598859787
1.7456810474395752
1.0928643941879272
0.11392854899168015
0.181122824549675
3.343554735183716
6.899083137512207
4.101284980773926
0.5429279804229736
0.0       
0.2524920403957367
0.0       
0.0       
1.7983629703521729
0.0       
0.4819982647895813
0.10200841724872589
0.1023348793387413
3.324244737625122
0.18649916350841522
3.281890869140625
0.32414719462394714
0.44654783606529236
4.267533302307129
1.818213701248169
2.6314988136291504
2.1099700927734375
0.5178109407424927
0.0       
0.0       
7.130880832672119
2.4263217449188232
4.1315741539001465
1.331129550933838
0.4228041172027588
0.0       
2.8706178665161133
0.0       
0.0       
0.0       
0.15906007587909698
1.222602367401123
0.0       
1.4558435678482056
0.0       
0.06754652410745621
0.11148301512002945
0.46203118562698364
1.0189919471740723
0.040159452706575394
1.3528140783309937
0.0       
0.0       
0.7819960713386536
0.0       
1.793075442314148
0.1533692330121994
0.35660889744758606
0.0       
0.6528238654136658
0.0       
2.639791488647461
0.06461363285779953
0.0       
0.5703951120376587
0.7875809669494629
0.0       
1.997208833694458
2.171434164047241
1.319767951965332
0.196886345744133
1.3260316848754883
0.11101050674915314
2.1631829738616943
0.0       
0.8715823292732239
0.6532767415046692
0.8522194027900696
2.8445534706115723
0.7028362154960632
0.0       
0.8645097613334656
1.2844246625900269
0.4787236750125885
0.0       
0.19024331867694855
0.0       
0.6299557089805603
0.5505639314651489
0.05025116726756096
0.11938969045877457
0.780135452747345
1.0954803228378296
0.17612218856811523
2.171434164047241
0.47447988390922546
0.06974150985479355
1.637700080871582
0.0       
0.24112717807292938
0.0       
0.8485685586929321
0.07434587925672531
0.22931595146656036
0.1179533377289772
1.274767518043518
0.1511787623167038
1.0444753170013428
0.0       
1.5970598459243774
2.8445534706115723
4.066075325012207
2.447499990463257
1.0443700551986694
0.0       
0.3970925509929657
0.8715823292732239
1.4627257585525513
0.7527738809585571
0.0       
0.0       
0.6600176095962524
0.8715823292732239
1.793075442314148
1.301504135131836
1.9363842010498047
0.20140185952186584
0.0       
0.04387445002794266
0.05529158189892769
0.1888347864151001
0.9541422724723816
2.487501382827759
0.18585485219955444
0.23717179894447327
0.74518221616745
2.447499990463257
0.4159986674785614
0.052701838314533234
0.43222948908805847
1.1704870462417603
0.0       
0.47607117891311646
0.5199746489524841
0.0       
0.0       
0.0       
0.0       
0.09753292053937912
0.26481059193611145
0.0       
0.4671710431575775
0.14732055366039276
0.5376686453819275
0.0       
0.0       
5.443910121917725
0.0       
5.55471658706665
4.952149391174316
1.2052539587020874
3.3273766040802
0.14970724284648895
4.896729469299316
0.1384349763393402
0.0       
1.764162302017212
0.12116260826587677
0.0       
0.236048623919487
7.083157539367676
0.0       
0.0       
0.11540199816226959
0.0       
0.09630931168794632
0.07098215073347092
6.452205657958984
0.2039312869310379
5.175804138183594
5.533089637756348
2.2195019721984863
0.3049035966396332
0.09936173260211945
0.942492663860321
0.0       
6.881478786468506
0.0       
1.0716524124145508
0.14765620231628418
0.0       
5.55471658706665
5.175804138183594
4.692531108856201
3.5018341541290283
0.32652828097343445
5.664962291717529
0.764301598072052
5.204606056213379
3.370596408843994
0.13244087994098663
0.0       
5.235305309295654
0.2090413123369217
0.0       
0.0       
0.27699995040893555
1.9820009469985962
5.963416576385498
5.105457305908203
0.3070220351219177
0.0       
4.952149391174316
2.6750380992889404
0.0       
5.209136962890625
5.644934177398682
0.48238658905029297
4.927049160003662
4.927049160003662
4.722705364227295
0.0       
0.0       
0.0       
4.372689247131348
0.0       
0.4912829101085663
4.895455837249756
6.72877836227417
5.204606056213379
0.28621670603752136
5.500225067138672
1.9800163507461548
4.341872215270996
0.0       
0.3619370460510254
3.9316372871398926
3.5703976154327393
0.08872361481189728
2.5172486305236816
0.0       
5.235305309295654
5.688497066497803
0.0       
0.0       
4.8436808586120605
0.1413990706205368
4.398379802703857
0.33150994777679443
4.662316799163818
6.720555305480957
0.0       
5.686771392822266
6.720555305480957
0.0       
6.452205657958984
0.0       
0.490617960691452
0.2026478797197342
0.0       
0.1832989603281021
1.5020760297775269
5.644934177398682
0.10721778869628906
4.938087463378906
6.72877836227417
0.255938857793808
2.2592217922210693
0.4471462666988373
12.024165153503418
0.1528756469488144
0.2850871682167053
4.325478553771973
0.2180480808019638
3.0170657634735107
0.29165706038475037
0.14111000299453735
0.8822607398033142
0.11380932480096817
0.11151982843875885
10.303084373474121
0.7116100192070007
1.689405083656311
0.25781047344207764
0.13463908433914185
11.302481651306152
1.715130090713501
0.2750096917152405
11.33711051940918
10.9186372756958
2.0168697834014893
1.9969786405563354
1.0931257009506226
1.9041146039962769
5.263736248016357
0.3433113098144531
0.4401364326477051
2.5884883403778076
9.4802885055542
10.047393798828125
0.5178990364074707
3.2566661834716797
0.34320175647735596
2.9732539653778076
4.4722819328308105
0.6282414793968201
11.498026847839355
8.043055534362793
0.10201676934957504
5.86464262008667
0.3147566318511963
0.48849955201148987
13.451800346374512
0.36169540882110596
4.21015739440918
7.550750732421875
4.841280937194824
9.163424491882324
7.68325662612915
0.12873223423957825
0.552972137928009
0.35580208897590637
9.217523574829102
11.039444923400879
0.07706552743911743
11.200724601745605
6.632692813873291
2.588921070098877
0.5958176255226135
0.09681018441915512
4.4044060707092285
9.749282836914062
0.9119715094566345
0.805067241191864
2.8943912982940674
0.3681775629520416
3.0368916988372803
0.6195299029350281
4.264594554901123
1.7467933893203735
0.06774879992008209
0.12008644640445709
9.488593101501465
0.07937035709619522
1.6416476964950562
11.005027770996094
0.07676350325345993
0.1515834927558899
4.277721405029297
0.3345499634742737
0.09784223884344101
1.9530740976333618
11.220881462097168
0.5264132618904114
2.560607671737671
0.4627411961555481
4.391648769378662
4.729094505310059
4.763096809387207
9.837150573730469
0.2080698013305664
2.9226644039154053
3.948883056640625
0.10096942633390427
0.07933656126260757
0.41467371582984924
0.10715007781982422
0.9515987634658813
0.18552426993846893
11.857810974121094
10.128213882446289
3.9721500873565674
0.37260323762893677
1.711944580078125
1.9043186902999878
0.8774954080581665
0.5867549777030945
3.425359010696411
10.393572807312012
0.2895965278148651
2.9736504554748535
4.349938869476318
0.19755636155605316
0.31333449482917786
3.3439157009124756
3.230320692062378
4.583087921142578
3.5135600566864014
4.2842631340026855
2.9610538482666016
0.10940059274435043
2.632152557373047
0.08168499171733856
2.7752304077148438
3.3955001831054688
4.703758239746094
5.29305362701416
0.26238811016082764
0.10838694870471954
4.876758098602295
4.308478832244873
8.542831420898438
9.651453018188477
0.22357486188411713
1.4844839572906494
2.9836227893829346
2.652127504348755
0.21303193271160126
2.838528871536255
2.7915940284729004
10.480884552001953
0.0       
0.0       
0.0       
0.0       
0.0       
0.0       
0.0       
0.0       
0.0       
0.0       
0.0       
0.0       
0.0       
0.0       
0.0       
0.0       
0.0       
0.0       
0.0       
0.0       
0.0       
0.0       
0.0       
0.0       
0.0       
0.0       
0.0       
0.0       
0.0       
