1.2031595706939697
1.1937587261199951
1.1938515901565552
0.6806815266609192
0.5023611783981323
1.042851209640503
0.9109207391738892
1.132495403289795
0.9459169507026672
0.4751937985420227
1.1853623390197754
0.9570914506912231
0.4917641878128052
0.4677010476589203
0.3935282528400421
1.0956404209136963
1.0168609619140625
1.2247809171676636
0.8541500568389893
0.7180302739143372
1.1959952116012573
0.9329326152801514
0.755511999130249
0.9378712773323059
0.8597080707550049
1.063757061958313
0.8227109313011169
1.010367512702942
0.876898467540741
0.5404577851295471
1.278830885887146
0.9419810771942139
0.7664973735809326
0.4646929204463959
0.9435548782348633
0.9988111853599548
1.2614436149597168
0.841826856136322
0.9427227973937988
0.6009182333946228
0.9017205834388733
1.0973806381225586
0.6056699752807617
0.8941717743873596
0.4602241814136505
1.2689900398254395
1.2847224473953247
1.1016672849655151
0.6239044070243835
0.9525043368339539
1.239762783050537
1.2716283798217773
0.9931744933128357
0.553752601146698
0.8351047039031982
0.9926806688308716
1.1478419303894043
1.2602272033691406
0.38636288046836853
0.3113749921321869
1.1991323232650757
1.2032734155654907
0.9368188381195068
0.5810631513595581
1.2548377513885498
0.9925941228866577
1.1971293687820435
1.131479024887085
1.2625542879104614
0.8515970706939697
1.2646795511245728
0.8333895206451416
0.5971558094024658
0.5816729068756104
0.48864883184432983
1.2753071784973145
0.9455243945121765
0.747782826423645
0.947295069694519
0.40611401200294495
0.9539828300476074
0.8224582076072693
0.8039481043815613
0.5664665699005127
0.9197287559509277
1.2315114736557007
1.188384771347046
0.9563478231430054
0.5428639054298401
0.5831536054611206
1.0401571989059448
1.2295620441436768
0.7492427229881287
0.686752200126648
1.0083545446395874
1.245737075805664
1.0634609460830688
0.8399981260299683
0.8951659798622131
0.9968902468681335
1.0437430143356323
0.8215785026550293
1.1565945148468018
0.6571307182312012
0.5600780248641968
1.117668628692627
0.9753972291946411
0.9335789084434509
0.6063018441200256
0.41968077421188354
0.9514698386192322
1.1669803857803345
0.9829131960868835
0.5227455496788025
0.7001681327819824
1.2781031131744385
1.2327830791473389
0.9930370450019836
0.513558030128479
1.2626497745513916
1.0894585847854614
1.0822783708572388
0.8505436182022095
1.0299153327941895
0.4320923984050751
1.177626371383667
1.0324968099594116
0.4850273132324219
0.4462239444255829
0.44086551666259766
1.2800545692443848
1.2732926607131958
0.770361065864563
0.4939526915550232
0.5965341925621033
1.1580003499984741
0.8457915782928467
0.568212628364563
0.43867215514183044
0.6402907371520996
1.1388856172561646
1.0668977499008179
0.592683732509613
1.010313630104065
0.5793145895004272
0.0       
0.0       
0.0       
0.0       
0.0       
0.0       
0.0       
0.0       
0.0       
0.0       
0.0       
0.0       
0.0       
0.0       
0.0       
0.0       
0.0       
0.0       
0.0       
0.0       
0.0       
0.0       
0.0       
0.0       
0.0       
0.0       
0.0       
0.0       
0.0       
0.8605631589889526
0.7798224091529846
0.9585386514663696
0.4002744257450104
1.2092307806015015
1.0636566877365112
0.7376574873924255
0.6422548890113831
0.5147573947906494
1.2563996315002441
1.2580841779708862
0.6169359683990479
0.5846696496009827
0.7798816561698914
0.8970426917076111
1.0914448499679565
1.2545669078826904
0.6675941348075867
1.0417481660842896
0.8446361422538757
0.8376085758209229
0.982161283493042
0.5474647283554077
1.2717238664627075
1.0916529893875122
0.9522067904472351
0.7627356052398682
0.592658519744873
0.6902544498443604
0.9667489528656006
1.038037896156311
0.5099115371704102
0.7802109718322754
0.8157230019569397
0.6477603912353516
1.0381072759628296
1.09378981590271
0.9825378656387329
0.8319752812385559
1.1648188829421997
1.1477136611938477
0.9449283480644226
0.7813805937767029
0.628750205039978
0.5192903280258179
0.5355116128921509
0.9358760118484497
1.0519952774047852
0.8192868828773499
0.8161430358886719
0.5749558210372925
1.1752980947494507
0.9688488245010376
1.0990394353866577
0.8886976838111877
0.8137859106063843
0.9489446878433228
1.1675714254379272
0.941899836063385
0.5707404613494873
0.7886510491371155
0.7865172624588013
0.46117228269577026
0.7821669578552246
0.7512357234954834
1.031663179397583
0.5053386688232422
1.101813554763794
1.2387778759002686
1.2169307470321655
0.3333253860473633
0.9025964140892029
1.1439546346664429
0.8387187719345093
0.8195416927337646
0.8329330682754517
0.9308840036392212
1.1310408115386963
0.7884280681610107
0.8863462209701538
1.0018402338027954
0.5891047120094299
1.1366182565689087
0.6114926934242249
0.8753400444984436
0.7741853594779968
0.6666041016578674
1.154591679573059
0.7025320529937744
0.3579084277153015
0.9420919418334961
0.5055405497550964
0.8674048781394958
0.5210915803909302
0.45354247093200684
0.6789265275001526
1.004248023033142
0.7206853032112122
1.0331498384475708
1.0553227663040161
0.7372098565101624
0.7473912835121155
0.9277485013008118
1.2607595920562744
1.1702009439468384
0.6717579364776611
1.147284984588623
0.49182018637657166
0.8184677362442017
0.9527972936630249
0.5168642997741699
0.7729029655456543
0.9526968598365784
0.9702130556106567
1.0160547494888306
1.2589952945709229
1.20847749710083
1.1284329891204834
0.8218890428543091
1.2026704549789429
1.2008517980575562
0.8430435061454773
1.1462613344192505
1.1293458938598633
1.0811437368392944
0.7148150205612183
0.9837112426757812
1.0426740646362305
0.8055582642555237
0.9035246968269348
1.0525394678115845
1.179202675819397
0.5465698838233948
0.9999788999557495
0.9467461109161377
0.6226679682731628
0.47868314385414124
1.1931700706481934
1.1602712869644165
0.8250525593757629
0.9577881693840027
0.6638602018356323
0.6960537433624268
1.1838926076889038
0.5972971320152283
0.0       
0.0       
0.0       
0.0       
0.0       
0.0       
0.0       
0.0       
0.0       
0.0       
0.0       
0.0       
0.0       
0.0       
0.0       
0.0       
0.0       
0.0       
0.0       
0.0       
0.0       
0.0       
0.0       
0.0       
0.0       
0.0       
0.0       
0.0       
0.0       
0.0       
0.6730592250823975
0.753633439540863
1.0769556760787964
1.1456198692321777
1.098253846168518
1.015025019645691
0.8999342322349548
0.0       
0.9468792676925659
0.0       
0.8466094732284546
0.9508349299430847
0.9272592663764954
0.561471700668335
0.0       
0.9952982664108276
0.751554012298584
0.4440992772579193
0.0       
0.8009445667266846
0.0       
0.8478495478630066
0.0       
0.0       
0.5008922219276428
0.9455446600914001
1.1446443796157837
1.0897512435913086
1.1524662971496582
0.7523989081382751
1.0959234237670898
0.9836636781692505
0.54491126537323
0.0       
0.0       
0.8476365208625793
1.1109662055969238
0.7809230089187622
1.0784199237823486
0.9093242287635803
0.9445189237594604
1.0898191928863525
1.099353313446045
1.1650059223175049
1.1607728004455566
0.9489513635635376
1.1654947996139526
0.6223925352096558
0.0       
0.7346460223197937
0.9629806876182556
0.9652410745620728
0.0       
0.8944681286811829
0.8446282744407654
0.0       
0.33705586194992065
0.4053815007209778
1.1159182786941528
0.6623068451881409
0.42893320322036743
0.8593015074729919
0.0       
1.1800339221954346
0.0       
0.0       
0.7239340543746948
0.41728705167770386
0.0       
1.0824426412582397
0.0       
0.0       
0.9768955111503601
0.4900948405265808
0.0       
0.42728298902511597
0.7926751375198364
1.1283535957336426
0.720231294631958
0.8770627975463867
0.4629683494567871
0.9038740396499634
0.0       
0.6317709684371948
1.142853856086731
0.0       
1.0867021083831787
0.0       
0.4909752905368805
0.9531550407409668
0.8338621258735657
0.0       
0.8601756691932678
0.0       
0.7865206003189087
0.0       
0.8533011674880981
0.9201623201370239
0.0       
0.4907553493976593
0.40408968925476074
0.4033443033695221
0.9636726379394531
0.31221938133239746
0.9563998579978943
1.180069088935852
0.8968128561973572
0.8473532795906067
0.0       
0.6513115167617798
0.0       
0.5579279065132141
0.42407774925231934
1.128900408744812
0.9493328928947449
0.0       
0.0       
0.0       
0.9601570963859558
1.245506763458252
1.0227162837982178
0.0       
0.9992772936820984
0.7581068277359009
0.5681465864181519
1.1422361135482788
0.0       
0.6848607659339905
0.9674116969108582
0.0       
0.7992501258850098
0.9797473549842834
0.0       
1.19943368434906
0.8802515268325806
1.0842258930206299
1.0628974437713623
0.0       
0.0       
0.487552672624588
0.9941468834877014
0.976513147354126
1.1065820455551147
0.0       
0.9982689619064331
0.0       
0.5334801077842712
0.875328004360199
0.5998393893241882
0.0       
1.1229511499404907
0.0       
1.1792776584625244
1.2181291580200195
1.145681381225586
0.0       
1.103851079940796
0.0       
1.1563836336135864
0.0       
0.6555060744285583
1.0355106592178345
0.8172515034675598
0.7894611358642578
0.0       
0.9681729078292847
1.0733519792556763
1.1510850191116333
0.9503651857376099
0.8131617903709412
1.2056267261505127
0.6516546010971069
0.5391627550125122
1.1846134662628174
0.8473562002182007
1.2231389284133911
1.0277131795883179
1.1960984468460083
0.0       
1.2206281423568726
0.972341775894165
0.48852646350860596
0.0       
0.6599939465522766
0.0       
0.8351027965545654
0.0       
0.0       
0.0       
1.206380844116211
0.8333868980407715
1.1423814296722412
1.181321382522583
0.6150488257408142
1.0262479782104492
0.915578305721283
0.5444768071174622
0.5602909326553345
1.1655844449996948
1.2348664999008179
1.1871392726898193
0.822766125202179
0.0       
0.6089150309562683
0.0       
0.0       
1.012941598892212
0.0       
0.7758871912956238
0.5420408248901367
0.4929627776145935
1.1600311994552612
0.6591340899467468
1.1525050401687622
0.6875712871551514
0.7464175820350647
1.1939818859100342
1.1047654151916504
1.0866565704345703
1.0948776006698608
0.7767088413238525
0.0       
0.0       
1.2399137020111084
1.0845576524734497
1.17327082157135
0.998903751373291
0.8569921851158142
0.0       
1.1608662605285645
0.0       
0.0       
0.0       
0.6783223748207092
0.9635576009750366
0.0       
1.048497200012207
0.0       
0.4195455014705658
0.4281148314476013
0.859966516494751
1.0067137479782104
0.36187422275543213
0.9865485429763794
0.0       
0.0       
0.9767361283302307
0.0       
1.1007949113845825
0.5713337659835815
0.7688599824905396
0.0       
0.8521151542663574
0.0       
1.1223880052566528
0.4147673547267914
0.0       
0.8453195691108704
1.014025092124939
0.0       
1.0658835172653198
1.1011675596237183
1.0614352226257324
0.6384984850883484
0.9439530372619629
0.49871447682380676
1.0399514436721802
0.0       
0.9443435668945312
0.9505830407142639
0.9383044242858887
1.1336095333099365
0.9505326151847839
0.0       
0.9154170155525208
1.042795181274414
0.8185549378395081
0.0       
0.5877559185028076
0.0       
0.8113383650779724
0.8599019050598145
0.4344955086708069
0.45510417222976685
0.9172044396400452
0.9891523718833923
0.501538872718811
1.1011675596237183
0.82090163230896
0.47000521421432495
1.025858998298645
0.0       
0.7115386128425598
0.0       
1.0106533765792847
0.4497441053390503
0.7364058494567871
0.49997007846832275
0.9943225979804993
0.48404303193092346
1.0053410530090332
0.0       
1.0449270009994507
1.1336095333099365
1.1796348094940186
1.0970072746276855
0.9680185914039612
0.0       
0.7768086791038513
0.9443435668945312
1.06516695022583
0.9846969842910767
0.0       
0.0       
0.877851665019989
0.9443435668945312
1.1007949113845825
1.085781216621399
1.1255730390548706
0.5776448249816895
0.0       
0.3482787609100342
0.441291868686676
0.6894086003303528
0.9981182813644409
1.1321460008621216
0.5600759983062744
0.7359291911125183
0.8781790137290955
1.0970072746276855
0.7976816296577454
0.41267359256744385
0.7747066617012024
1.0111511945724487
0.0       
0.7390027642250061
0.8799723982810974
0.0       
0.0       
0.0       
0.0       
0.42671313881874084
0.6203896999359131
0.0       
0.7071454524993896
0.5484373569488525
0.9103720188140869
0.0       
0.0       
1.2016544342041016
0.0       
1.202848196029663
1.217637062072754
0.9706581830978394
1.147092580795288
0.5869911909103394
1.214657187461853
0.6079258918762207
0.0       
1.0753505229949951
0.6306086778640747
0.0       
0.6700101494789124
1.2348250150680542
0.0       
0.0       
0.5937164425849915
0.0       
0.5368388295173645
0.48156002163887024
1.2280322313308716
0.5836746096611023
1.2161107063293457
1.2243757247924805
1.0866445302963257
0.6779745221138
0.4902969002723694
1.0052781105041504
0.0       
1.2309188842773438
0.0       
1.0490264892578125
0.5401208400726318
0.0       
1.202848196029663
1.2161107063293457
1.2111097574234009
1.1615811586380005
0.7228536009788513
1.2258434295654297
0.9565056562423706
1.21700918674469
1.1500487327575684
0.53165602684021
0.0       
1.1753747463226318
0.6099340915679932
0.0       
0.0       
0.8204416632652283
1.1225481033325195
1.2110573053359985
1.1950654983520508
0.6805182695388794
0.0       
1.217637062072754
1.1393225193023682
0.0       
1.1962088346481323
1.2133160829544067
0.8349725604057312
1.1898165941238403
1.1898165941238403
1.183007001876831
0.0       
0.0       
0.0       
1.1779849529266357
0.0       
0.9006855487823486
1.2196502685546875
1.211611032485962
1.21700918674469
0.6334115266799927
1.2068065404891968
1.1062484979629517
1.1790155172348022
0.0       
0.7341601252555847
1.1706582307815552
1.1626452207565308
0.48783043026924133
1.1142182350158691
0.0       
1.1753747463226318
1.2194175720214844
0.0       
0.0       
1.2083487510681152
0.58909010887146
1.2206858396530151
0.6792916655540466
1.1985445022583008
1.2211856842041016
0.0       
1.218293309211731
1.2211856842041016
0.0       
1.2280322313308716
0.0       
0.8135550022125244
0.6066533923149109
0.0       
0.5839514136314392
1.0542536973953247
1.2133160829544067
0.5830034017562866
1.1984682083129883
1.211611032485962
0.711318850517273
1.11037015914917
0.8114719986915588
1.2791646718978882
0.6140055656433105
0.8158408403396606
1.1707923412322998
0.6259005069732666
1.102789282798767
0.7812612652778625
0.5751509666442871
1.0362447500228882
0.6857955455780029
0.5580170750617981
1.2450828552246094
0.8593103289604187
1.082709789276123
0.8555869460105896
0.508319616317749
1.279332160949707
1.0990668535232544
0.712995707988739
1.2788193225860596
1.2643345594406128
1.0821057558059692
1.0668096542358398
0.9818597435951233
1.0699981451034546
1.1808936595916748
0.760556697845459
0.7734960317611694
1.142380952835083
1.2762911319732666
1.2592395544052124
0.8111009001731873
1.1438641548156738
0.8341230154037476
1.1342140436172485
1.1803491115570068
0.9526472687721252
1.2791938781738281
1.2629340887069702
0.5799543261528015
1.2239809036254883
0.6933991312980652
0.8079028129577637
1.2763545513153076
0.7376781702041626
1.1633100509643555
1.2061840295791626
1.161389708518982
1.2678779363632202
1.2397023439407349
0.5402764081954956
0.862453281879425
0.8395496606826782
1.279929757118225
1.2752655744552612
0.5218961834907532
1.2755458354949951
1.2018587589263916
1.1202645301818848
0.8438055515289307
0.5249748229980469
1.1574749946594238
1.270506739616394
0.9716950058937073
0.8967020511627197
1.1213533878326416
0.8203547596931458
1.1137111186981201
0.8973625302314758
1.1882164478302002
1.0489712953567505
0.42368483543395996
0.6129559874534607
1.2656421661376953
0.512226939201355
1.081892490386963
1.263560175895691
0.581588864326477
0.6202142238616943
1.1823821067810059
0.7757341265678406
0.5136011242866516
1.089066982269287
1.277983546257019
0.830285370349884
1.1136515140533447
0.8503602147102356
1.1740608215332031
1.161661148071289
1.1740458011627197
1.2778986692428589
0.5886117815971375
1.1440324783325195
1.142780065536499
0.4838862419128418
0.4747632145881653
0.8323175311088562
0.5011307597160339
0.9238415956497192
0.590916097164154
1.2732954025268555
1.2571897506713867
1.1740903854370117
0.7570565938949585
1.1054646968841553
1.0870192050933838
0.9950776696205139
0.8539941310882568
1.1383997201919556
1.2621097564697266
0.8108888864517212
1.119742751121521
1.1610982418060303
0.7782763838768005
0.8029749989509583
1.1296956539154053
1.1601886749267578
1.18832266330719
1.1420224905014038
1.1671479940414429
1.107352375984192
0.6035900712013245
1.1250121593475342
0.49730271100997925
1.1387834548950195
1.1491386890411377
1.1642045974731445
1.216294527053833
0.7552400827407837
0.5113174915313721
1.1958595514297485
1.1488875150680542
1.2670905590057373
1.2727835178375244
0.6182791590690613
1.0764920711517334
1.132290005683899
1.137067198753357
0.644266664981842
1.1556755304336548
1.125478744506836
1.2655997276306152
0.0       
0.0       
0.0       
0.0       
0.0       
0.0       
0.0       
0.0       
0.0       
0.0       
0.0       
0.0       
0.0       
0.0       
0.0       
0.0       
0.0       
0.0       
0.0       
0.0       
0.0       
0.0       
0.0       
0.0       
0.0       
0.0       
0.0       
0.0       
0.0       
