0.21848160028457642
0.21813896298408508
0.21559342741966248
0.00788482092320919
0.0019702843856066465
0.052018702030181885
0.014813384972512722
0.08954499661922455
0.03366972133517265
0.0010176717769354582
0.14448454976081848
0.033295247703790665
0.0012148478999733925
0.001096448628231883
0.0003431303193792701
0.1432018280029297
0.08499535173177719
0.379037082195282
0.029919086024165154
0.011134076863527298
0.20645731687545776
0.026609055697917938
0.009583747014403343
0.042820077389478683
0.007128661032766104
0.06969863921403885
0.01130283810198307
0.03629915043711662
0.0164085291326046
0.0021279752254486084
0.5331343412399292
0.0483829490840435
0.015203661285340786
0.0015031563816592097
0.05172804743051529
0.05247127637267113
0.3264637589454651
0.015718335285782814
0.029386555776000023
0.0034846989437937737
0.026453599333763123
0.09137790650129318
0.0039526429027318954
0.02335561066865921
0.0007941109943203628
0.3414064049720764
0.3749377727508545
0.09897376596927643
0.004708462860435247
0.032845210283994675
0.32053160667419434
0.40226566791534424
0.043852902948856354
0.0027948617935180664
0.017189763486385345
0.0303140040487051
0.10657642781734467
0.3280699849128723
0.0004065184621140361
0.00014504921273328364
0.17444312572479248
0.18291674554347992
0.025510473176836967
0.002683060709387064
0.2580034136772156
0.09381285309791565
0.33883512020111084
0.17948202788829803
0.5151898860931396
0.020591454580426216
0.27050232887268066
0.01340640988200903
0.002995203947648406
0.002964866114780307
0.0011261042673140764
0.3796463906764984
0.028684444725513458
0.008532322011888027
0.03029678389430046
0.0005859176744706929
0.03482490032911301
0.009897579438984394
0.009379735216498375
0.0021058914717286825
0.02881549298763275
0.21067091822624207
0.1416386067867279
0.032100312411785126
0.00181943504139781
0.0016077912878245115
0.07414226979017258
0.23088276386260986
0.00860667321830988
0.007683932315558195
0.0626852810382843
0.20906387269496918
0.0698959231376648
0.013014830648899078
0.02468334697186947
0.04851449280977249
0.08614996075630188
0.022751234471797943
0.18923255801200867
0.005396310240030289
0.003312390297651291
0.10551180690526962
0.047154441475868225
0.0345548614859581
0.0035635451786220074
0.00040764451841823757
0.03630710765719414
0.1446249783039093
0.04629120975732803
0.002361525781452656
0.0059157442301511765
0.4296984374523163
0.30656248331069946
0.06836314499378204
0.0017512486083433032
0.3882863521575928
0.09966318309307098
0.11515119671821594
0.023685716092586517
0.04576651006937027
0.0006080393213778734
0.16432838141918182
0.034907400608062744
0.001392651116475463
0.0004854750295635313
0.0005965303862467408
0.4496985375881195
0.40361130237579346
0.009763022884726524
0.001287658466026187
0.0051210904493927956
0.16095392405986786
0.02829153463244438
0.0032939508091658354
0.001126334653235972
0.00886058434844017
0.11184749007225037
0.046718530356884
0.0026228828355669975
0.03142373636364937
0.002725033089518547
0.0       
0.0       
0.0       
0.0       
0.0       
0.0       
0.0       
0.0       
0.0       
0.0       
0.0       
0.0       
0.0       
0.0       
0.0       
0.0       
0.0       
0.0       
0.0       
0.0       
0.0       
0.0       
0.0       
0.0       
0.0       
0.0       
0.0       
0.0       
0.0       
0.019160617142915726
0.022045886144042015
0.05379524827003479
0.0009748353622853756
0.18654385209083557
0.10435958951711655
0.023592323064804077
0.009764498099684715
0.002683322411030531
0.24859778583049774
0.31760725378990173
0.005307232495397329
0.005826658569276333
0.02102779410779476
0.038072071969509125
0.13598844408988953
0.31359946727752686
0.00812716968357563
0.0829252153635025
0.03308901935815811
0.03703804314136505
0.05925706773996353
0.0036432421766221523
0.2950918972492218
0.14143919944763184
0.057625170797109604
0.01770186237990856
0.003880125004798174
0.00979895144701004
0.05684816837310791
0.06408284604549408
0.0031788614578545094
0.022866517305374146
0.02194449119269848
0.006754299625754356
0.06617367267608643
0.1138743907213211
0.06814217567443848
0.02278062514960766
0.21392695605754852
0.22059737145900726
0.039104435592889786
0.016769368201494217
0.009144158102571964
0.0054085757583379745
0.0029857426416128874
0.05319252610206604
0.07766986638307571
0.01722608134150505
0.01998310536146164
0.006939550396054983
0.20752106606960297
0.058319177478551865
0.08203648030757904
0.03654484823346138
0.01996893808245659
0.04054165259003639
0.14936889708042145
0.05200658738613129
0.005452197976410389
0.01613643579185009
0.031113583594560623
0.002336211269721389
0.017277253791689873
0.017167335376143456
0.09029068797826767
0.003299003466963768
0.10019730031490326
0.20525458455085754
0.17757588624954224
0.0003717137733474374
0.0341111421585083
0.23572461307048798
0.021893952041864395
0.02393851988017559
0.024385545402765274
0.030277444049715996
0.16802963614463806
0.019026031717658043
0.04248296841979027
0.06376125663518906
0.004606063477694988
0.15968358516693115
0.005262521095573902
0.03446000814437866
0.019447805359959602
0.010273524560034275
0.10349604487419128
0.010507477447390556
0.0007357701542787254
0.05426326021552086
0.002495709341019392
0.044034671038389206
0.0018949875375255942
0.0019271327182650566
0.008212929591536522
0.06698792427778244
0.009029504843056202
0.06941244006156921
0.09998073428869247
0.014199243858456612
0.015987254679203033
0.04508570581674576
0.36109039187431335
0.12928996980190277
0.00871177576482296
0.16284005343914032
0.00328548694960773
0.02626197785139084
0.04747006297111511
0.0030952170491218567
0.02037767879664898
0.04074780270457268
0.05168604105710983
0.04584904760122299
0.3100115656852722
0.13668307662010193
0.1290765404701233
0.020639490336179733
0.1594220995903015
0.1834578514099121
0.020098505541682243
0.14926569163799286
0.12242748588323593
0.08692604303359985
0.010907905176281929
0.057754866778850555
0.12108910083770752
0.024613898247480392
0.03221828490495682
0.06136303395032883
0.14196479320526123
0.003446670714765787
0.1017916202545166
0.05442783981561661
0.006265260279178619
0.002801134716719389
0.16427920758724213
0.1397046446800232
0.02223774790763855
0.053299710154533386
0.011068940162658691
0.012345279566943645
0.16702502965927124
0.005262178368866444
0.0       
0.0       
0.0       
0.0       
0.0       
0.0       
0.0       
0.0       
0.0       
0.0       
0.0       
0.0       
0.0       
0.0       
0.0       
0.0       
0.0       
0.0       
0.0       
0.0       
0.0       
0.0       
0.0       
0.0       
0.0       
0.0       
0.0       
0.0       
0.0       
0.0       
0.005926590412855148
0.012782471254467964
0.12538239359855652
0.1355629563331604
0.14493238925933838
0.04559009522199631
0.02354256808757782
0.0       
0.033238157629966736
0.0       
0.016300998628139496
0.05029335245490074
0.034139908850193024
0.00326204183511436
0.0       
0.045629315078258514
0.010484015569090843
0.0004696002579294145
0.0       
0.0150342658162117
0.0       
0.017160743474960327
0.0       
0.0       
0.0009267103159800172
0.033363647758960724
0.155836284160614
0.1221623569726944
0.17031799256801605
0.006920688785612583
0.10998138040304184
0.06090757995843887
0.002223230665549636
0.0       
0.0       
0.012515954673290253
0.08607187122106552
0.010310548357665539
0.08871433138847351
0.029983675107359886
0.033874183893203735
0.07138355821371078
0.09654442965984344
0.15746937692165375
0.159144788980484
0.03435539826750755
0.16568800806999207
0.0026062140241265297
0.0       
0.0077252378687262535
0.03507307171821594
0.044809263199567795
0.0       
0.01896287500858307
0.025197848677635193
0.0       
0.00016749708447605371
0.00024342027609236538
0.11855757236480713
0.006082023959606886
0.0002872012264560908
0.01948137953877449
0.0       
0.23854497075080872
0.0       
0.0       
0.005897982977330685
0.00029330470715649426
0.0       
0.07894254475831985
0.0       
0.0       
0.032742924988269806
0.0008273827843368053
0.0       
0.0007277206750586629
0.017892856150865555
0.15483997762203217
0.006522422656416893
0.028379052877426147
0.0009015107061713934
0.02054477483034134
0.0       
0.004246009513735771
0.1329536736011505
0.0       
0.06974022090435028
0.0       
0.0008775619789958
0.03281409665942192
0.015550351701676846
0.0       
0.019581090658903122
0.0       
0.011895572766661644
0.0       
0.024500301107764244
0.02933862805366516
0.0       
0.0011215482372790575
0.00033953855745494366
0.00025324709713459015
0.03625721111893654
0.00014371055294759572
0.03346976637840271
0.20868825912475586
0.029454058036208153
0.01652638055384159
0.0       
0.004287561867386103
0.0       
0.002046857960522175
0.0003324790159240365
0.16728603839874268
0.03148283809423447
0.0       
0.0       
0.0       
0.026736315339803696
0.2831055819988251
0.04709529131650925
0.0       
0.06425678730010986
0.012135385535657406
0.0032563647255301476
0.11684657633304596
0.0       
0.007994304411113262
0.034850671887397766
0.0       
0.014956491068005562
0.060435812920331955
0.0       
0.21465614438056946
0.019205603748559952
0.07285156846046448
0.06204648315906525
0.0       
0.0       
0.00065530592110008
0.0553630106151104
0.040901705622673035
0.0893562063574791
0.0       
0.06220147758722305
0.0       
0.0019162342650815845
0.020523974671959877
0.0029875431209802628
0.0       
0.10210828483104706
0.0       
0.14165917038917542
0.20555227994918823
0.18242716789245605
0.0       
0.08960752189159393
0.0       
0.16475504636764526
0.0       
0.004254230298101902
0.0735977292060852
0.011773276142776012
0.019743289798498154
0.0       
0.041844889521598816
0.09180863201618195
0.1119115948677063
0.05650723725557327
0.016114825382828712
0.1958017796278
0.004854276310652494
0.001529096974991262
0.16243672370910645
0.015915364027023315
0.27057838439941406
0.07353660464286804
0.1589767038822174
0.0       
0.300728976726532
0.04766052961349487
0.0007809399394318461
0.0       
0.0033689902629703283
0.0       
0.015426030382514
0.0       
0.0       
0.0       
0.18001334369182587
0.016073791310191154
0.100797638297081
0.18100182712078094
0.0030127621721476316
0.06632983684539795
0.02820778451859951
0.001288935774937272
0.002817484550178051
0.15985733270645142
0.27526676654815674
0.1443634033203125
0.01801109127700329
0.0       
0.004884161986410618
0.0       
0.0       
0.06930451095104218
0.0       
0.0126109067350626
0.0011885289568454027
0.0010284059680998325
0.10916797816753387
0.004011170472949743
0.1478077918291092
0.006727985572069883
0.0076613775454461575
0.19784903526306152
0.07113464921712875
0.08782011270523071
0.07986080646514893
0.015374831855297089
0.0       
0.0       
0.3860805034637451
0.07707326114177704
0.13105738162994385
0.03719303756952286
0.01344392355531454
0.0       
0.1302069127559662
0.0       
0.0       
0.0       
0.003048929385840893
0.04174792021512985
0.0       
0.04195014387369156
0.0       
0.00042331323493272066
0.0008902209810912609
0.01390423160046339
0.03248624503612518
0.00028275855584070086
0.043926309794187546
0.0       
0.0       
0.030166996642947197
0.0       
0.07576771080493927
0.0014989420305937529
0.007826162502169609
0.0       
0.019305206835269928
0.0       
0.1354687213897705
0.0002923216961789876
0.0       
0.014554722234606743
0.03220028057694435
0.0       
0.08215038478374481
0.10338935256004333
0.05042029544711113
0.0024304729886353016
0.046867337077856064
0.0011521781561896205
0.09318585693836212
0.0       
0.03428567945957184
0.022124189883470535
0.03265710175037384
0.12723182141780853
0.024177229031920433
0.0       
0.02875129133462906
0.04951216280460358
0.012590109370648861
0.0       
0.003508902620524168
0.0       
0.01795458421111107
0.016955239698290825
0.0004960132064297795
0.0009016925469040871
0.028718095272779465
0.04741329699754715
0.0020304059144109488
0.10338935256004333
0.008846675977110863
0.000651518814265728
0.051793672144412994
0.0       
0.004606523085385561
0.0       
0.026801012456417084
0.0005440788227133453
0.006386352237313986
0.0011394611792638898
0.04527256637811661
0.0013932958245277405
0.03842470794916153
0.0       
0.07380713522434235
0.12723182141780853
0.16305896639823914
0.10262048244476318
0.04634644836187363
0.0       
0.0068374499678611755
0.03428567945957184
0.05507492274045944
0.02737468108534813
0.0       
0.0       
0.01705247163772583
0.03428567945957184
0.07576771080493927
0.0566132590174675
0.08691650629043579
0.003527308814227581
0.0       
0.00031864491757005453
0.0004816706059500575
0.0034194421023130417
0.025944365188479424
0.09218313544988632
0.0024454386439174414
0.006256766151636839
0.017531832680106163
0.10262048244476318
0.007549972273409367
0.00040983277722261846
0.00891492422670126
0.03251216933131218
0.0       
0.010808940976858139
0.012424676679074764
0.0       
0.0       
0.0       
0.0       
0.0006673165480606258
0.005179946776479483
0.0       
0.010659955441951752
0.0017918277299031615
0.01818092167377472
0.0       
0.0       
0.1618732213973999
0.0       
0.16984884440898895
0.20840351283550262
0.045219600200653076
0.13336804509162903
0.00201624957844615
0.18306627869606018
0.002545464551076293
0.0       
0.06871297955513
0.003640655428171158
0.0       
0.004173700697720051
0.24374805390834808
0.0       
0.0       
0.002114355331286788
0.0       
0.0010709979105740786
0.0006784212309867144
0.20237040519714355
0.0035606471356004477
0.20027831196784973
0.22480618953704834
0.06668981164693832
0.005726653151214123
0.0010016749147325754
0.037972450256347656
0.0       
0.2318919152021408
0.0       
0.031021971255540848
0.002507585333660245
0.0       
0.16984884440898895
0.20027831196784973
0.1752942055463791
0.17948178946971893
0.008910240605473518
0.1654723584651947
0.024903085082769394
0.20832177996635437
0.11834520101547241
0.0013508646516129375
0.0       
0.196355938911438
0.0042685591615736485
0.0       
0.0       
0.01161233615130186
0.07230126112699509
0.2521975636482239
0.14926500618457794
0.007142615504562855
0.0       
0.20840351283550262
0.0933963879942894
0.0       
0.2540573179721832
0.2312946915626526
0.012788180261850357
0.23728713393211365
0.23728713393211365
0.22540128231048584
0.0       
0.0       
0.0       
0.18606393039226532
0.0       
0.010389765724539757
0.21581122279167175
0.2101399004459381
0.20832177996635437
0.004672819748520851
0.2266373485326767
0.09283579885959625
0.14636270701885223
0.0       
0.011106502264738083
0.19859912991523743
0.16376696527004242
0.0006551488186232746
0.0698447972536087
0.0       
0.196355938911438
0.17108997702598572
0.0       
0.0       
0.22766928374767303
0.0020748889073729515
0.20054858922958374
0.007065969984978437
0.1830979585647583
0.1889728605747223
0.0       
0.21593758463859558
0.1889728605747223
0.0       
0.20237040519714355
0.0       
0.016886036843061447
0.004612996242940426
0.0       
0.002700196346268058
0.05955228954553604
0.2312946915626526
0.0019364524632692337
0.15863831341266632
0.2101399004459381
0.004965784959495068
0.06356531381607056
0.009398745372891426
0.5771881341934204
0.0016379544977098703
0.005464376416057348
0.11897088587284088
0.003019399708136916
0.09085836261510849
0.006185147911310196
0.001669071614742279
0.03802995756268501
0.0013904613442718983
0.001591212349012494
0.4077106714248657
0.01621423289179802
0.06142490357160568
0.005845994688570499
0.0014552862849086523
0.4720573425292969
0.050304826349020004
0.004856444895267487
0.46932798624038696
0.3889737129211426
0.05732884630560875
0.05641815811395645
0.03689581900835037
0.052971940487623215
0.21502628922462463
0.00800730288028717
0.008677192032337189
0.08140218257904053
0.3580767810344696
0.36425620317459106
0.00973874144256115
0.13459926843643188
0.008819558657705784
0.08650773018598557
0.14744295179843903
0.023439256474375725
0.45136260986328125
0.2684634029865265
0.0013920374913141131
0.226639062166214
0.005102707073092461
0.010561514645814896
0.5452026128768921
0.007988881319761276
0.13243703544139862
0.2813418507575989
0.1743277609348297
0.3063022494316101
0.28376784920692444
0.0012897123815491796
0.01248792465776205
0.009093254804611206
0.3903540372848511
0.3793312907218933
0.0009744250564835966
0.37043482065200806
0.2732175588607788
0.07809583842754364
0.013417529873549938
0.0007761199376545846
0.14451207220554352
0.33342301845550537
0.030963819473981857
0.023426063358783722
0.0869954451918602
0.009670020081102848
0.10333815217018127
0.019711557775735855
0.16209569573402405
0.047698237001895905
0.0004472928121685982
0.001849501277320087
0.3709774911403656
0.000907264300622046
0.052498362958431244
0.3553619086742401
0.0009139707544818521
0.002572250785306096
0.13238799571990967
0.005486654117703438
0.0009087619255296886
0.0618344247341156
0.5460078716278076
0.009449152275919914
0.06999564915895462
0.01354996394366026
0.11805941164493561
0.14265082776546478
0.14773981273174286
0.3917020559310913
0.0032745590433478355
0.0907486230134964
0.15873488783836365
0.0008067055023275316
0.0004915670142509043
0.010202005505561829
0.0012130829272791743
0.026673022657632828
0.002469151047989726
0.37256401777267456
0.3279076814651489
0.12159474939107895
0.00803697481751442
0.06055712699890137
0.05831339582800865
0.029001494869589806
0.013233407400548458
0.11522285640239716
0.3394000232219696
0.008121922612190247
0.07852493226528168
0.13098013401031494
0.004339788109064102
0.005899276118725538
0.0850914865732193
0.08617708086967468
0.1951773762702942
0.10914769023656845
0.11311784386634827
0.08550497889518738
0.0011820164509117603
0.08023351430892944
0.0008425087435171008
0.08930249512195587
0.10501804202795029
0.18481028079986572
0.18333189189434052
0.004724110476672649
0.0011186872143298388
0.15607906877994537
0.14359170198440552
0.38246601819992065
0.3306705355644226
0.0024495390243828297
0.05292552337050438
0.09384917467832565
0.08340593427419662
0.0031714527867734432
0.11023224890232086
0.08097921311855316
0.32284122705459595
0.0       
0.0       
0.0       
0.0       
0.0       
0.0       
0.0       
0.0       
0.0       
0.0       
0.0       
0.0       
0.0       
0.0       
0.0       
0.0       
0.0       
0.0       
0.0       
0.0       
0.0       
0.0       
0.0       
0.0       
0.0       
0.0       
0.0       
0.0       
0.0       
