1.2019872665405273
1.200490951538086
1.1989741325378418
0.720072329044342
0.4585452973842621
0.9410196542739868
0.7773100733757019
1.046350121498108
0.8437355160713196
0.3815838098526001
1.1795405149459839
0.9246473908424377
0.4584920406341553
0.4374588131904602
0.3330412805080414
1.0981876850128174
1.0242750644683838
1.2356512546539307
0.8359628319740295
0.739543080329895
1.1877049207687378
0.9031230807304382
0.7550302147865295
0.9319102764129639
0.6780771613121033
0.9689843654632568
0.7401745319366455
0.8874107003211975
0.7395368218421936
0.47322824597358704
1.2980860471725464
0.9574125409126282
0.7593169212341309
0.45449405908584595
0.9656748175621033
0.9401488304138184
1.2428964376449585
0.7800267338752747
0.9066913723945618
0.5611761808395386
1.002367377281189
1.1564100980758667
0.6003980040550232
0.8723354339599609
0.41911599040031433
1.2690459489822388
1.2775605916976929
1.0967397689819336
0.6063980460166931
0.9537888169288635
1.231207013130188
1.264392375946045
0.9295332431793213
0.5241638422012329
0.8390724062919617
0.9230796694755554
1.1563676595687866
1.2750483751296997
0.32622262835502625
0.2590245306491852
1.1623005867004395
1.170262336730957
0.8979030251502991
0.5553516745567322
1.231776475906372
1.0200679302215576
1.2055822610855103
1.1397820711135864
1.286573052406311
0.8075826168060303
1.244405746459961
0.8008214831352234
0.5449234247207642
0.5417561531066895
0.4620007574558258
1.2688840627670288
0.8909825682640076
0.7372280955314636
0.8973144888877869
0.3635023832321167
0.9216510653495789
0.7588279843330383
0.7693894505500793
0.5628741383552551
0.9118546843528748
1.2370632886886597
1.186453104019165
0.9429009556770325
0.5037680864334106
0.4396674633026123
1.0344977378845215
1.2245385646820068
0.6522483825683594
0.6501132845878601
0.9998834729194641
1.2256031036376953
1.032140851020813
0.79104083776474
0.8932453989982605
0.9741312861442566
1.080277442932129
0.8637786507606506
1.1813536882400513
0.6225870847702026
0.622704029083252
1.0885807275772095
0.9370322227478027
0.9056036472320557
0.5351370573043823
0.3325836658477783
0.9497870802879333
1.1972746849060059
0.9853654503822327
0.533243715763092
0.7292367815971375
1.274754524230957
1.2281303405761719
0.9965214133262634
0.47416672110557556
1.2594656944274902
1.0900856256484985
1.1154690980911255
0.8446715474128723
0.9667461514472961
0.3399488031864166
1.1859326362609863
0.9814812541007996
0.4863353371620178
0.36566418409347534
0.36637160181999207
1.2863692045211792
1.2824642658233643
0.7013580799102783
0.4263434112071991
0.5485246181488037
1.182451844215393
0.9386509656906128
0.600213885307312
0.448760449886322
0.6543722748756409
1.137739658355713
0.9997579455375671
0.5085923075675964
0.9221168756484985
0.5513429045677185
0.0       
0.0       
0.0       
0.0       
0.0       
0.0       
0.0       
0.0       
0.0       
0.0       
0.0       
0.0       
0.0       
0.0       
0.0       
0.0       
0.0       
0.0       
0.0       
0.0       
0.0       
0.0       
0.0       
0.0       
0.0       
0.0       
0.0       
0.0       
0.0       
0.8513132333755493
0.821533739566803
1.0197563171386719
0.4140717387199402
1.2179837226867676
1.1254075765609741
0.817771852016449
0.6904659271240234
0.5375857353210449
1.2738720178604126
1.2697511911392212
0.6958713531494141
0.6251813173294067
0.8288963437080383
0.9312427043914795
1.140423059463501
1.2542558908462524
0.6498264670372009
1.0761433839797974
0.9157062768936157
0.8787587881088257
1.0259370803833008
0.5543179512023926
1.2668464183807373
1.103884220123291
0.9660120606422424
0.8522201180458069
0.592180609703064
0.7186582088470459
1.0184047222137451
1.127419352531433
0.5725232362747192
0.8178637027740479
0.8411466479301453
0.6587970852851868
1.0636056661605835
1.1370904445648193
1.0390795469284058
0.8268652558326721
1.164291501045227
1.1676980257034302
0.9800319671630859
0.8291593194007874
0.6983053088188171
0.5888854265213013
0.5453532338142395
0.9821425080299377
1.1053944826126099
0.7906767129898071
0.7838559746742249
0.619921088218689
1.2104194164276123
0.9914251565933228
1.093596339225769
0.9097092151641846
0.9436877965927124
0.8906953930854797
1.0930602550506592
1.024208903312683
0.6035030484199524
0.8306424617767334
0.8642991185188293
0.49493512511253357
0.8074361085891724
0.7831827998161316
1.0588994026184082
0.5563211441040039
1.0831769704818726
1.2676401138305664
1.223949670791626
0.314330518245697
0.9559676647186279
1.1799625158309937
0.8480315804481506
0.8366912603378296
0.8509904742240906
0.9324593544006348
1.1745469570159912
0.8567270040512085
0.9157479405403137
1.0030767917633057
0.6297571063041687
1.1384716033935547
0.6389361619949341
0.8974930644035339
0.8285671472549438
0.702377200126648
1.1402795314788818
0.7170843482017517
0.3824848234653473
0.9725036025047302
0.4704795777797699
0.9086205363273621
0.48037073016166687
0.5304714441299438
0.7040755152702332
1.029317021369934
0.7311167120933533
1.0275951623916626
1.1017909049987793
0.7937332987785339
0.781944990158081
0.9911234974861145
1.2705552577972412
1.217336654663086
0.6269803047180176
1.1338601112365723
0.5558859705924988
0.8512172698974609
0.9527881145477295
0.5737538933753967
0.8005760312080383
0.9374257922172546
1.0230729579925537
1.0037434101104736
1.2498338222503662
1.1436868906021118
1.142935037612915
0.767738401889801
1.1965274810791016
1.197493314743042
0.8152109980583191
1.1561557054519653
1.1557279825210571
1.0829702615737915
0.6922875642776489
1.0014995336532593
1.0771796703338623
0.8304771184921265
0.9134151339530945
1.0485005378723145
1.1864460706710815
0.5417650938034058
1.052471399307251
0.9689112901687622
0.6390354037284851
0.5253072381019592
1.175049901008606
1.1724433898925781
0.8477304577827454
0.9827247858047485
0.7117979526519775
0.733431339263916
1.1999915838241577
0.6325405836105347
0.0       
0.0       
0.0       
0.0       
0.0       
0.0       
0.0       
0.0       
0.0       
0.0       
0.0       
0.0       
0.0       
0.0       
0.0       
0.0       
0.0       
0.0       
0.0       
0.0       
0.0       
0.0       
0.0       
0.0       
0.0       
0.0       
0.0       
0.0       
0.0       
0.0       
0.6124953031539917
0.7201338410377502
1.0742477178573608
1.1250061988830566
1.1015702486038208
0.9491952657699585
0.7720767259597778
0.0       
0.8958550095558167
0.0       
0.8314350247383118
0.9149245023727417
0.9038762450218201
0.5200515985488892
0.0       
0.8775050640106201
0.734903872013092
0.3633424937725067
0.0       
0.7600451707839966
0.0       
0.7942301034927368
0.0       
0.0       
0.39890751242637634
0.897252082824707
1.1544764041900635
1.0802441835403442
1.13297438621521
0.6011842489242554
1.066476821899414
0.9538900852203369
0.5141159892082214
0.0       
0.0       
0.692175567150116
1.1070804595947266
0.6939169764518738
1.0771923065185547
0.8406240940093994
0.9183409214019775
1.0167887210845947
1.0475472211837769
1.149581789970398
1.1334078311920166
0.9030410647392273
1.1411008834838867
0.5587869882583618
0.0       
0.6277122497558594
0.8878030776977539
0.9248012900352478
0.0       
0.8323240280151367
0.861379086971283
0.0       
0.2770080268383026
0.29845884442329407
1.0970810651779175
0.6746474504470825
0.3159550726413727
0.758515477180481
0.0       
1.1801555156707764
0.0       
0.0       
0.6674402356147766
0.29969334602355957
0.0       
0.9906681180000305
0.0       
0.0       
0.915187656879425
0.4316914677619934
0.0       
0.4050505459308624
0.7370516061782837
1.148451566696167
0.6506998538970947
0.8493131995201111
0.4191623032093048
0.8408554196357727
0.0       
0.6164450645446777
1.0911041498184204
0.0       
1.013580560684204
0.0       
0.41603055596351624
0.8803055882453918
0.7955961227416992
0.0       
0.758273184299469
0.0       
0.7568389177322388
0.0       
0.7943242788314819
0.8924053907394409
0.0       
0.4625391662120819
0.33378782868385315
0.3134745657444
0.9070039391517639
0.264453262090683
0.8894457221031189
1.1740025281906128
0.880753755569458
0.832966148853302
0.0       
0.559885561466217
0.0       
0.4906472861766815
0.33424511551856995
1.1217232942581177
0.9121329188346863
0.0       
0.0       
0.0       
0.8109284043312073
1.2467504739761353
0.9751583337783813
0.0       
1.004982829093933
0.7095714211463928
0.5275850892066956
1.1687723398208618
0.0       
0.6416109204292297
0.9765198230743408
0.0       
0.729988157749176
0.9471160173416138
0.0       
1.1871088743209839
0.7888352870941162
1.035477638244629
1.039644718170166
0.0       
0.0       
0.38310521841049194
0.9524355530738831
0.9162258505821228
1.0606811046600342
0.0       
0.9719417691230774
0.0       
0.49429851770401
0.7848712205886841
0.5380268096923828
0.0       
1.0800482034683228
0.0       
1.179592490196228
1.1913416385650635
1.1413774490356445
0.0       
1.1308116912841797
0.0       
1.1706175804138184
0.0       
0.5790765285491943
0.9818480610847473
0.7317416071891785
0.7567139267921448
0.0       
0.8926540613174438
1.056671380996704
1.130242943763733
0.9210357666015625
0.7464637756347656
1.2030607461929321
0.5801596641540527
0.43830764293670654
1.1138869524002075
0.766377866268158
1.2350413799285889
0.9737352728843689
1.1665270328521729
0.0       
1.252657413482666
0.9500885605812073
0.41618552803993225
0.0       
0.5692307353019714
0.0       
0.7667831778526306
0.0       
0.0       
0.0       
1.2136685848236084
0.7483335137367249
1.1161837577819824
1.1678504943847656
0.5577955842018127
1.0339889526367188
0.9242265820503235
0.43497222661972046
0.49478545784950256
1.1467617750167847
1.22480309009552
1.168282389640808
0.777117908000946
0.0       
0.5693758726119995
0.0       
0.0       
1.0266039371490479
0.0       
0.7528490424156189
0.4382929801940918
0.4413653016090393
1.1199541091918945
0.5543018579483032
1.156702995300293
0.6375650763511658
0.6422634720802307
1.1781939268112183
0.9965741634368896
1.0794566869735718
1.0332807302474976
0.7309293150901794
0.0       
0.0       
1.256147861480713
1.0558967590332031
1.1637437343597412
0.9265903830528259
0.6999557614326477
0.0       
1.0968247652053833
0.0       
0.0       
0.0       
0.48997363448143005
0.9272421598434448
0.0       
0.9687731266021729
0.0       
0.34328994154930115
0.42340680956840515
0.737373411655426
0.8424680233001709
0.312947154045105
0.9463710188865662
0.0       
0.0       
0.8498510718345642
0.0       
1.0302320718765259
0.4695627987384796
0.6800209879875183
0.0       
0.7629653215408325
0.0       
1.1002697944641113
0.2943735122680664
0.0       
0.7892240285873413
0.8654441833496094
0.0       
1.028687834739685
1.034562349319458
0.9611032009124756
0.523393988609314
0.9184368252754211
0.42236676812171936
1.0318384170532227
0.0       
0.850873589515686
0.7998077869415283
0.8455836772918701
1.0709723234176636
0.8271723985671997
0.0       
0.8669557571411133
0.9526136517524719
0.7315985560417175
0.0       
0.5096552968025208
0.0       
0.7483891844749451
0.7642490863800049
0.33002665638923645
0.3978872299194336
0.8255129456520081
0.9238870739936829
0.4601466655731201
1.034562349319458
0.6997919082641602
0.3598577678203583
0.9703624248504639
0.0       
0.5895587801933289
0.0       
0.8742849826812744
0.36127549409866333
0.609342098236084
0.44937723875045776
0.9504281282424927
0.4263601303100586
0.9221547842025757
0.0       
1.0021876096725464
1.0709723234176636
1.1276718378067017
1.0742570161819458
0.9152897596359253
0.0       
0.652117908000946
0.850873589515686
0.9298091530799866
0.8286486268043518
0.0       
0.0       
0.7825996279716492
0.850873589515686
1.0302320718765259
0.9662299156188965
1.0503766536712646
0.5474051237106323
0.0       
0.3046044409275055
0.3287864625453949
0.5127964019775391
0.8527835607528687
1.008933186531067
0.4991576075553894
0.604682981967926
0.8253270387649536
1.0742570161819458
0.6627877354621887
0.3263346254825592
0.6833381056785583
0.9115963578224182
0.0       
0.7033793330192566
0.7409272789955139
0.0       
0.0       
0.0       
0.0       
0.37292614579200745
0.5633990168571472
0.0       
0.6442086696624756
0.5035533308982849
0.7987833023071289
0.0       
0.0       
1.1992435455322266
0.0       
1.1913915872573853
1.1986083984375
0.9014161825180054
1.1353929042816162
0.48376020789146423
1.1779329776763916
0.4637196660041809
0.0       
0.9815617799758911
0.4601989984512329
0.0       
0.5263817310333252
1.2450594902038574
0.0       
0.0       
0.45665207505226135
0.0       
0.3720164895057678
0.37484633922576904
1.222520351409912
0.5450771450996399
1.1787915229797363
1.2041513919830322
1.044365644454956
0.5862470269203186
0.45263320207595825
0.9080953001976013
0.0       
1.2417504787445068
0.0       
0.8562347888946533
0.4625336825847626
0.0       
1.1913915872573853
1.1787915229797363
1.1704875230789185
1.1218841075897217
0.633604884147644
1.158139705657959
0.851660966873169
1.1985979080200195
1.111530065536499
0.44583946466445923
0.0       
1.1875355243682861
0.5377312302589417
0.0       
0.0       
0.6375055909156799
1.023508071899414
1.228145956993103
1.1901626586914062
0.6414021253585815
0.0       
1.1986083984375
1.078202486038208
0.0       
1.2026640176773071
1.2167187929153442
0.6791070699691772
1.182960867881775
1.182960867881775
1.1866291761398315
0.0       
0.0       
0.0       
1.1505459547042847
0.0       
0.6651012301445007
1.1843059062957764
1.2415339946746826
1.1985979080200195
0.5474826693534851
1.1955665349960327
1.037512183189392
1.1610504388809204
0.0       
0.6672288179397583
1.1368088722229004
1.1278082132339478
0.3868042826652527
1.0404095649719238
0.0       
1.1875355243682861
1.190851092338562
0.0       
0.0       
1.1588350534439087
0.4665418267250061
1.1876280307769775
0.6327494382858276
1.129135012626648
1.2228856086730957
0.0       
1.1908811330795288
1.2228856086730957
0.0       
1.222520351409912
0.0       
0.7308400869369507
0.5411098003387451
0.0       
0.524024486541748
0.9546273946762085
1.2167187929153442
0.44409966468811035
1.1751327514648438
1.2415339946746826
0.5520684123039246
0.9895458817481995
0.6835574507713318
1.2945235967636108
0.45412614941596985
0.6275354623794556
1.122995376586914
0.5423036217689514
1.050554871559143
0.6586174368858337
0.47992372512817383
0.8366469144821167
0.42687925696372986
0.4529699385166168
1.2644935846328735
0.8015791773796082
0.9711506366729736
0.5778295397758484
0.455058753490448
1.2832037210464478
0.9098730683326721
0.5595703721046448
1.2732876539230347
1.2834774255752563
0.9958715438842773
0.9823880791664124
0.8311697244644165
0.9771454930305481
1.186903715133667
0.6065673828125
0.6804447770118713
1.0514105558395386
1.254281759262085
1.2770081758499146
0.6644847393035889
1.097654104232788
0.6344079375267029
1.0695140361785889
1.1580086946487427
0.745619535446167
1.2880438566207886
1.198144793510437
0.4269337058067322
1.219157338142395
0.5863902568817139
0.6529925465583801
1.2974234819412231
0.6446791291236877
1.109854817390442
1.216809868812561
1.1401034593582153
1.2465598583221436
1.217598795890808
0.4554496705532074
0.6998379826545715
0.6360899806022644
1.2763758897781372
1.2720776796340942
0.39578357338905334
1.2801501750946045
1.206960916519165
1.0344955921173096
0.7119221687316895
0.3804951310157776
1.1215182542800903
1.2643095254898071
0.8223246335983276
0.8195139765739441
1.0581629276275635
0.6630666851997375
1.0936799049377441
0.7292043566703796
1.1503878831863403
0.9598560929298401
0.3535783886909485
0.47489920258522034
1.2649106979370117
0.4288908839225769
0.9576664566993713
1.2803226709365845
0.38282060623168945
0.4735424518585205
1.1419559717178345
0.5859775543212891
0.40727487206459045
0.972888171672821
1.2973471879959106
0.6530346274375916
1.0051486492156982
0.7266200184822083
1.152740478515625
1.1720634698867798
1.1487677097320557
1.2710083723068237
0.5210496783256531
1.0683904886245728
1.1433740854263306
0.4039823114871979
0.3346518874168396
0.6456512212753296
0.4337294101715088
0.8359373807907104
0.48882851004600525
1.300373911857605
1.2736754417419434
1.0917301177978516
0.6352711319923401
0.9742953777313232
0.9876584410667419
0.8037967085838318
0.7243055701255798
1.1272027492523193
1.2838466167449951
0.5954691767692566
1.043839454650879
1.138411283493042
0.5334964394569397
0.5464738607406616
1.0823819637298584
1.0354273319244385
1.1613082885742188
1.0793185234069824
1.119450569152832
1.0834929943084717
0.4320938289165497
1.0307285785675049
0.39623403549194336
1.0596132278442383
1.090648889541626
1.1423856019973755
1.1506491899490356
0.5505971908569336
0.3982447683811188
1.1620562076568604
1.150356411933899
1.2520076036453247
1.2685492038726807
0.4771057963371277
0.9479770064353943
1.0809706449508667
1.071275234222412
0.5469803810119629
1.0832017660140991
1.026648998260498
1.259395956993103
0.0       
0.0       
0.0       
0.0       
0.0       
0.0       
0.0       
0.0       
0.0       
0.0       
0.0       
0.0       
0.0       
0.0       
0.0       
0.0       
0.0       
0.0       
0.0       
0.0       
0.0       
0.0       
0.0       
0.0       
0.0       
0.0       
0.0       
0.0       
0.0       
