1.2042310237884521
1.2011897563934326
1.2001330852508545
0.7529531717300415
0.4909277558326721
0.9949595332145691
0.8442423939704895
1.0902739763259888
0.907570481300354
0.41996389627456665
1.1816867589950562
0.9687806963920593
0.499417781829834
0.47166743874549866
0.3581996560096741
1.1165649890899658
1.045306921005249
1.224463701248169
0.8694337606430054
0.7801268100738525
1.1911356449127197
0.9442368745803833
0.8005732893943787
0.9732648730278015
0.7210806012153625
1.023288369178772
0.807475745677948
0.9498780369758606
0.8075346946716309
0.5166292190551758
1.2636067867279053
0.9916332960128784
0.798941969871521
0.48212748765945435
0.9972790479660034
0.9908334016799927
1.2357786893844604
0.8353166580200195
0.9538713097572327
0.6052588820457458
0.9850974678993225
1.1400259733200073
0.6327093243598938
0.9086063504219055
0.4469176232814789
1.2465087175369263
1.250390887260437
1.1165567636489868
0.6504688262939453
0.9843940138816833
1.2240302562713623
1.2453315258026123
0.974798321723938
0.5666298866271973
0.8860493898391724
0.9557735323905945
1.1444029808044434
1.2329672574996948
0.3520745038986206
0.2752701938152313
1.169977068901062
1.1761025190353394
0.9418718814849854
0.6012102365493774
1.2226643562316895
1.0475705862045288
1.2038710117340088
1.152402639389038
1.2582679986953735
0.8515068888664246
1.2299073934555054
0.8505050539970398
0.5886606574058533
0.5903972387313843
0.5029889345169067
1.2432498931884766
0.9369969367980957
0.7810810208320618
0.9424152970314026
0.39459797739982605
0.9580103754997253
0.8039008975028992
0.8127814531326294
0.6046671271324158
0.9485459923744202
1.2165623903274536
1.1805977821350098
0.964113712310791
0.5326727628707886
0.4700148105621338
1.0483580827713013
1.2020083665847778
0.7025207281112671
0.69559246301651
1.0155574083328247
1.2122159004211426
1.0619529485702515
0.833981990814209
0.9231477975845337
1.0074923038482666
1.0919018983840942
0.889678418636322
1.174177885055542
0.6589032411575317
0.6588460803031921
1.101048231124878
0.9742754101753235
0.9472801685333252
0.576322615146637
0.3607848286628723
0.9730592370033264
1.1735343933105469
1.0089353322982788
0.5582659840583801
0.7598279118537903
1.2507914304733276
1.2206740379333496
1.026479721069336
0.5103490352630615
1.2410297393798828
1.1038542985916138
1.1194909811019897
0.8717597723007202
1.006199598312378
0.3652377128601074
1.1819536685943604
1.0108318328857422
0.5207549333572388
0.3919743001461029
0.3943747878074646
1.2494425773620605
1.2494312524795532
0.7517342567443848
0.4601074755191803
0.5907643437385559
1.1644834280014038
0.9577983617782593
0.6377885341644287
0.48484158515930176
0.701653778553009
1.1350206136703491
1.0311284065246582
0.5479671359062195
0.956200897693634
0.5900458693504333
0.0       
0.0       
0.0       
0.0       
0.0       
0.0       
0.0       
0.0       
0.0       
0.0       
0.0       
0.0       
0.0       
0.0       
0.0       
0.0       
0.0       
0.0       
0.0       
0.0       
0.0       
0.0       
0.0       
0.0       
0.0       
0.0       
0.0       
0.0       
0.0       
0.8863319158554077
0.8625661134719849
1.0363123416900635
0.4410703182220459
1.1956219673156738
1.1327680349349976
0.8575942516326904
0.7394382357597351
0.5740832090377808
1.2277406454086304
1.2297356128692627
0.7167322039604187
0.6673197746276855
0.8704373836517334
0.9589676856994629
1.1502681970596313
1.2351170778274536
0.7120819091796875
1.0986549854278564
0.9596028327941895
0.9173113107681274
1.0540366172790527
0.5958570837974548
1.230719804763794
1.1282180547714233
1.0011522769927979
0.8899886608123779
0.627640962600708
0.7624314427375793
1.037224292755127
1.099973201751709
0.6104580760002136
0.8675341010093689
0.8836586475372314
0.7021377682685852
1.0864554643630981
1.1329894065856934
1.0694173574447632
0.873471736907959
1.1739490032196045
1.1740063428878784
1.0120201110839844
0.8645874857902527
0.7463952898979187
0.625277578830719
0.5843561887741089
1.014866590499878
1.111287236213684
0.841794490814209
0.8504406809806824
0.6576595902442932
1.1970479488372803
1.0242044925689697
1.111348271369934
0.9505893588066101
0.9448850154876709
0.9524744153022766
1.1308391094207764
1.0470962524414062
0.6419331431388855
0.8710241913795471
0.9021666049957275
0.5219898223876953
0.8607203960418701
0.834511935710907
1.0794583559036255
0.5919918417930603
1.1104763746261597
1.2209854125976562
1.2081166505813599
0.3463112711906433
0.9821142554283142
1.1834547519683838
0.8931443095207214
0.8821245431900024
0.8990945219993591
0.9675595164299011
1.175350308418274
0.8942351341247559
0.9623683094978333
1.0373986959457397
0.66977858543396
1.150965929031372
0.6780423521995544
0.9456610679626465
0.8622533082962036
0.7525074481964111
1.1437524557113647
0.767781138420105
0.41321176290512085
1.0032912492752075
0.5167364478111267
0.9454891085624695
0.5197231769561768
0.561658501625061
0.738091766834259
1.0452388525009155
0.7743100523948669
1.0631862878799438
1.1221901178359985
0.8374539613723755
0.8183445930480957
1.0110461711883545
1.2415401935577393
1.1866120100021362
0.6856821775436401
1.154002070426941
0.5965064167976379
0.895986020565033
0.992501437664032
0.6107264161109924
0.8418778777122498
0.9814783334732056
1.0446803569793701
1.0247218608856201
1.2366468906402588
1.1721853017807007
1.1433995962142944
0.8326372504234314
1.1943556070327759
1.1944475173950195
0.8658530116081238
1.1667859554290771
1.154016375541687
1.1026458740234375
0.756603479385376
1.0354684591293335
1.0983389616012573
0.8717116117477417
0.9557971954345703
1.0721949338912964
1.1851181983947754
0.5803940296173096
1.0761927366256714
1.0062633752822876
0.6874356865882874
0.5676690340042114
1.1815792322158813
1.1637901067733765
0.8998435735702515
1.0171077251434326
0.7543770670890808
0.7792325615882874
1.1926701068878174
0.6828505992889404
0.0       
0.0       
0.0       
0.0       
0.0       
0.0       
0.0       
0.0       
0.0       
0.0       
0.0       
0.0       
0.0       
0.0       
0.0       
0.0       
0.0       
0.0       
0.0       
0.0       
0.0       
0.0       
0.0       
0.0       
0.0       
0.0       
0.0       
0.0       
0.0       
0.0       
0.6552522778511047
0.7768005728721619
1.0969105958938599
1.1412570476531982
1.1200369596481323
0.992175281047821
0.8361250758171082
0.0       
0.9460508227348328
0.0       
0.8788660764694214
0.9524582028388977
0.9479897022247314
0.55390864610672
0.0       
0.9393637180328369
0.7758204340934753
0.3935096561908722
0.0       
0.806526780128479
0.0       
0.8488236665725708
0.0       
0.0       
0.42918160557746887
0.9476345181465149
1.165408968925476
1.098131537437439
1.1480671167373657
0.6618051528930664
1.0974708795547485
0.9892538189888
0.552322268486023
0.0       
0.0       
0.7607847452163696
1.121061086654663
0.7439217567443848
1.0969599485397339
0.8936755061149597
0.9589307308197021
1.0535529851913452
1.0834852457046509
1.1612508296966553
1.1489946842193604
0.9534683227539062
1.1549988985061646
0.607829749584198
0.0       
0.6829574108123779
0.935352087020874
0.9579942226409912
0.0       
0.8765863180160522
0.9090464115142822
0.0       
0.29614415764808655
0.31901824474334717
1.1191110610961914
0.724265456199646
0.3373926281929016
0.805870532989502
0.0       
1.1825988292694092
0.0       
0.0       
0.7205380201339722
0.3276349902153015
0.0       
1.0415081977844238
0.0       
0.0       
0.960574209690094
0.46394237875938416
0.0       
0.4325084388256073
0.7807790637016296
1.15245521068573
0.7042739391326904
0.9018353819847107
0.4520956575870514
0.8899328112602234
0.0       
0.657060980796814
1.121597409248352
0.0       
1.0498950481414795
0.0       
0.4525262713432312
0.9302412271499634
0.8470507264137268
0.0       
0.8056000471115112
0.0       
0.8031725883483887
0.0       
0.8450406193733215
0.9349551200866699
0.0       
0.49369317293167114
0.36040985584259033
0.34049394726753235
0.957019567489624
0.2853945791721344
0.9373873472213745
1.1794289350509644
0.9184105396270752
0.8798472285270691
0.0       
0.6080170273780823
0.0       
0.526512861251831
0.3639090061187744
1.1371468305587769
0.9569397568702698
0.0       
0.0       
0.0       
0.8788710832595825
1.2299556732177734
1.011918544769287
0.0       
1.032160997390747
0.7605891227722168
0.5707297921180725
1.1646190881729126
0.0       
0.6834165453910828
1.00996732711792
0.0       
0.7833443284034729
0.9841095209121704
0.0       
1.1911033391952515
0.8423815369606018
1.0658867359161377
1.0592005252838135
0.0       
0.0       
0.4102746844291687
0.9937623143196106
0.9532716274261475
1.0932230949401855
0.0       
1.0159186124801636
0.0       
0.5270262956619263
0.84129399061203
0.5810363292694092
0.0       
1.1098421812057495
0.0       
1.1807513236999512
1.1988189220428467
1.1489949226379395
0.0       
1.1374129056930542
0.0       
1.1689335107803345
0.0       
0.624498188495636
1.0231531858444214
0.7886412739753723
0.7994998097419739
0.0       
0.9476045966148376
1.0851553678512573
1.1460106372833252
0.9595957398414612
0.7945347428321838
1.1983038187026978
0.6183605194091797
0.4780617952346802
1.1467074155807495
0.8236927390098572
1.2264330387115479
1.014860987663269
1.1782952547073364
0.0       
1.2289713621139526
0.9891229271888733
0.44739383459091187
0.0       
0.6071348190307617
0.0       
0.8209856152534485
0.0       
0.0       
0.0       
1.205309510231018
0.8062288165092468
1.1296879053115845
1.1757220029830933
0.5972307324409485
1.0600420236587524
0.9605467915534973
0.47313836216926575
0.5300793647766113
1.154212474822998
1.2224454879760742
1.1698237657546997
0.8175448775291443
0.0       
0.6077042818069458
0.0       
0.0       
1.0579720735549927
0.0       
0.8004652261734009
0.47866663336753845
0.47984468936920166
1.140966534614563
0.5996421575546265
1.1646571159362793
0.6876521110534668
0.7029529213905334
1.1855891942977905
1.0485522747039795
1.0916087627410889
1.0687427520751953
0.7760253548622131
0.0       
0.0       
1.239457607269287
1.0807936191558838
1.1703412532806396
0.9684348702430725
0.7524189352989197
0.0       
1.1223245859146118
0.0       
0.0       
0.0       
0.5385792851448059
0.9716603755950928
0.0       
1.01113760471344
0.0       
0.3696434497833252
0.4495253264904022
0.7889030575752258
0.908017098903656
0.3310370147228241
0.9930365681648254
0.0       
0.0       
0.9017037153244019
0.0       
1.0625752210617065
0.5047155618667603
0.7236878871917725
0.0       
0.821332573890686
0.0       
1.1183173656463623
0.3235376477241516
0.0       
0.8321170210838318
0.9072928428649902
0.0       
1.0637755393981934
1.0685198307037354
1.0032271146774292
0.559991717338562
0.954675555229187
0.4467770457267761
1.0589135885238647
0.0       
0.8924481272697449
0.8561373353004456
0.8920914530754089
1.0988985300064087
0.8754085898399353
0.0       
0.9120001196861267
1.0003381967544556
0.7875068783760071
0.0       
0.5481347441673279
0.0       
0.7979024648666382
0.8120589852333069
0.35754531621932983
0.43123629689216614
0.872636616230011
0.9719753861427307
0.4888390898704529
1.0685198307037354
0.7485983967781067
0.386020302772522
1.015587568283081
0.0       
0.6280617713928223
0.0       
0.928239643573761
0.38993039727211
0.6559603214263916
0.4779563844203949
0.9891301989555359
0.46397170424461365
0.9720236659049988
0.0       
1.033149003982544
1.0988985300064087
1.1485233306884766
1.0973896980285645
0.9549249410629272
0.0       
0.6969981789588928
0.8924481272697449
0.9898967146873474
0.8831707835197449
0.0       
0.0       
0.8293044567108154
0.8924481272697449
1.0625752210617065
1.0008755922317505
1.0758426189422607
0.5944163799285889
0.0       
0.3281531035900116
0.35319340229034424
0.5632116198539734
0.8977537155151367
1.0587278604507446
0.5320449471473694
0.6518376469612122
0.8673614263534546
1.0973896980285645
0.7113826870918274
0.35052138566970825
0.727685272693634
0.9519827365875244
0.0       
0.754719078540802
0.7858527302742004
0.0       
0.0       
0.0       
0.0       
0.4046934247016907
0.6051737070083618
0.0       
0.6838034987449646
0.5433099269866943
0.8474597334861755
0.0       
0.0       
1.1920251846313477
0.0       
1.1874333620071411
1.1927986145019531
0.9468361735343933
1.150116205215454
0.5209618210792542
1.1843534708023071
0.4979504942893982
0.0       
1.0269702672958374
0.4922717809677124
0.0       
0.5779810547828674
1.2293552160263062
0.0       
0.0       
0.4934329390525818
0.0       
0.4078461825847626
0.4021182060241699
1.2146878242492676
0.582542359828949
1.1887961626052856
1.2000312805175781
1.0716259479522705
0.6349077820777893
0.4871833026409149
0.9526267051696777
0.0       
1.2270327806472778
0.0       
0.918478786945343
0.4947078227996826
0.0       
1.1874333620071411
1.1887961626052856
1.1781625747680664
1.1372584104537964
0.6746006011962891
1.1802400350570679
0.8939477205276489
1.1959468126296997
1.1315240859985352
0.47873497009277344
0.0       
1.190690517425537
0.5822290182113647
0.0       
0.0       
0.6804154515266418
1.0580724477767944
1.215097188949585
1.1873743534088135
0.6923621892929077
0.0       
1.1927986145019531
1.1070556640625
0.0       
1.1993145942687988
1.2115871906280518
0.7432385087013245
1.184442162513733
1.184442162513733
1.1878305673599243
0.0       
0.0       
0.0       
1.1643822193145752
0.0       
0.7287464141845703
1.1849029064178467
1.2238259315490723
1.1959468126296997
0.5955778360366821
1.198734998703003
1.0698859691619873
1.1576322317123413
0.0       
0.7066106200218201
1.1494358777999878
1.1450529098510742
0.41345930099487305
1.073912262916565
0.0       
1.190690517425537
1.1919028759002686
0.0       
0.0       
1.169785737991333
0.5025769472122192
1.1906403303146362
0.6734170913696289
1.1601030826568604
1.2140086889266968
0.0       
1.1962690353393555
1.2140086889266968
0.0       
1.2146878242492676
0.0       
0.7858646512031555
0.5781394839286804
0.0       
0.5614104270935059
1.0043492317199707
1.2115871906280518
0.48390689492225647
1.1758358478546143
1.2238259315490723
0.6100656986236572
1.039459466934204
0.7312400341033936
1.2609639167785645
0.4891572892665863
0.6949994564056396
1.14437735080719
0.5816952586174011
1.0795505046844482
0.7325996160507202
0.5136780738830566
0.8946442604064941
0.46259555220603943
0.489633172750473
1.2434190511703491
0.8490513563156128
1.0187792778015137
0.620076596736908
0.48926496505737305
1.252178430557251
0.973243236541748
0.5962619185447693
1.2477223873138428
1.2518912553787231
1.036734938621521
1.0218589305877686
0.8731026649475098
1.0178147554397583
1.1892189979553223
0.6456509828567505
0.7261813282966614
1.0900530815124512
1.239296793937683
1.2434160709381104
0.7187392115592957
1.119712233543396
0.6787278056144714
1.1029037237167358
1.1686491966247559
0.8051286935806274
1.2504775524139404
1.210475206375122
0.4631288945674896
1.2058782577514648
0.6316831707954407
0.6978424787521362
1.2589913606643677
0.6964219212532043
1.1350903511047363
1.2118995189666748
1.1537679433822632
1.2245053052902222
1.2135491371154785
0.4926869571208954
0.7537587285041809
0.689267635345459
1.2456437349319458
1.2470955848693848
0.42504018545150757
1.2461659908294678
1.2056691646575928
1.0700520277023315
0.763915479183197
0.4127654433250427
1.1388579607009888
1.234250545501709
0.871858537197113
0.862563967704773
1.08635413646698
0.7181692719459534
1.1125050783157349
0.7886508107185364
1.1582077741622925
1.0042927265167236
0.37760379910469055
0.5121141076087952
1.2391561269760132
0.4743574261665344
1.0039069652557373
1.2485331296920776
0.4111030697822571
0.5207762718200684
1.160544753074646
0.6287195086479187
0.44152772426605225
1.0161705017089844
1.26091730594635
0.7140123248100281
1.0385324954986572
0.7769597768783569
1.1650769710540771
1.1758588552474976
1.162555456161499
1.2487773895263672
0.5555829405784607
1.1003929376602173
1.1551438570022583
0.44045835733413696
0.36876341700553894
0.6982710957527161
0.4678153991699219
0.8868852257728577
0.5225233435630798
1.254374623298645
1.2374756336212158
1.1261084079742432
0.6837485432624817
1.0260995626449585
1.0335235595703125
0.861847460269928
0.7751135230064392
1.1354598999023438
1.2454601526260376
0.6442584991455078
1.0803054571151733
1.154587984085083
0.5780758857727051
0.5989274382591248
1.1073949337005615
1.0844157934188843
1.1727076768875122
1.1094932556152344
1.1376228332519531
1.1039215326309204
0.47808948159217834
1.0660475492477417
0.42880865931510925
1.0942463874816895
1.1182425022125244
1.1559252738952637
1.1752545833587646
0.5986500978469849
0.4324469268321991
1.1711509227752686
1.158575177192688
1.2349578142166138
1.2319138050079346
0.5250325202941895
1.0021473169326782
1.1123337745666504
1.0998318195343018
0.5884525775909424
1.106013536453247
1.0644893646240234
1.2428171634674072
0.0       
0.0       
0.0       
0.0       
0.0       
0.0       
0.0       
0.0       
0.0       
0.0       
0.0       
0.0       
0.0       
0.0       
0.0       
0.0       
0.0       
0.0       
0.0       
0.0       
0.0       
0.0       
0.0       
0.0       
0.0       
0.0       
0.0       
0.0       
0.0       
