0.7877963781356812
0.7871447205543518
0.7850786447525024
0.352569043636322
0.24453896284103394
0.567171037197113
0.41739246249198914
0.6489582061767578
0.5100900530815125
0.2118130624294281
0.7237728238105774
0.5073508620262146
0.21924257278442383
0.213568776845932
0.15922832489013672
0.7112581133842468
0.6323598623275757
0.879805326461792
0.4938680827617645
0.3794400691986084
0.7810367941856384
0.47809699177742004
0.3704785704612732
0.5371286273002625
0.3410630524158478
0.6048767566680908
0.3849245011806488
0.5162326693534851
0.42226940393447876
0.252289742231369
0.9360811710357666
0.5504127144813538
0.41184672713279724
0.22957223653793335
0.5589417219161987
0.5629408359527588
0.8615930080413818
0.4169057011604309
0.4966743588447571
0.285626083612442
0.47650110721588135
0.6462567448616028
0.29500454664230347
0.46226760745048523
0.19699251651763916
0.8692483305931091
0.8848129510879517
0.6566365361213684
0.30859237909317017
0.5024301409721375
0.8546557426452637
0.8959143161773682
0.5380231738090515
0.2678997814655304
0.428158164024353
0.4951673746109009
0.6781577467918396
0.8648183941841125
0.16589464247226715
0.12741202116012573
0.7507504820823669
0.7589334845542908
0.4774695932865143
0.2674638628959656
0.8195838928222656
0.6453589200973511
0.8594191074371338
0.7495555281639099
0.935641348361969
0.4498763978481293
0.8319154381752014
0.4030631482601166
0.2761763036251068
0.27620160579681396
0.21506421267986298
0.8830300569534302
0.4863647520542145
0.35731929540634155
0.49414435029029846
0.18158364295959473
0.5133196115493774
0.37597009539604187
0.3717014789581299
0.25272849202156067
0.48702120780944824
0.7883604168891907
0.7195356488227844
0.5005757212638855
0.24217133224010468
0.23554383218288422
0.6224391460418701
0.8056060671806335
0.3607792258262634
0.3519722521305084
0.5984185934066772
0.7881580591201782
0.6069545149803162
0.4006759822368622
0.46982935070991516
0.5551974773406982
0.6324943900108337
0.45579463243484497
0.7604268789291382
0.31611859798431396
0.2817908227443695
0.672539472579956
0.5520089864730835
0.512205183506012
0.28811872005462646
0.16605745255947113
0.5165658593177795
0.72468101978302
0.5499140024185181
0.2591797411441803
0.32599663734436035
0.9078360199928284
0.8498857617378235
0.6009830832481384
0.23918229341506958
0.8923869132995605
0.661657452583313
0.6824220418930054
0.4675348997116089
0.5529362559318542
0.18250145018100739
0.7464900016784668
0.516411304473877
0.2270575314760208
0.17339874804019928
0.1829114705324173
0.9149829745292664
0.8958985209465027
0.37059301137924194
0.2209932804107666
0.3158183693885803
0.7375121712684631
0.4830609858036041
0.2802009880542755
0.21368470788002014
0.3638220727443695
0.6795752048492432
0.5516831874847412
0.26482927799224854
0.4960070848464966
0.2683933973312378
0.0       
0.0       
0.0       
0.0       
0.0       
0.0       
0.0       
0.0       
0.0       
0.0       
0.0       
0.0       
0.0       
0.0       
0.0       
0.0       
0.0       
0.0       
0.0       
0.0       
0.0       
0.0       
0.0       
0.0       
0.0       
0.0       
0.0       
0.0       
0.0       
0.4408791959285736
0.45325860381126404
0.5685486793518066
0.20973250269889832
0.7646273970603943
0.6617516279220581
0.4616338610649109
0.37133026123046875
0.2667262852191925
0.8167294263839722
0.8524856567382812
0.3198750913143158
0.325832337141037
0.45185014605522156
0.5295525193214417
0.7121667265892029
0.8483511805534363
0.3552953004837036
0.629881739616394
0.5035988688468933
0.5131836533546448
0.5802784562110901
0.29102301597595215
0.8484253287315369
0.7150300145149231
0.5718811750411987
0.4268448054790497
0.29522204399108887
0.3688164949417114
0.5764985680580139
0.5930953621864319
0.2789730429649353
0.4591915011405945
0.45082271099090576
0.3402060568332672
0.5989215970039368
0.6808910965919495
0.6015148758888245
0.4607184827327728
0.7776201367378235
0.7852423191070557
0.5259501338005066
0.4253980815410614
0.36548686027526855
0.3200065493583679
0.2772377133369446
0.5681675672531128
0.6236963868141174
0.4296828508377075
0.44484812021255493
0.33840593695640564
0.7752537131309509
0.5828596353530884
0.6325070858001709
0.5199775695800781
0.44450750946998596
0.535365104675293
0.7268312573432922
0.5584160685539246
0.31828898191452026
0.42155471444129944
0.49413737654685974
0.26092398166656494
0.4285424053668976
0.42811334133148193
0.6413717865943909
0.28451552987098694
0.6611730456352234
0.7813813090324402
0.7583034634590149
0.16369891166687012
0.508660078048706
0.7960944175720215
0.4565012454986572
0.4684792757034302
0.4664107859134674
0.49438127875328064
0.7482710480690002
0.44075626134872437
0.5352760553359985
0.5937084555625916
0.30770209431648254
0.734941840171814
0.31777632236480713
0.5092146396636963
0.4425850510597229
0.3765563368797302
0.6679794788360596
0.3776867687702179
0.19459794461727142
0.566521406173706
0.2663755714893341
0.535566508769989
0.24683943390846252
0.24483086168766022
0.3559715151786804
0.6080694198608398
0.36485618352890015
0.6050359606742859
0.65988689661026
0.4062594473361969
0.4263862073421478
0.5443649888038635
0.8759182691574097
0.7022908329963684
0.36505192518234253
0.7395272254943848
0.28285151720046997
0.47511881589889526
0.5524142384529114
0.27944257855415344
0.44243475794792175
0.5321840643882751
0.5660691857337952
0.5481846332550049
0.8540200591087341
0.7208504676818848
0.7050970792770386
0.4528287351131439
0.740593433380127
0.7617399096488953
0.44652312994003296
0.7241303324699402
0.6979471445083618
0.6418486833572388
0.3824363052845001
0.5775730013847351
0.6842525601387024
0.4636911153793335
0.5025535821914673
0.5891711115837097
0.7188296914100647
0.2888558506965637
0.6574760675430298
0.5689982771873474
0.3316868841648102
0.2714977562427521
0.7444398999214172
0.7157610058784485
0.4564916789531708
0.561508297920227
0.38163474202156067
0.39336249232292175
0.749635636806488
0.3181140720844269
0.0       
0.0       
0.0       
0.0       
0.0       
0.0       
0.0       
0.0       
0.0       
0.0       
0.0       
0.0       
0.0       
0.0       
0.0       
0.0       
0.0       
0.0       
0.0       
0.0       
0.0       
0.0       
0.0       
0.0       
0.0       
0.0       
0.0       
0.0       
0.0       
0.0       
0.3239060342311859
0.3950856029987335
0.6912436485290527
0.7089922428131104
0.7148755192756653
0.5449016690254211
0.4604114294052124
0.0       
0.5034804344177246
0.0       
0.4245471656322479
0.5534903407096863
0.5068711042404175
0.2773391604423523
0.0       
0.5440848469734192
0.37321943044662476
0.17182397842407227
0.0       
0.409761905670166
0.0       
0.426393985748291
0.0       
0.0       
0.20300184190273285
0.5036266446113586
0.7303022146224976
0.6865177154541016
0.7435072660446167
0.34117934107780457
0.6712146401405334
0.5803910493850708
0.25321248173713684
0.0       
0.0       
0.3974180519580841
0.6431156396865845
0.3743187487125397
0.6420800685882568
0.48708879947662354
0.5087088346481323
0.6129727363586426
0.6548930406570435
0.7333681583404541
0.7366272807121277
0.5075299739837646
0.7434465289115906
0.26532286405563354
0.0       
0.34998437762260437
0.510288417339325
0.5450192093849182
0.0       
0.4387490153312683
0.4686363935470581
0.0       
0.13198533654212952
0.14514626562595367
0.6857921481132507
0.3279394805431366
0.15109290182590485
0.4404139816761017
0.0       
0.7996969223022461
0.0       
0.0       
0.32681596279144287
0.15290795266628265
0.0       
0.6228451728820801
0.0       
0.0       
0.5055446624755859
0.19825704395771027
0.0       
0.19147014617919922
0.4261792302131653
0.7254282236099243
0.3333452343940735
0.48243778944015503
0.20200945436954498
0.44913995265960693
0.0       
0.29909512400627136
0.7055107951164246
0.0       
0.6094130277633667
0.0       
0.20059055089950562
0.5048046112060547
0.41715607047080994
0.0       
0.4409843683242798
0.0       
0.3882591426372528
0.0       
0.4639278054237366
0.49018922448158264
0.0       
0.21370603144168854
0.15799680352210999
0.14671817421913147
0.5146971344947815
0.1276991367340088
0.5071566104888916
0.7785400748252869
0.485659122467041
0.42591822147369385
0.0       
0.301393061876297
0.0       
0.24839605391025543
0.1572515070438385
0.7359073162078857
0.4981911778450012
0.0       
0.0       
0.0       
0.48115408420562744
0.8407308459281921
0.5524616241455078
0.0       
0.5902823209762573
0.38836759328842163
0.27978676557540894
0.6861545443534851
0.0       
0.3477066457271576
0.5146322846412659
0.0       
0.40801358222961426
0.577246904373169
0.0       
0.7828765511512756
0.4409123659133911
0.6147333383560181
0.5894905924797058
0.0       
0.0       
0.18745297193527222
0.5694988965988159
0.5300717949867249
0.6442500352859497
0.0       
0.5856074690818787
0.0       
0.24333393573760986
0.44808119535446167
0.27408912777900696
0.0       
0.6635347604751587
0.0       
0.7237220406532288
0.7802535891532898
0.7519055008888245
0.0       
0.6439024209976196
0.0       
0.7423104047775269
0.0       
0.2996823191642761
0.6085367202758789
0.38981199264526367
0.4384256601333618
0.0       
0.5332779884338379
0.6441242098808289
0.6821658611297607
0.5718178153038025
0.4167943298816681
0.7758066058158875
0.30967795848846436
0.2316918671131134
0.7400161623954773
0.4173598289489746
0.8264811635017395
0.6124746799468994
0.7398957014083862
0.0       
0.8388479351997375
0.5480980277061462
0.1955520361661911
0.0       
0.28372809290885925
0.0       
0.4140208065509796
0.0       
0.0       
0.0       
0.7607056498527527
0.4199392795562744
0.6650011539459229
0.7569575905799866
0.2758508026599884
0.596818745136261
0.48290547728538513
0.2210538685321808
0.2664884328842163
0.7394717335700989
0.8307299613952637
0.7247743010520935
0.43346548080444336
0.0       
0.3077061176300049
0.0       
0.0       
0.603551983833313
0.0       
0.39492371678352356
0.21822255849838257
0.2093866765499115
0.6802454590797424
0.29599830508232117
0.7254394888877869
0.3336959481239319
0.34652042388916016
0.7720867991447449
0.6163926720619202
0.6423447728157043
0.6266166567802429
0.41122308373451233
0.0       
0.0       
0.8812511563301086
0.6244148015975952
0.7082014679908752
0.5182955265045166
0.39865919947624207
0.0       
0.7015590667724609
0.0       
0.0       
0.0       
0.27597635984420776
0.5294417142868042
0.0       
0.5338469743728638
0.0       
0.1672477424144745
0.19965127110481262
0.40240055322647095
0.49927714467048645
0.15014269948005676
0.5422653555870056
0.0       
0.0       
0.48878607153892517
0.0       
0.6165508031845093
0.22992755472660065
0.3489573001861572
0.0       
0.4390007257461548
0.0       
0.7009459733963013
0.15264898538589478
0.0       
0.4094034433364868
0.4971010684967041
0.0       
0.6257592439651489
0.6626206636428833
0.5582258701324463
0.25889813899993896
0.5427300930023193
0.21345573663711548
0.6431015133857727
0.0       
0.5002028346061707
0.45458105206489563
0.49801793694496155
0.6980327367782593
0.46329039335250854
0.0       
0.4821931719779968
0.5566505789756775
0.3931964933872223
0.0       
0.28352561593055725
0.0       
0.4285438656806946
0.4229207932949066
0.173204243183136
0.2018829882144928
0.48239952325820923
0.5463950037956238
0.24633844196796417
0.6626206636428833
0.3608079254627228
0.18580913543701172
0.5618864297866821
0.0       
0.3064647614955902
0.0       
0.47944867610931396
0.17771239578723907
0.3322036862373352
0.21415559947490692
0.5400288701057434
0.22472374141216278
0.5217078328132629
0.0       
0.6046644449234009
0.6980327367782593
0.7416287660598755
0.6609968543052673
0.5398866534233093
0.0       
0.3371833264827728
0.5002028346061707
0.5704408884048462
0.47977715730667114
0.0       
0.0       
0.4258081018924713
0.5002028346061707
0.6165508031845093
0.5738270878791809
0.6381518244743347
0.2865515351295471
0.0       
0.15571247041225433
0.17213423550128937
0.28422456979751587
0.4773101508617401
0.6474268436431885
0.2584163546562195
0.33057746291160583
0.4290313720703125
0.6609968543052673
0.3465331196784973
0.16572478413581848
0.3611729145050049
0.5022433400154114
0.0       
0.37715116143226624
0.3959546983242035
0.0       
0.0       
0.0       
0.0       
0.18730366230010986
0.3123832046985626
0.0       
0.3742072284221649
0.23976843059062958
0.4334492087364197
0.0       
0.0       
0.7437552809715271
0.0       
0.7492759823799133
0.7802551984786987
0.5406940579414368
0.7044992446899414
0.24673080444335938
0.7650532722473145
0.26126396656036377
0.0       
0.6032512187957764
0.2862592339515686
0.0       
0.2965656816959381
0.812347948551178
0.0       
0.0       
0.25057730078697205
0.0       
0.2113199681043625
0.18782691657543182
0.7844923734664917
0.28524038195610046
0.7805908918380737
0.7988766431808472
0.600685179233551
0.322072297334671
0.20711413025856018
0.5181883573532104
0.0       
0.8038440346717834
0.0       
0.4980372190475464
0.2579093873500824
0.0       
0.7492759823799133
0.7805908918380737
0.7577356696128845
0.7498273849487305
0.3553227484226227
0.7542474269866943
0.4685452878475189
0.7846183180809021
0.6890223026275635
0.22409771382808685
0.0       
0.7730656862258911
0.2972244918346405
0.0       
0.0       
0.3843480944633484
0.6133502125740051
0.808832049369812
0.7300810813903809
0.34301134943962097
0.0       
0.7802551984786987
0.653149425983429
0.0       
0.8076346516609192
0.7978575825691223
0.3940528333187103
0.7983920574188232
0.7983920574188232
0.7871544361114502
0.0       
0.0       
0.0       
0.7586398720741272
0.0       
0.37721702456474304
0.7883873581886292
0.7863842844963074
0.7846183180809021
0.3056848645210266
0.7934251427650452
0.6461919546127319
0.7274710536003113
0.0       
0.37682682275772095
0.7670542597770691
0.7372223138809204
0.18611003458499908
0.6101389527320862
0.0       
0.7730656862258911
0.754669725894928
0.0       
0.0       
0.7982203364372253
0.2485315501689911
0.7767030596733093
0.3371886909008026
0.7614059448242188
0.7696447968482971
0.0       
0.7916212677955627
0.7696447968482971
0.0       
0.7844923734664917
0.0       
0.42119115591049194
0.30182722210884094
0.0       
0.2650876045227051
0.5826677680015564
0.7978575825691223
0.24409298598766327
0.7399837374687195
0.7863842844963074
0.3191608190536499
0.586452066898346
0.36839181184768677
0.9441105127334595
0.2368067353963852
0.3271488547325134
0.6850525736808777
0.2732839584350586
0.6387045979499817
0.3370888829231262
0.23795495927333832
0.5306599140167236
0.22688975930213928
0.23660290241241455
0.8846840262413025
0.4180223345756531
0.5884211659431458
0.3273044526576996
0.2279435694217682
0.9112775325775146
0.5609883666038513
0.3125176727771759
0.9136009812355042
0.8797549605369568
0.5749139189720154
0.5723429918289185
0.5129858255386353
0.5660784244537354
0.7721949815750122
0.3504675328731537
0.35680851340293884
0.6293929219245911
0.8642876744270325
0.8686586022377014
0.37026098370552063
0.7010450959205627
0.35957062244415283
0.6349878311157227
0.7180982828140259
0.46449264883995056
0.9076151251792908
0.8185794949531555
0.22653774917125702
0.7905354499816895
0.3117654621601105
0.37392863631248474
0.9300163388252258
0.34822455048561096
0.700007975101471
0.8206208348274231
0.7407457232475281
0.8408302664756775
0.8280412554740906
0.22226591408252716
0.39338114857673645
0.3660079836845398
0.8819815516471863
0.8783748745918274
0.20595937967300415
0.8721878528594971
0.8141576051712036
0.6182023882865906
0.39756152033805847
0.1962447464466095
0.7124806642532349
0.8556231260299683
0.4986152946949005
0.4538957178592682
0.6379643082618713
0.3704981505870819
0.660514771938324
0.44648292660713196
0.7353604435920715
0.5455184578895569
0.1702287793159485
0.244441419839859
0.8671103715896606
0.20595937967300415
0.5645979642868042
0.8655149936676025
0.20604105293750763
0.2701607644557953
0.7007881999015808
0.32220014929771423
0.20304805040359497
0.5863955616950989
0.9301183819770813
0.3642584979534149
0.608428418636322
0.4081833064556122
0.6815917491912842
0.7111068367958069
0.7153472900390625
0.8816654682159424
0.2774779200553894
0.6417598724365234
0.7215521335601807
0.1972178965806961
0.17476458847522736
0.3757830560207367
0.2177431285381317
0.47148486971855164
0.2586275637149811
0.8714060187339783
0.8508855700492859
0.6856239438056946
0.3502163290977478
0.5898297429084778
0.5791888236999512
0.49110281467437744
0.3983151614665985
0.6778103113174438
0.8582803010940552
0.35496261715888977
0.6216751933097839
0.6929807662963867
0.3078418970108032
0.3290397822856903
0.6325344443321228
0.6360964775085449
0.7629360556602478
0.669902503490448
0.678742527961731
0.6299104690551758
0.2209354043006897
0.6224051713943481
0.1995202600955963
0.6445126533508301
0.6732926368713379
0.7479156255722046
0.753166139125824
0.31128793954849243
0.2161943018436432
0.7259088158607483
0.7104624509811401
0.8779922127723694
0.85294508934021
0.25948256254196167
0.576887845993042
0.6465387344360352
0.630139946937561
0.27820172905921936
0.6736895442008972
0.6278581619262695
0.8494871854782104
0.0       
0.0       
0.0       
0.0       
0.0       
0.0       
0.0       
0.0       
0.0       
0.0       
0.0       
0.0       
0.0       
0.0       
0.0       
0.0       
0.0       
0.0       
0.0       
0.0       
0.0       
0.0       
0.0       
0.0       
0.0       
0.0       
0.0       
0.0       
0.0       
