0.6259703426952825
0.6260847536533767
0.6242574108184726
0.2774848700768331
0.201225296950569
0.4416463579034122
0.32177879885261973
0.5035055587427593
0.39552674489948814
0.1705598324634252
0.5655364133672833
0.39277311629143696
0.17886807259129966
0.17489272407680634
0.134172121573628
0.5676507606469308
0.4995234156495485
0.7171095582837097
0.38462509407310463
0.30422952873756515
0.6181081701219036
0.3733560371074418
0.29093896548489795
0.4206555715751428
0.2733158809825831
0.47114127276478257
0.3020076229700521
0.40174433619496597
0.3316247893276483
0.2026667228640031
0.7786753713404018
0.43410580425282674
0.32711939178540206
0.1871903289885637
0.4415983504965517
0.4405573273916161
0.6899348171029942
0.3290629052475289
0.3825129722966416
0.22846874342733603
0.38070472031228064
0.5130496715168107
0.2360875581822519
0.3627094896060612
0.1620166171003854
0.6953373770812767
0.7124240081922473
0.5139054311962923
0.24553398189528153
0.3938772140884339
0.6855822383090846
0.7243026722341348
0.42265689279554763
0.21735321624242943
0.33611911783738435
0.3868787835449581
0.5289286857838569
0.6988037610964035
0.14215174456840973
0.11571234155241061
0.5938756526708779
0.6007747320260002
0.3695385977646346
0.21497747433782965
0.653708187391203
0.5125077804368772
0.6990686622473596
0.6002741277197856
0.7703662376482043
0.3505731922653901
0.6630777931275276
0.31549375079136155
0.22071730015547075
0.21956630180444936
0.17518144525947665
0.7195617890063808
0.38035622935086977
0.2853155904304572
0.3856563881110766
0.15135990784278874
0.39901730288108084
0.2919655833006942
0.28879319432960315
0.20296626435494147
0.3816116614467582
0.6254784852789186
0.5669006909036831
0.39485670590698874
0.19736128198005431
0.1906121691380145
0.4821878178629504
0.6377286690345763
0.28408778463589
0.2758366776461685
0.4631094147634407
0.6197834628927836
0.4739568898700419
0.31404028733403777
0.3686664658908434
0.4329296340475963
0.5025237940635776
0.3629651939199654
0.609592677507468
0.2556999899731274
0.22617639959744285
0.5257615112473992
0.4312244575632498
0.39892717159096946
0.23072534556247692
0.14051621276850312
0.40613520255470803
0.5714419797123469
0.4296309371325293
0.21062310544499496
0.26172183172770147
0.7380995861445037
0.6795364122670122
0.4726469889736826
0.19465040813555845
0.7197487750827349
0.5166248681789511
0.5353172098053314
0.36184144295874887
0.42534522625851423
0.15328146456285996
0.5847638953226273
0.39835883369508807
0.18760644703267193
0.14635843558064554
0.15289960033865047
0.7462546336798006
0.7280394732561177
0.29292961509804627
0.18200480799812713
0.25002831300784933
0.5876047576987311
0.38298792875935206
0.22771483541106452
0.17490942541020704
0.28384340492983995
0.5331292705079846
0.43088008563956137
0.21610595109431419
0.39145752395052114
0.21691751857997676
0.0       
0.0       
0.0       
0.0       
0.0       
0.0       
0.0       
0.0       
0.0       
0.0       
0.0       
0.0       
0.0       
0.0       
0.0       
0.0       
0.0       
0.0       
0.0       
0.0       
0.0       
0.0       
0.0       
0.0       
0.0       
0.0       
0.0       
0.0       
0.0       
0.3463536744441207
0.3580853381834892
0.44623934613642646
0.1740518108039959
0.6094983968455949
0.5265876637786882
0.36392166940437676
0.29214487318771276
0.2182254217618862
0.6514336907190774
0.6908776913191481
0.2552890435248436
0.2590211788084993
0.35109937327007756
0.40754332005949223
0.5561596130193358
0.6874742392838016
0.27939235309624166
0.49297685531343305
0.392409510325308
0.4065143841899186
0.45392594839269407
0.2318875400083522
0.675481905568919
0.5616819556667032
0.4523993808844615
0.3409837300862364
0.2361078893870996
0.2956407147785036
0.4528761018663694
0.4688541842703877
0.22557024185342645
0.3589004485356817
0.3589004485356817
0.2686567594886391
0.4678633594268291
0.5372545440104126
0.4681441430570068
0.359440058218766
0.6245223875652961
0.629497636100723
0.41088073591618013
0.3359896825571731
0.2877790166903651
0.2547001955385362
0.22213313447458916
0.4408275792004055
0.48840328567152724
0.33594318039922655
0.34688693118676284
0.27091076113998724
0.6240498394554947
0.45291797932748423
0.49131464565030925
0.4035657003705637
0.3520449753975221
0.41341750538819966
0.568235789058523
0.44349710349484894
0.25561656883335004
0.3310500353762933
0.38951319703503273
0.21157481115920973
0.33584065209475966
0.3354694979162929
0.5059634837053295
0.22621747594781993
0.516832414721776
0.6231157249453112
0.5993564182518298
0.13867651102859568
0.398736175101849
0.6404143622436074
0.3560748059520371
0.3638609764335712
0.36625786869541344
0.38427510856513436
0.5859434511383057
0.3450751957204865
0.41768791898313395
0.462552419441554
0.2454095079558991
0.5800262340972608
0.2558968430481059
0.3973078266583663
0.3478050529386998
0.29653054969344694
0.5250733446878861
0.2991403957509853
0.16185533748886005
0.44632415949708104
0.21424941105811968
0.42410343378128346
0.19950157223553333
0.2022256386388257
0.28197595827295174
0.4689279771597832
0.2872572306399981
0.47183786025938446
0.5142176559451208
0.32112373894284474
0.329709923120447
0.42721350043672146
0.7089650165904828
0.5575201058644588
0.2853257786128438
0.5823353891330818
0.22626881954245537
0.37187273673771415
0.4301749441795124
0.22547952136756066
0.35097379397402406
0.4143917465234068
0.43953428754770485
0.4293764038286554
0.682417266312374
0.5573932733714173
0.552093598218395
0.35067533314942523
0.5794396122621812
0.601293847695672
0.34874424020745565
0.5699900721655382
0.5433809154752112
0.49930926617277294
0.2997426902635567
0.45232345272785324
0.5436631167503982
0.36747769284149
0.3912030061855809
0.4571507247290043
0.5660755949722365
0.22964586995045355
0.521960382300918
0.4445737032020567
0.2648020963058606
0.21755278255740507
0.5849095767527537
0.5671980018171077
0.35694588292941276
0.4453809951418499
0.303267873831917
0.30980917169674527
0.5866800786203044
0.2531265608141098
0.0       
0.0       
0.0       
0.0       
0.0       
0.0       
0.0       
0.0       
0.0       
0.0       
0.0       
0.0       
0.0       
0.0       
0.0       
0.0       
0.0       
0.0       
0.0       
0.0       
0.0       
0.0       
0.0       
0.0       
0.0       
0.0       
0.0       
0.0       
0.0       
0.0       
0.260636250425307
0.3133029367464957
0.548349302761725
0.5575380860942438
0.5683024683592386
0.426812866943326
0.3627352641935069
0.0       
0.3939976759600228
0.0       
0.3317659464872946
0.4394226215231498
0.3971705569565529
0.22598861282152516
0.0       
0.4258618530779792
0.3005680191209059
0.14428126807473607
0.0       
0.32612416214357154
0.0       
0.3353056034538895
0.0       
0.0       
0.16898990499556987
0.3951803760037933
0.5762007161283833
0.5470393757217415
0.5892018904455121
0.27025240490431557
0.5302478357677707
0.46048495391973177
0.20604104574261228
0.0       
0.0       
0.3107107608120465
0.4974781530918335
0.2980621785940549
0.5019994011463815
0.38543973143356425
0.3958239140006867
0.4749423124736154
0.5115443013075982
0.5783331644091874
0.5792234820677358
0.39795316906889866
0.5847885085582369
0.21377001279916286
0.0       
0.2785683347399335
0.40065521538998894
0.42695119395554926
0.0       
0.3451560118794852
0.3689803059788943
0.0       
0.11658708884205371
0.12594643885330825
0.5379248518290893
0.26099909851615166
0.12979322277254202
0.3469404338973767
0.0       
0.6415967015805712
0.0       
0.0       
0.2594961431845064
0.12929988412509008
0.0       
0.48684105005476397
0.0       
0.0       
0.39326449066169644
0.16402381811354871
0.0       
0.1592946833218969
0.34080708063699205
0.5809349351028494
0.2661619284232444
0.38044688488447775
0.16745106507014018
0.3507794658104082
0.0       
0.24213994300916752
0.553555982068147
0.0       
0.4722635965774771
0.0       
0.16572479833712705
0.3935511616202838
0.32759062376840475
0.0       
0.34731120442506835
0.0       
0.3091656216697949
0.0       
0.36661954646865524
0.3822886505127485
0.0       
0.17774951192311406
0.13462619257256225
0.12618439606743337
0.4023292228185369
0.11105342792618789
0.3954834873447908
0.618905909305397
0.38538171005308186
0.3329392053871203
0.0       
0.24080893010254645
0.0       
0.20432950709414754
0.13506361533908162
0.5885569607252172
0.38837950211986083
0.0       
0.0       
0.0       
0.3732936155849451
0.6656415987436617
0.43095818339100234
0.0       
0.4672454919041371
0.30931437982434673
0.2262559760096714
0.5411106843814792
0.0       
0.2802562094552776
0.39869078534343316
0.0       
0.3257556283614669
0.45880703902912856
0.0       
0.6256554600165352
0.3460244365314544
0.4789126330668445
0.46102548625073325
0.0       
0.0       
0.156658366959328
0.4473065105044185
0.41521026387488646
0.5023186340287253
0.0       
0.4607921607267862
0.0       
0.20054628276654185
0.35161767831552027
0.22093263660805462
0.0       
0.5193976158017541
0.0       
0.5625030398409905
0.6170888934478889
0.6029277920857226
0.0       
0.506280581470552
0.0       
0.5864083762631367
0.0       
0.2409067206458282
0.48037609149603
0.3075163726325627
0.34884181940171644
0.0       
0.4167419756506696
0.5059008222210117
0.5304767677930755
0.45054125550416657
0.3320879878002394
0.6098188691348163
0.24999606610892045
0.19113431105870404
0.5800005410542362
0.33160858838472507
0.6589876969752737
0.4794911942850746
0.5789608592167497
0.0       
0.6831764400874505
0.4310574200006023
0.16301577307136572
0.0       
0.2295648713807461
0.0       
0.32797876309109597
0.0       
0.0       
0.0       
0.5985924118488448
0.3303277034615384
0.5213762742971682
0.5984248403195949
0.2213039237642045
0.46771081090648536
0.38135513859325343
0.18168795376291147
0.220134307558987
0.5793900675226702
0.661321960451474
0.5664683288627295
0.341494238153107
0.0       
0.24983244962375384
0.0       
0.0       
0.47300528470670145
0.0       
0.3120767219258802
0.1788212635220896
0.17230329118024557
0.5270033198370108
0.23927126746235672
0.5688096106281968
0.26818459259772
0.2767735375273652
0.6094542838178683
0.47352103921017275
0.5051751984922248
0.48931471006204674
0.3294342624760702
0.0       
0.0       
0.7204204667104932
0.48503296493640846
0.5515558067145463
0.4049051081822199
0.3191389930012889
0.0       
0.551893788664021
0.0       
0.0       
0.0       
0.2240237325422081
0.4183211482735629
0.0       
0.4168510297466952
0.0       
0.14172461175134288
0.16859358908938304
0.3203847266380677
0.3919821078343979
0.13287049473817447
0.4210522998458579
0.0       
0.0       
0.3873574064518017
0.0       
0.4825852371252495
0.18839034219766493
0.28041753794108004
0.0       
0.3449213630361214
0.0       
0.5595541523689462
0.13164711058288958
0.0       
0.32272945557656385
0.3929977278124994
0.0       
0.4935504480005335
0.5211476795791583
0.437045683937086
0.212492090222832
0.4313497178233696
0.18017509080351957
0.5105882876256693
0.0       
0.4013083292346806
0.3577029414379105
0.3934585840451952
0.5487686018469162
0.36574618189107255
0.0       
0.381141901539209
0.43426675392771585
0.31170689704254073
0.0       
0.23026419695817424
0.0       
0.3402597443002975
0.33607654587525815
0.14833247662455395
0.16797499599654575
0.3812219780520678
0.4313453334070836
0.20426320579673618
0.5211476795791583
0.2859862331247456
0.158694476059126
0.4391313134989083
0.0       
0.24588028279883734
0.0       
0.37402697885187663
0.1507114920414665
0.26687612745547895
0.17904470151887697
0.4259491420902215
0.18607767719160861
0.4084268879188393
0.0       
0.4824633444807205
0.5487686018469162
0.5816501342653879
0.5226903738682189
0.4300291384177548
0.0       
0.27015772012024186
0.4013083292346806
0.4455245267196837
0.3765842013688179
0.0       
0.0       
0.33510800303759325
0.4013083292346806
0.4825852371252495
0.4498103650410066
0.4992758252581133
0.22900766561532748
0.0       
0.13376319791419267
0.1492816642436532
0.22973905310948428
0.36958555784218916
0.505441112483723
0.21150249260088927
0.26532764392983665
0.33782912664111464
0.5226903738682189
0.27526735590187457
0.14308620896771007
0.2863941257851508
0.39249666181789067
0.0       
0.3013260963243489
0.30971973499385186
0.0       
0.0       
0.0       
0.0       
0.15692884303339927
0.2525572872557156
0.0       
0.30163674399065954
0.19784718969820947
0.34239348126721225
0.0       
0.0       
0.5829734432454678
0.0       
0.5923267816999811
0.617666442753805
0.426197521250149
0.5546620074307071
0.20289862740501352
0.5991735142561225
0.21648799874204006
0.0       
0.47048003215445533
0.2340657504218422
0.0       
0.2398373707513537
0.6429752133682456
0.0       
0.0       
0.20622785278947564
0.0       
0.1761808347947067
0.15891012458297737
0.6135904243676329
0.2315340034020119
0.6123326003763765
0.6302341700125034
0.46740440298896146
0.2579560522798694
0.1740179190465483
0.40827620865545455
0.0       
0.635061728899732
0.0       
0.3867871424421452
0.2156566693873998
0.0       
0.5923267816999811
0.6123326003763765
0.5927418250212533
0.6002765290876511
0.2904402113381508
0.5833890213369983
0.3694057777759099
0.6195956850775453
0.5373663057819158
0.1838287929900595
0.0       
0.6105533036374169
0.2414592308684016
0.0       
0.0       
0.30744524614243574
0.47709505415447495
0.6533660712364195
0.571370160465623
0.27099868936639737
0.0       
0.617666442753805
0.5088748526241638
0.0       
0.6519466204592881
0.6346383898700338
0.3133882845700988
0.6413441651162088
0.6413441651162088
0.6334310777988073
0.0       
0.0       
0.0       
0.6019182477490723
0.0       
0.2968102692929939
0.6245657236299884
0.6212926292926433
0.6195956850775453
0.24601002008638773
0.6331491354886829
0.5072806108744352
0.5719306866542553
0.0       
0.3039089393954306
0.615021264103266
0.5835005653004863
0.15816269181647158
0.47233093913929736
0.0       
0.6105533036374169
0.5891748054426706
0.0       
0.0       
0.6321337339910684
0.2042980927856206
0.6131688904426937
0.2735101736885923
0.5973172638110924
0.6032915314191065
0.0       
0.6227470915800701
0.6032915314191065
0.0       
0.6135904243676329
0.0       
0.3355979352039782
0.24600002770981533
0.0       
0.21761050152804273
0.4539986373717433
0.6346383898700338
0.20234785614196316
0.5788850317131278
0.6212926292926433
0.24582433695048067
0.4627877309727104
0.2896591982200256
0.7887178484939028
0.19315226379161743
0.25128744465661157
0.5387986530582225
0.2214874821962809
0.5059082837368614
0.2587749150473293
0.1928832752781915
0.40475682437702076
0.1837664680518012
0.18831020306429824
0.7281240013726666
0.33158277753047116
0.4594000732919348
0.2576651519354165
0.18606379324609534
0.7512571156769674
0.43643127189173825
0.24784210101201154
0.7495695312642603
0.7177737558073574
0.45112732385834775
0.4495225069429267
0.40717187398451316
0.4423144543342836
0.6265777929614025
0.28072864914798856
0.28516890077304424
0.49109925578637004
0.7045705351093865
0.7085433065376492
0.29352097741196204
0.5565452463025053
0.2863613994698291
0.4986841821674979
0.568871648157657
0.3617052817633102
0.7416059562561408
0.6569383115866003
0.18547415303524772
0.6295351855986588
0.2513865330593177
0.30107839986158424
0.7803203061388473
0.28011070019192985
0.5538409016402426
0.6672956409659037
0.5946090666663082
0.6783304994314996
0.6656557013904809
0.18160849122674794
0.3113016399005666
0.28784731920319473
0.7166346709729545
0.7127228775311245
0.171346555966033
0.7106642662400908
0.6636648180947304
0.48695392790094516
0.31739877391841276
0.16230992753627138
0.5662985879586167
0.69334424766636
0.3865909957972349
0.3651620201845027
0.4990464861448487
0.29186208021161875
0.5232333087467431
0.3469143841620195
0.5813499678881726
0.4326641668662923
0.1434408367433413
0.197392237822144
0.7133639975402275
0.16758406950476346
0.44114082673337407
0.7054645788325367
0.16764100040987628
0.21108319015155885
0.5536296886639924
0.25482938046485515
0.1685376222541004
0.46001176310301517
0.7798432447998813
0.29102783488502837
0.4722839954597511
0.31395632025851583
0.5387493899490927
0.5642913514116685
0.5698439211194142
0.7190466664260384
0.22632011225147153
0.5054793359558154
0.5821615590390508
0.16341984227104778
0.1467935631088304
0.29579169398772365
0.1788056366562083
0.3750907723866135
0.2128353199289137
0.7127961453038587
0.6924603997572696
0.541676173490746
0.2801592832115638
0.45638243776444654
0.4523228915086044
0.3800567679279574
0.31663011992749546
0.5350010842666961
0.6965725342367115
0.2806857640254954
0.4863979834000389
0.5548987251586937
0.23888647789217377
0.25861042033290005
0.497477900849308
0.49822633336919253
0.608760690821871
0.5280857979181555
0.5321165018526166
0.4982584769167353
0.1772383683984211
0.49066936925932225
0.16555440732492244
0.5023022433124993
0.5214234454090416
0.6045793400683266
0.5983432303212091
0.24525867544781832
0.17592983964631514
0.577184391805531
0.5677658199786038
0.7147117009330692
0.6919907718457239
0.21082338997166516
0.4375099108902738
0.5102465112904611
0.4948031110561857
0.22515211709504968
0.529171120931867
0.49095457507499773
0.6863567002153594
0.0       
0.0       
0.0       
0.0       
0.0       
0.0       
0.0       
0.0       
0.0       
0.0       
0.0       
0.0       
0.0       
0.0       
0.0       
0.0       
0.0       
0.0       
0.0       
0.0       
0.0       
0.0       
0.0       
0.0       
0.0       
0.0       
0.0       
0.0       
0.0       
