1.7281025648117065
1.723591685295105
1.724271297454834
1.6154972314834595
1.5701720714569092
1.7039393186569214
1.656559944152832
1.7260136604309082
1.6887295246124268
1.5524280071258545
1.7169891595840454
1.6635630130767822
1.5469714403152466
1.5578120946884155
1.5414808988571167
1.69454026222229
1.683080792427063
1.73479163646698
1.6371088027954102
1.6048762798309326
1.7294975519180298
1.6656370162963867
1.6348437070846558
1.6558363437652588
1.6387202739715576
1.6963766813278198
1.648835301399231
1.685530185699463
1.6646931171417236
1.5582857131958008
1.766761064529419
1.6583017110824585
1.615675926208496
1.539414644241333
1.6536474227905273
1.677760362625122
1.7622532844543457
1.6543699502944946
1.6760565042495728
1.5736958980560303
1.6193770170211792
1.6898397207260132
1.5768814086914062
1.6453254222869873
1.5389397144317627
1.739722490310669
1.7638978958129883
1.7094669342041016
1.5946730375289917
1.662246823310852
1.742085576057434
1.7663309574127197
1.6796587705612183
1.576456904411316
1.6693764925003052
1.6678234338760376
1.7018284797668457
1.7653136253356934
1.5160863399505615
1.4782805442810059
1.729101300239563
1.7308577299118042
1.664177656173706
1.5839927196502686
1.744429349899292
1.6686244010925293
1.7172850370407104
1.7045122385025024
1.7479990720748901
1.6432175636291504
1.760319709777832
1.6385806798934937
1.580492615699768
1.5933579206466675
1.5439536571502686
1.7649747133255005
1.6633449792861938
1.625984787940979
1.6506550312042236
1.5120998620986938
1.666770339012146
1.6210758686065674
1.6186273097991943
1.5680601596832275
1.664018154144287
1.7350841760635376
1.726809024810791
1.6526938676834106
1.573286771774292
1.5655490159988403
1.6823674440383911
1.7388956546783447
1.635951280593872
1.6076487302780151
1.6769362688064575
1.7487186193466187
1.6976608037948608
1.6310734748840332
1.6501402854919434
1.671520709991455
1.678675651550293
1.6241341829299927
1.7025868892669678
1.5963447093963623
1.5611175298690796
1.7103437185287476
1.676149845123291
1.677897334098816
1.5966322422027588
1.534665584564209
1.6534950733184814
1.718361258506775
1.6589601039886475
1.5630863904953003
1.6127318143844604
1.7614285945892334
1.7395159006118774
1.6874598264694214
1.5536994934082031
1.7505617141723633
1.706764817237854
1.7010509967803955
1.6563693284988403
1.671088457107544
1.5195002555847168
1.7250546216964722
1.669931173324585
1.5497212409973145
1.5373151302337646
1.536787986755371
1.7724517583847046
1.7664830684661865
1.6307870149612427
1.5521008968353271
1.5953441858291626
1.7054659128189087
1.6318833827972412
1.5816470384597778
1.5452940464019775
1.5946180820465088
1.718828558921814
1.6879123449325562
1.5845962762832642
1.6827486753463745
1.576651930809021
0.0       
0.0       
0.0       
0.0       
0.0       
0.0       
0.0       
0.0       
0.0       
0.0       
0.0       
0.0       
0.0       
0.0       
0.0       
0.0       
0.0       
0.0       
0.0       
0.0       
0.0       
0.0       
0.0       
0.0       
0.0       
0.0       
0.0       
0.0       
0.0       
1.6512374877929688
1.6480908393859863
1.6732128858566284
1.5327558517456055
1.7271801233291626
1.6767784357070923
1.6333529949188232
1.6379261016845703
1.5818663835525513
1.7634961605072021
1.7472455501556396
1.5956881046295166
1.6077253818511963
1.647093653678894
1.6583441495895386
1.711862564086914
1.7541958093643188
1.6339378356933594
1.6897659301757812
1.6513221263885498
1.6431750059127808
1.6782455444335938
1.5867153406143188
1.772719144821167
1.7107408046722412
1.667649507522583
1.6249114274978638
1.596564769744873
1.6221067905426025
1.6587692499160767
1.6782974004745483
1.5868715047836304
1.6649088859558105
1.6450406312942505
1.6117640733718872
1.6840542554855347
1.6930330991744995
1.6709195375442505
1.6438841819763184
1.7103861570358276
1.7134840488433838
1.6644259691238403
1.6283695697784424
1.6104509830474854
1.5801857709884644
1.585219144821167
1.675520420074463
1.6815237998962402
1.638790249824524
1.6659319400787354
1.5946851968765259
1.700999140739441
1.6755590438842773
1.6992067098617554
1.6607403755187988
1.6372381448745728
1.6712344884872437
1.7214730978012085
1.6561590433120728
1.5938796997070312
1.630076289176941
1.642993688583374
1.5581977367401123
1.648965835571289
1.6417450904846191
1.6935532093048096
1.5906425714492798
1.7077240943908691
1.738308310508728
1.72947096824646
1.5218794345855713
1.6513571739196777
1.6996095180511475
1.6467652320861816
1.6487125158309937
1.6461862325668335
1.6645922660827637
1.7218973636627197
1.6328929662704468
1.683040976524353
1.6842496395111084
1.5886582136154175
1.7051703929901123
1.5945411920547485
1.6638214588165283
1.6194918155670166
1.6254827976226807
1.7131943702697754
1.6200178861618042
1.537947654724121
1.679175853729248
1.587831735610962
1.6494035720825195
1.5713160037994385
1.5560044050216675
1.62061607837677
1.6821011304855347
1.624875545501709
1.6962721347808838
1.6814416646957397
1.6329272985458374
1.6242895126342773
1.6691995859146118
1.7601549625396729
1.7135850191116333
1.6262128353118896
1.7138671875
1.575640082359314
1.6539311408996582
1.6745566129684448
1.5717909336090088
1.6358723640441895
1.6653800010681152
1.673402190208435
1.6832512617111206
1.75529944896698
1.7423439025878906
1.707879662513733
1.6516449451446533
1.7259113788604736
1.7271175384521484
1.6428568363189697
1.7089579105377197
1.712479829788208
1.6906180381774902
1.6449284553527832
1.673676609992981
1.6882908344268799
1.6415311098098755
1.6570461988449097
1.6892372369766235
1.7149860858917236
1.5901615619659424
1.677698016166687
1.6708736419677734
1.603367805480957
1.5982413291931152
1.7309749126434326
1.709274411201477
1.6573920249938965
1.6705015897750854
1.6241751909255981
1.632077932357788
1.7289764881134033
1.611540675163269
0.0       
0.0       
0.0       
0.0       
0.0       
0.0       
0.0       
0.0       
0.0       
0.0       
0.0       
0.0       
0.0       
0.0       
0.0       
0.0       
0.0       
0.0       
0.0       
0.0       
0.0       
0.0       
0.0       
0.0       
0.0       
0.0       
0.0       
0.0       
0.0       
0.0       
1.5997583866119385
1.6253454685211182
1.6957701444625854
1.7152032852172852
1.7020608186721802
1.679942011833191
1.6526566743850708
0.0       
1.6663497686386108
0.0       
1.6492345333099365
1.660266637802124
1.6610866785049438
1.576035737991333
0.0       
1.6863493919372559
1.6201171875
1.5335578918457031
0.0       
1.6238945722579956
0.0       
1.6513930559158325
0.0       
0.0       
1.5557608604431152
1.6663672924041748
1.712990641593933
1.6938691139221191
1.724034309387207
1.6292157173156738
1.7015796899795532
1.6666066646575928
1.5672099590301514
0.0       
0.0       
1.648538589477539
1.7017576694488525
1.6323407888412476
1.6944801807403564
1.6686487197875977
1.6656991243362427
1.7114150524139404
1.7025707960128784
1.718723177909851
1.7294148206710815
1.6661931276321411
1.7278821468353271
1.596964716911316
0.0       
1.6216999292373657
1.6719322204589844
1.6800589561462402
0.0       
1.6609772443771362
1.6441152095794678
0.0       
1.4983237981796265
1.521427035331726
1.699123501777649
1.6092053651809692
1.5301578044891357
1.6464685201644897
0.0       
1.7204214334487915
0.0       
0.0       
1.627434492111206
1.5284324884414673
0.0       
1.7110971212387085
0.0       
0.0       
1.6783723831176758
1.565761685371399
0.0       
1.5352232456207275
1.6297804117202759
1.7002087831497192
1.6176471710205078
1.648201584815979
1.5392996072769165
1.665134310722351
0.0       
1.5922529697418213
1.7125301361083984
0.0       
1.7111077308654785
0.0       
1.545262098312378
1.6760122776031494
1.641134262084961
0.0       
1.646520733833313
0.0       
1.624000072479248
0.0       
1.6531702280044556
1.6625920534133911
0.0       
1.559022307395935
1.5174890756607056
1.5335419178009033
1.6693439483642578
1.484408974647522
1.6771469116210938
1.7340037822723389
1.6503033638000488
1.6490422487258911
0.0       
1.6168205738067627
0.0       
1.5794445276260376
1.5612452030181885
1.7096635103225708
1.6573041677474976
0.0       
0.0       
0.0       
1.6701220273971558
1.7500927448272705
1.6852871179580688
0.0       
1.6761332750320435
1.6268856525421143
1.5776727199554443
1.7069600820541382
0.0       
1.6091359853744507
1.6673376560211182
0.0       
1.6340696811676025
1.6709297895431519
0.0       
1.7285101413726807
1.6561638116836548
1.7090240716934204
1.6887638568878174
0.0       
0.0       
1.594080924987793
1.6728451251983643
1.6727700233459473
1.7059719562530518
0.0       
1.6850059032440186
0.0       
1.573723554611206
1.6554889678955078
1.6071070432662964
0.0       
1.7040668725967407
0.0       
1.721653938293457
1.7355592250823975
1.7063686847686768
0.0       
1.6972084045410156
0.0       
1.7023835182189941
0.0       
1.5983344316482544
1.6973570585250854
1.6421215534210205
1.6363449096679688
0.0       
1.6786271333694458
1.686866044998169
1.7071791887283325
1.6694447994232178
1.6274741888046265
1.7417833805084229
1.602230191230774
1.5726152658462524
1.7366039752960205
1.6473580598831177
1.7319797277450562
1.7092959880828857
1.7325127124786377
0.0       
1.7230528593063354
1.6675965785980225
1.5653455257415771
0.0       
1.6215428113937378
0.0       
1.6429539918899536
0.0       
0.0       
0.0       
1.7284373044967651
1.6511638164520264
1.7116565704345703
1.7231621742248535
1.5983715057373047
1.68436861038208
1.6544106006622314
1.5760811567306519
1.5601829290390015
1.7273197174072266
1.7478903532028198
1.729777455329895
1.639513611793518
0.0       
1.5878082513809204
0.0       
0.0       
1.677751898765564
0.0       
1.6296595335006714
1.6022378206253052
1.5643972158432007
1.7296857833862305
1.602211356163025
1.7208975553512573
1.6068717241287231
1.6145893335342407
1.7175291776657104
1.7100069522857666
1.7064359188079834
1.715610146522522
1.6211521625518799
0.0       
0.0       
1.7359428405761719
1.6973519325256348
1.714850902557373
1.6768397092819214
1.6256954669952393
0.0       
1.7196825742721558
0.0       
0.0       
0.0       
1.5966570377349854
1.6702449321746826
0.0       
1.692080020904541
0.0       
1.534523606300354
1.5243074893951416
1.6309458017349243
1.6733582019805908
1.5054826736450195
1.6712614297866821
0.0       
0.0       
1.6630523204803467
0.0       
1.7090988159179688
1.5659918785095215
1.616013526916504
0.0       
1.6479856967926025
0.0       
1.717789649963379
1.5222573280334473
0.0       
1.6329797506332397
1.6550235748291016
0.0       
1.6954548358917236
1.7040575742721558
1.6976269483566284
1.585176706314087
1.6637710332870483
1.5481808185577393
1.686206579208374
0.0       
1.655834674835205
1.6541732549667358
1.6558232307434082
1.7149423360824585
1.6628427505493164
0.0       
1.6499719619750977
1.6878025531768799
1.6243202686309814
0.0       
1.5682542324066162
0.0       
1.6258617639541626
1.6379674673080444
1.5198932886123657
1.5477951765060425
1.6517250537872314
1.6813827753067017
1.5374892950057983
1.7040575742721558
1.6305795907974243
1.540324330329895
1.6831940412521362
0.0       
1.6162081956863403
0.0       
1.6697900295257568
1.5422707796096802
1.6044625043869019
1.537662386894226
1.670962929725647
1.5430279970169067
1.6778366565704346
0.0       
1.6855922937393188
1.7149423360824585
1.7247400283813477
1.69327712059021
1.6618324518203735
0.0       
1.6264865398406982
1.655834674835205
1.696969747543335
1.6620659828186035
0.0       
0.0       
1.645856261253357
1.655834674835205
1.7090988159179688
1.6819987297058105
1.706465482711792
1.5805375576019287
0.0       
1.5099834203720093
1.5322577953338623
1.60061776638031
1.6693097352981567
1.7167234420776367
1.5570244789123535
1.603598952293396
1.6348724365234375
1.69327712059021
1.62448251247406
1.509447455406189
1.623390793800354
1.6866353750228882
0.0       
1.6111079454421997
1.6439422369003296
0.0       
0.0       
0.0       
0.0       
1.5268328189849854
1.582363486289978
0.0       
1.6003162860870361
1.55925452709198
1.646877408027649
0.0       
0.0       
1.7320321798324585
0.0       
1.7393323183059692
1.7391282320022583
1.6683993339538574
1.7197847366333008
1.581408977508545
1.73301100730896
1.5640199184417725
0.0       
1.6954448223114014
1.5647096633911133
0.0       
1.5876855850219727
1.7436611652374268
0.0       
0.0       
1.5664589405059814
0.0       
1.557007074356079
1.5475419759750366
1.7436254024505615
1.5692596435546875
1.7510101795196533
1.743211030960083
1.6960726976394653
1.5990924835205078
1.5411683320999146
1.6746954917907715
0.0       
1.7426791191101074
0.0       
1.6910306215286255
1.5492781400680542
0.0       
1.7393323183059692
1.7510101795196533
1.7321839332580566
1.7166192531585693
1.602329969406128
1.7529001235961914
1.6541887521743774
1.7487517595291138
1.7109971046447754
1.5499786138534546
0.0       
1.7294461727142334
1.5862728357315063
0.0       
0.0       
1.6095439195632935
1.7152670621871948
1.7238457202911377
1.7298229932785034
1.6046379804611206
0.0       
1.7391282320022583
1.7193108797073364
0.0       
1.7454471588134766
1.7445416450500488
1.6323566436767578
1.7237473726272583
1.7237473726272583
1.743102788925171
0.0       
0.0       
0.0       
1.7364764213562012
0.0       
1.647478461265564
1.7451826333999634
1.746697187423706
1.7487517595291138
1.5831489562988281
1.7446062564849854
1.695319414138794
1.7316352128982544
0.0       
1.6043328046798706
1.719639778137207
1.7310731410980225
1.544226050376892
1.7090909481048584
0.0       
1.7294461727142334
1.7501285076141357
0.0       
0.0       
1.7297433614730835
1.5577863454818726
1.7474040985107422
1.594353437423706
1.7398737668991089
1.7470102310180664
0.0       
1.73823881149292
1.7470102310180664
0.0       
1.7436254024505615
0.0       
1.6330264806747437
1.5771273374557495
0.0       
1.5723633766174316
1.685828685760498
1.7445416450500488
1.5637201070785522
1.74579656124115
1.746697187423706
1.6405235528945923
1.702560305595398
1.6397467851638794
1.7676829099655151
1.6074419021606445
1.6639540195465088
1.723354697227478
1.5846545696258545
1.699838638305664
1.6688073873519897
1.589252233505249
1.6833879947662354
1.5815227031707764
1.6145789623260498
1.7629213333129883
1.6511967182159424
1.6969929933547974
1.628173589706421
1.560530185699463
1.7790203094482422
1.70350980758667
1.6340440511703491
1.7716618776321411
1.7695049047470093
1.7046922445297241
1.6912832260131836
1.6691423654556274
1.6974225044250488
1.7305189371109009
1.6359509229660034
1.6222718954086304
1.7171556949615479
1.7737122774124146
1.75507390499115
1.6441465616226196
1.7139302492141724
1.6422340869903564
1.7111483812332153
1.724440574645996
1.6666796207427979
1.77481210231781
1.7649880647659302
1.5753893852233887
1.751068115234375
1.6035007238388062
1.6234302520751953
1.7763200998306274
1.6201486587524414
1.7240891456604004
1.7408063411712646
1.7214428186416626
1.7747857570648193
1.7590128183364868
1.5806348323822021
1.6567679643630981
1.6532491445541382
1.7771012783050537
1.777967929840088
1.5691953897476196
1.7738770246505737
1.7292832136154175
1.7033897638320923
1.635101318359375
1.5904890298843384
1.7115105390548706
1.7747975587844849
1.6794171333312988
1.6530746221542358
1.7109713554382324
1.6422096490859985
1.7107754945755005
1.6703256368637085
1.7311962842941284
1.6958210468292236
1.5537554025650024
1.5966726541519165
1.7774782180786133
1.6090044975280762
1.7055299282073975
1.7677439451217651
1.5966699123382568
1.6254266500473022
1.7238671779632568
1.646255612373352
1.5787415504455566
1.7052773237228394
1.7748650312423706
1.636646032333374
1.7086244821548462
1.6648533344268799
1.730094075202942
1.7147841453552246
1.7251592874526978
1.771095871925354
1.5825238227844238
1.7216672897338867
1.7243012189865112
1.57017982006073
1.5596364736557007
1.6623156070709229
1.551959753036499
1.6544195413589478
1.5793542861938477
1.7736808061599731
1.7668795585632324
1.7272056341171265
1.626900315284729
1.7115622758865356
1.6941308975219727
1.6988205909729004
1.6509652137756348
1.7166790962219238
1.7740075588226318
1.6338965892791748
1.7056910991668701
1.7296842336654663
1.6394157409667969
1.6437932252883911
1.715611219406128
1.7260358333587646
1.7279982566833496
1.7160485982894897
1.7250910997390747
1.6984459161758423
1.6270012855529785
1.7147339582443237
1.589315414428711
1.7094111442565918
1.7223128080368042
1.7122095823287964
1.7467631101608276
1.6500416994094849
1.5823708772659302
1.7343477010726929
1.7188442945480347
1.7651926279067993
1.77531099319458
1.587111473083496
1.7089405059814453
1.7108210325241089
1.7246122360229492
1.6054009199142456
1.714859962463379
1.7167372703552246
1.7737138271331787
0.0       
0.0       
0.0       
0.0       
0.0       
0.0       
0.0       
0.0       
0.0       
0.0       
0.0       
0.0       
0.0       
0.0       
0.0       
0.0       
0.0       
0.0       
0.0       
0.0       
0.0       
0.0       
0.0       
0.0       
0.0       
0.0       
0.0       
0.0       
0.0       
