0.6841822266578674
0.6748273372650146
0.6752098202705383
0.3196468651294708
0.2271438091993332
0.5361326336860657
0.4513777792453766
0.6162478923797607
0.4728517532348633
0.2119256556034088
0.6743788719177246
0.4845119118690491
0.22680319845676422
0.22147926688194275
0.17748917639255524
0.5800140500068665
0.5172593593597412
0.7063921093940735
0.40636146068573
0.3390514850616455
0.6797929406166077
0.45411697030067444
0.3504539132118225
0.47758781909942627
0.4197640120983124
0.5653116106987
0.39564844965934753
0.51352459192276
0.4298272728919983
0.2519359588623047
0.7771658897399902
0.46184617280960083
0.36196500062942505
0.21239282190799713
0.4713771343231201
0.5140460133552551
0.7562323212623596
0.41180485486984253
0.4667169153690338
0.2771625816822052
0.4492526352405548
0.5803269147872925
0.281638503074646
0.43058067560195923
0.20872251689434052
0.757274329662323
0.7813805937767029
0.5958420634269714
0.2909209132194519
0.4646458625793457
0.7235546708106995
0.7654414176940918
0.4999805688858032
0.2542174160480499
0.392195463180542
0.5033509731292725
0.6291835904121399
0.7558834552764893
0.18250636756420135
0.14441992342472076
0.685420036315918
0.689903199672699
0.46632248163223267
0.27010664343833923
0.7476580739021301
0.5031527280807495
0.6763311624526978
0.60806804895401
0.7511687278747559
0.4086228907108307
0.7606526017189026
0.40673044323921204
0.2792958617210388
0.264509379863739
0.2275182604789734
0.7705788016319275
0.46021509170532227
0.3602526783943176
0.46084722876548767
0.18024632334709167
0.4734148383140564
0.3880050480365753
0.37960562109947205
0.2640707790851593
0.46129125356674194
0.7129352688789368
0.6691960692405701
0.48657524585723877
0.25560951232910156
0.2663143575191498
0.5467243790626526
0.7102034091949463
0.3508045971393585
0.32718759775161743
0.5253205895423889
0.7321196794509888
0.5575645565986633
0.4082600176334381
0.44658780097961426
0.5161504745483398
0.5485256314277649
0.3972748816013336
0.6390067934989929
0.30759352445602417
0.267027348279953
0.6109331250190735
0.5048456192016602
0.4743770658969879
0.29128196835517883
0.18797051906585693
0.49037063121795654
0.6524881720542908
0.5073683261871338
0.24783822894096375
0.3363111615180969
0.7732635140419006
0.7140145897865295
0.5029065012931824
0.2337406873703003
0.7518110275268555
0.576583981513977
0.5719334483146667
0.40546247363090515
0.5129482746124268
0.19246302545070648
0.6620684862136841
0.5319804549217224
0.2234850376844406
0.20042815804481506
0.1973496526479721
0.7762748599052429
0.7647560834884644
0.3608977198600769
0.22168421745300293
0.2815682291984558
0.6430831551551819
0.4212862253189087
0.269381582736969
0.19955772161483765
0.291259229183197
0.6113492250442505
0.5474635362625122
0.2755085229873657
0.5190233588218689
0.2718067765235901
0.0       
0.0       
0.0       
0.0       
0.0       
0.0       
0.0       
0.0       
0.0       
0.0       
0.0       
0.0       
0.0       
0.0       
0.0       
0.0       
0.0       
0.0       
0.0       
0.0       
0.0       
0.0       
0.0       
0.0       
0.0       
0.0       
0.0       
0.0       
0.0       
0.4322221875190735
0.3866667151451111
0.49268391728401184
0.19171138107776642
0.6992325186729431
0.5684311389923096
0.35820987820625305
0.31111061573028564
0.24984389543533325
0.7490403056144714
0.7507655620574951
0.29935339093208313
0.28144872188568115
0.3829832375049591
0.4561595022678375
0.5860434174537659
0.7457717657089233
0.3288138210773468
0.5529804229736328
0.4180077016353607
0.4153960049152374
0.5116655826568604
0.2659367620944977
0.76450514793396
0.5857014060020447
0.49270883202552795
0.37754955887794495
0.2864634394645691
0.3392941951751709
0.50663822889328
0.54444819688797
0.24678020179271698
0.38321980834007263
0.4079529941082001
0.31607937812805176
0.5437723398208618
0.5906404852867126
0.5070286393165588
0.4175223708152771
0.656131386756897
0.6346305012702942
0.481626033782959
0.3903976380825043
0.30191850662231445
0.24780896306037903
0.2593482732772827
0.47497138381004333
0.56159907579422
0.4075111746788025
0.41049134731292725
0.27644315361976624
0.6617269515991211
0.5038244724273682
0.6043002009391785
0.4530046880245209
0.4041626751422882
0.485720157623291
0.6629952192306519
0.4832574427127838
0.27733638882637024
0.3894170820713043
0.38483503460884094
0.22514688968658447
0.3893504738807678
0.3737759590148926
0.544037401676178
0.24203737080097198
0.6017043590545654
0.7248984575271606
0.6995635628700256
0.15859003365039825
0.461111843585968
0.6288825273513794
0.41905200481414795
0.41201698780059814
0.41251906752586365
0.4857715368270874
0.6188792586326599
0.39119815826416016
0.44418108463287354
0.525843620300293
0.28383302688598633
0.628206193447113
0.3001064956188202
0.444383442401886
0.38949891924858093
0.3286322355270386
0.640058159828186
0.3403179943561554
0.17492057383060455
0.48279640078544617
0.24146351218223572
0.4327632188796997
0.25075826048851013
0.22018447518348694
0.3316207230091095
0.5252445340156555
0.3623757064342499
0.547636091709137
0.5618572235107422
0.3648416996002197
0.3702707588672638
0.47262683510780334
0.7490200400352478
0.6480798125267029
0.32536619901657104
0.6419110894203186
0.23450705409049988
0.4050077795982361
0.492363840341568
0.248761385679245
0.38377878069877625
0.492156058549881
0.5031976699829102
0.5326760411262512
0.7497659921646118
0.6933797597885132
0.6224461197853088
0.40704381465911865
0.6932930946350098
0.6845818161964417
0.42182546854019165
0.6348491311073303
0.6226707100868225
0.5807297825813293
0.35390445590019226
0.509861171245575
0.5496111512184143
0.4023987650871277
0.458115816116333
0.5694880485534668
0.6601961851119995
0.26652291417121887
0.5157767534255981
0.4834311008453369
0.29909735918045044
0.22966304421424866
0.6832596659660339
0.6533833146095276
0.4134507477283478
0.4970218539237976
0.32440707087516785
0.3383110463619232
0.6694613695144653
0.29241743683815
0.0       
0.0       
0.0       
0.0       
0.0       
0.0       
0.0       
0.0       
0.0       
0.0       
0.0       
0.0       
0.0       
0.0       
0.0       
0.0       
0.0       
0.0       
0.0       
0.0       
0.0       
0.0       
0.0       
0.0       
0.0       
0.0       
0.0       
0.0       
0.0       
0.0       
0.31017786264419556
0.3472915589809418
0.5557622909545898
0.617879331111908
0.5742520689964294
0.5084239840507507
0.43699297308921814
0.0       
0.4661533534526825
0.0       
0.40287503600120544
0.46470168232917786
0.4506681561470032
0.24996183812618256
0.0       
0.5019479393959045
0.35203817486763
0.2016402930021286
0.0       
0.37358492612838745
0.0       
0.4055320620536804
0.0       
0.0       
0.2239523082971573
0.46564534306526184
0.6206689476966858
0.5691068768501282
0.622898280620575
0.3568614423274994
0.5804896950721741
0.4879882335662842
0.2502616345882416
0.0       
0.0       
0.4117181599140167
0.592930018901825
0.35512056946754456
0.5606253147125244
0.437826544046402
0.46083760261535645
0.5738872289657593
0.5830704569816589
0.6361706852912903
0.6326144337654114
0.4676871597766876
0.6362050175666809
0.27473732829093933
0.0       
0.3315124809741974
0.4646030068397522
0.48866766691207886
0.0       
0.43367478251457214
0.4046982228755951
0.0       
0.15598784387111664
0.1767551302909851
0.5940147638320923
0.30941811203956604
0.18700852990150452
0.4057111442089081
0.0       
0.6525887846946716
0.0       
0.0       
0.3279002010822296
0.18829233944416046
0.0       
0.571250855922699
0.0       
0.0       
0.48771077394485474
0.21595260500907898
0.0       
0.19440379738807678
0.3719653785228729
0.6068676114082336
0.33417338132858276
0.41935914754867554
0.20752474665641785
0.4347393214702606
0.0       
0.28696209192276
0.6233248710632324
0.0       
0.5711846351623535
0.0       
0.21773448586463928
0.46311911940574646
0.3959706127643585
0.0       
0.40622782707214355
0.0       
0.3663126826286316
0.0       
0.4036980867385864
0.4440501928329468
0.0       
0.21785248816013336
0.1792931854724884
0.17702409625053406
0.47767865657806396
0.13761430978775024
0.46479350328445435
0.6516891121864319
0.43503546714782715
0.40326645970344543
0.0       
0.2949400246143341
0.0       
0.2599330544471741
0.18565118312835693
0.6101056337356567
0.4725484251976013
0.0       
0.0       
0.0       
0.4771151542663574
0.7294054627418518
0.5173212885856628
0.0       
0.504490077495575
0.3515426814556122
0.2563014328479767
0.6115724444389343
0.0       
0.3120670020580292
0.481499582529068
0.0       
0.3722269833087921
0.491023987531662
0.0       
0.6793230175971985
0.4275510013103485
0.572918176651001
0.5544185638427734
0.0       
0.0       
0.2143370360136032
0.4948519766330719
0.48209574818611145
0.591238260269165
0.0       
0.5011692643165588
0.0       
0.2396865040063858
0.4138669967651367
0.27280786633491516
0.0       
0.6038196086883545
0.0       
0.6567052602767944
0.7007912993431091
0.6179660558700562
0.0       
0.5775503516197205
0.0       
0.632879376411438
0.0       
0.29853555560112
0.5253365635871887
0.38854703307151794
0.3678721785545349
0.0       
0.48291197419166565
0.5604380965232849
0.6329574584960938
0.4625190198421478
0.382066011428833
0.6813156008720398
0.30720511078834534
0.23681792616844177
0.66971755027771
0.395790159702301
0.7010065913200378
0.519784688949585
0.6778583526611328
0.0       
0.6986919045448303
0.4843935966491699
0.21500739455223083
0.0       
0.3021394908428192
0.0       
0.39823973178863525
0.0       
0.0       
0.0       
0.6837751865386963
0.3947044312953949
0.6158286929130554
0.651600182056427
0.27438080310821533
0.5206450819969177
0.4417891502380371
0.2375415712594986
0.24941831827163696
0.636445164680481
0.7212936282157898
0.65798419713974
0.4004776179790497
0.0       
0.2740013003349304
0.0       
0.0       
0.5077282190322876
0.0       
0.36292415857315063
0.24409298598766327
0.2197038233280182
0.63764888048172
0.3028314411640167
0.6234492659568787
0.31504738330841064
0.34933191537857056
0.6683498620986938
0.5872536301612854
0.5787946581840515
0.5691272616386414
0.3596506714820862
0.0       
0.0       
0.7238721251487732
0.5692591071128845
0.6536697745323181
0.499024897813797
0.40418770909309387
0.0       
0.6253294348716736
0.0       
0.0       
0.0       
0.31849735975265503
0.47713157534599304
0.0       
0.5383713245391846
0.0       
0.18661589920520782
0.1972799301147461
0.4052107036113739
0.5138981938362122
0.16571171581745148
0.4792022407054901
0.0       
0.0       
0.47946202754974365
0.0       
0.57872074842453
0.261110782623291
0.3653152287006378
0.0       
0.40278223156929016
0.0       
0.5986591577529907
0.18953725695610046
0.0       
0.3954985439777374
0.5135956406593323
0.0       
0.5496892929077148
0.5732090473175049
0.5390865206718445
0.2904800772666931
0.45491141080856323
0.23004725575447083
0.5294279456138611
0.0       
0.4570070207118988
0.4589327871799469
0.45575273036956787
0.6075807213783264
0.4609673321247101
0.0       
0.43942874670028687
0.5320862531661987
0.3845194876194
0.0       
0.266834020614624
0.0       
0.3773132860660553
0.4070506989955902
0.19106605648994446
0.20654931664466858
0.4426184296607971
0.4860251247882843
0.2286902219057083
0.5732090473175049
0.3829718232154846
0.21078844368457794
0.5222501158714294
0.0       
0.33019280433654785
0.0       
0.5063519477844238
0.2018829882144928
0.34498512744903564
0.22566081583499908
0.4957542419433594
0.21938632428646088
0.5025637149810791
0.0       
0.5337982177734375
0.6075807213783264
0.6593776941299438
0.5690194964408875
0.47406619787216187
0.0       
0.3618179261684418
0.4570070207118988
0.558891236782074
0.4807513654232025
0.0       
0.0       
0.4188421368598938
0.4570070207118988
0.57872074842453
0.571043074131012
0.6016833186149597
0.2613554000854492
0.0       
0.15648767352104187
0.1953926533460617
0.32290998101234436
0.49072059988975525
0.6184914708137512
0.25531578063964844
0.34375250339508057
0.4133511483669281
0.5690194964408875
0.3698772192001343
0.18845266103744507
0.3578355312347412
0.5082951784133911
0.0       
0.34378576278686523
0.4177914261817932
0.0       
0.0       
0.0       
0.0       
0.1933996081352234
0.280636191368103
0.0       
0.32680922746658325
0.25091999769210815
0.4453413784503937
0.0       
0.0       
0.6800137162208557
0.0       
0.6785276532173157
0.6944704651832581
0.47766101360321045
0.6231815218925476
0.2648628056049347
0.6804048418998718
0.2758648991584778
0.0       
0.5579232573509216
0.2826261818408966
0.0       
0.307991623878479
0.7118696570396423
0.0       
0.0       
0.2710016965866089
0.0       
0.24568630754947662
0.21362067759037018
0.7050412893295288
0.2673010230064392
0.6984801292419434
0.700334370136261
0.5529084801673889
0.3096471130847931
0.2244771122932434
0.4988582730293274
0.0       
0.7063149213790894
0.0       
0.5420100688934326
0.2404807060956955
0.0       
0.6785276532173157
0.6984801292419434
0.673952043056488
0.6292074918746948
0.3294244110584259
0.706618070602417
0.47216853499412537
0.696056067943573
0.6259056925773621
0.23906934261322021
0.0       
0.6394397616386414
0.27011412382125854
0.0       
0.0       
0.38240763545036316
0.6015840768814087
0.689965009689331
0.670373797416687
0.3141317069530487
0.0       
0.6944704651832581
0.6149023175239563
0.0       
0.6733003258705139
0.6930577754974365
0.3961002826690674
0.66083824634552
0.66083824634552
0.6598489284515381
0.0       
0.0       
0.0       
0.6478157043457031
0.0       
0.4411562383174896
0.6895963549613953
0.6799578070640564
0.696056067943573
0.28809890151023865
0.6808943152427673
0.5830900073051453
0.6589992046356201
0.0       
0.33738648891448975
0.638038694858551
0.6317874193191528
0.21903349459171295
0.5805237889289856
0.0       
0.6394397616386414
0.7008059024810791
0.0       
0.0       
0.6817595362663269
0.2651066780090332
0.699247419834137
0.31440460681915283
0.6784278750419617
0.7019897699356079
0.0       
0.6969133615493774
0.7019897699356079
0.0       
0.7050412893295288
0.0       
0.3734951913356781
0.2749100625514984
0.0       
0.2663881182670593
0.5402130484580994
0.6930577754974365
0.25731930136680603
0.6788452863693237
0.6799578070640564
0.32308143377304077
0.5981197953224182
0.3728201389312744
0.7704839110374451
0.2759876251220703
0.37109071016311646
0.6465935111045837
0.28901535272598267
0.5843973159790039
0.36532062292099
0.2533275783061981
0.5133298635482788
0.3128180503845215
0.23976843059062958
0.7266541719436646
0.4130175709724426
0.5595413446426392
0.39353734254837036
0.23399388790130615
0.7730404734611511
0.5804023146629333
0.317454069852829
0.7763322591781616
0.7577950358390808
0.5663268566131592
0.5450916290283203
0.4804466664791107
0.5491514205932617
0.658098578453064
0.35180050134658813
0.36085155606269836
0.6099025011062622
0.776561439037323
0.7498544454574585
0.3785024881362915
0.6184242367744446
0.3897317945957184
0.6139710545539856
0.6499723196029663
0.4556112289428711
0.778032660484314
0.7636416554450989
0.2572304308414459
0.7044274210929871
0.32058632373809814
0.3806217312812805
0.7754462957382202
0.34143224358558655
0.6408955454826355
0.6777675747871399
0.629294216632843
0.7688722014427185
0.728374183177948
0.24365486204624176
0.4075278639793396
0.3982360363006592
0.7761527895927429
0.7754442691802979
0.23462677001953125
0.774505615234375
0.6771260499954224
0.5834709405899048
0.4026916027069092
0.23174677789211273
0.6351230144500732
0.7636103630065918
0.469990998506546
0.4314684271812439
0.5853623151779175
0.3839684724807739
0.5846025943756104
0.42684775590896606
0.6628267765045166
0.5381863117218018
0.18330907821655273
0.28135037422180176
0.762104332447052
0.23306062817573547
0.5633410215377808
0.7576367855072021
0.26075679063796997
0.28045105934143066
0.6650699377059937
0.3570355176925659
0.22968757152557373
0.5662079453468323
0.7758312821388245
0.3969755172729492
0.5872126817703247
0.38699445128440857
0.6531009078025818
0.6366823315620422
0.6369085907936096
0.773493230342865
0.2659824788570404
0.6090224385261536
0.6179742217063904
0.21889472007751465
0.21511802077293396
0.38589048385620117
0.2251703143119812
0.44799432158470154
0.2662138342857361
0.7689568400382996
0.7504974007606506
0.6569386124610901
0.34770873188972473
0.5736744403839111
0.5720232725143433
0.480008065700531
0.40244996547698975
0.615054190158844
0.7576567530632019
0.37096932530403137
0.5949069261550903
0.6358491778373718
0.3551395535469055
0.3779163658618927
0.6028964519500732
0.6385814547538757
0.6612200140953064
0.6182762980461121
0.6394299268722534
0.5879197120666504
0.2674933075904846
0.5965337753295898
0.21922846138477325
0.604034960269928
0.6181859970092773
0.6373586058616638
0.7052494287490845
0.33989718556404114
0.22859077155590057
0.6725597381591797
0.6188021302223206
0.7606073617935181
0.7731338143348694
0.2856375277042389
0.5507156848907471
0.6012612581253052
0.6171389818191528
0.29375579953193665
0.6285454630851746
0.5892912149429321
0.7648693323135376
0.0       
0.0       
0.0       
0.0       
0.0       
0.0       
0.0       
0.0       
0.0       
0.0       
0.0       
0.0       
0.0       
0.0       
0.0       
0.0       
0.0       
0.0       
0.0       
0.0       
0.0       
0.0       
0.0       
0.0       
0.0       
0.0       
0.0       
0.0       
0.0       
