0.5317316055297852
0.5251480937004089
0.5244874358177185
0.2697025537490845
0.16253238916397095
0.44952502846717834
0.29749777913093567
0.5001654624938965
0.3868405222892761
0.14358192682266235
0.5176689624786377
0.34718984365463257
0.15614454448223114
0.1717241108417511
0.14018218219280243
0.43051719665527344
0.3956897258758545
0.546546220779419
0.28167563676834106
0.22720719873905182
0.5180982947349548
0.34043729305267334
0.26643359661102295
0.3108779788017273
0.27715563774108887
0.3979116976261139
0.28042420744895935
0.36402618885040283
0.30600497126579285
0.14791083335876465
0.6443776488304138
0.34871169924736023
0.23634901642799377
0.13620972633361816
0.3227759301662445
0.3595813512802124
0.6032515168190002
0.30291441082954407
0.3591594994068146
0.1738368421792984
0.2654592990875244
0.42736607789993286
0.18385276198387146
0.30341607332229614
0.14093312621116638
0.6113386154174805
0.6494401097297668
0.47338518500328064
0.2059253305196762
0.33849242329597473
0.5733562707901001
0.6156839728355408
0.34877607226371765
0.15491749346256256
0.34640106558799744
0.367269366979599
0.47489553689956665
0.6472741365432739
0.11707290261983871
0.09169324487447739
0.5144553184509277
0.5230445861816406
0.33225107192993164
0.17513711750507355
0.5861214995384216
0.3539401888847351
0.5203678011894226
0.46731287240982056
0.6185299158096313
0.29447317123413086
0.6316231489181519
0.27909713983535767
0.1810392141342163
0.2155914455652237
0.13327506184577942
0.6388677358627319
0.33064836263656616
0.2577241063117981
0.31397926807403564
0.10829827189445496
0.3741776645183563
0.26188549399375916
0.251492977142334
0.17942216992378235
0.35392633080482483
0.5642485022544861
0.5195199251174927
0.3274514079093933
0.17749449610710144
0.16486096382141113
0.41216057538986206
0.5754744410514832
0.2722954750061035
0.21861065924167633
0.3946414887905121
0.6032570004463196
0.4288075566291809
0.2802009880542755
0.30844148993492126
0.3575805425643921
0.4125681221485138
0.2792101502418518
0.48115864396095276
0.2117754966020584
0.1653440147638321
0.47120100259780884
0.34869372844696045
0.35886624455451965
0.20045031607151031
0.12197433412075043
0.32220104336738586
0.5123453140258789
0.3434112071990967
0.18423476815223694
0.2332739382982254
0.6358851194381714
0.5650807619094849
0.38565340638160706
0.14381283521652222
0.591371476650238
0.4412006735801697
0.4297434687614441
0.3197217881679535
0.354544073343277
0.11582759022712708
0.5112187266349792
0.36432206630706787
0.14393287897109985
0.1242883950471878
0.1304289549589157
0.6656597256660461
0.6431686878204346
0.2508353888988495
0.1404302567243576
0.20912371575832367
0.454044371843338
0.24965332448482513
0.17187678813934326
0.13486970961093903
0.18441538512706757
0.5030519366264343
0.42887842655181885
0.19029764831066132
0.41465944051742554
0.1876469999551773
0.0       
0.0       
0.0       
0.0       
0.0       
0.0       
0.0       
0.0       
0.0       
0.0       
0.0       
0.0       
0.0       
0.0       
0.0       
0.0       
0.0       
0.0       
0.0       
0.0       
0.0       
0.0       
0.0       
0.0       
0.0       
0.0       
0.0       
0.0       
0.0       
0.31437134742736816
0.28684550523757935
0.3575792908668518
0.1309494972229004
0.5489991903305054
0.3953089416027069
0.2807808220386505
0.24715471267700195
0.18430612981319427
0.6260635852813721
0.5980855226516724
0.2333908975124359
0.20833542943000793
0.2916034758090973
0.3331949710845947
0.4489800035953522
0.6034013032913208
0.2402668297290802
0.4232344627380371
0.3069888651371002
0.285263329744339
0.39044755697250366
0.1856604814529419
0.6470178365707397
0.43619218468666077
0.34523606300354004
0.26450297236442566
0.2123866230249405
0.2518616318702698
0.3520106077194214
0.4080984592437744
0.1952848583459854
0.30108708143234253
0.30103832483291626
0.23859398066997528
0.409651517868042
0.41827258467674255
0.3610590696334839
0.2909461557865143
0.4704495966434479
0.4728715717792511
0.35921135544776917
0.2846388816833496
0.22772490978240967
0.19608309864997864
0.19663341343402863
0.35426199436187744
0.4044695198535919
0.281005322933197
0.3049623966217041
0.19103620946407318
0.4729214310646057
0.36456766724586487
0.45326170325279236
0.3261454105377197
0.31047624349594116
0.35380250215530396
0.48700830340385437
0.3353196978569031
0.20229396224021912
0.28517401218414307
0.2998502552509308
0.15878382325172424
0.27674001455307007
0.2680045962333679
0.41018107533454895
0.1867348551750183
0.43050816655158997
0.5671813488006592
0.5373827219009399
0.10908724367618561
0.33222293853759766
0.46020516753196716
0.3094758987426758
0.29676616191864014
0.3057169020175934
0.35780736804008484
0.48351427912712097
0.274882972240448
0.3447250425815582
0.38186758756637573
0.21525530517101288
0.43833526968955994
0.2193806916475296
0.31383994221687317
0.2630208730697632
0.23943805694580078
0.4796885848045349
0.2504526972770691
0.1302405595779419
0.365620493888855
0.18524043262004852
0.2991470992565155
0.1705838292837143
0.1575341373682022
0.23538222908973694
0.3920477330684662
0.2728005647659302
0.39279136061668396
0.39523833990097046
0.2764529883861542
0.2600579559803009
0.3453894555568695
0.6274408102035522
0.5036637783050537
0.24835149943828583
0.4698482155799866
0.17853420972824097
0.2926290035247803
0.35851815342903137
0.17592985928058624
0.2757491171360016
0.33687588572502136
0.35950884222984314
0.3910682499408722
0.59471595287323
0.5515640377998352
0.46208563446998596
0.3015117347240448
0.5373678803443909
0.5445094108581543
0.2895069122314453
0.4804757237434387
0.4662131369113922
0.4286031723022461
0.25969114899635315
0.37479642033576965
0.39457523822784424
0.2867337763309479
0.3351071774959564
0.42320361733436584
0.5121014714241028
0.1870449334383011
0.38567420840263367
0.3327620029449463
0.22168149054050446
0.18358391523361206
0.5236450433731079
0.48988988995552063
0.2933078408241272
0.36878150701522827
0.23976843059062958
0.24945658445358276
0.5205066204071045
0.20817404985427856
0.0       
0.0       
0.0       
0.0       
0.0       
0.0       
0.0       
0.0       
0.0       
0.0       
0.0       
0.0       
0.0       
0.0       
0.0       
0.0       
0.0       
0.0       
0.0       
0.0       
0.0       
0.0       
0.0       
0.0       
0.0       
0.0       
0.0       
0.0       
0.0       
0.0       
0.2089119851589203
0.25997358560562134
0.4283815622329712
0.48185208439826965
0.4434475004673004
0.36438924074172974
0.2892736494541168
0.0       
0.33938977122306824
0.0       
0.3003981113433838
0.3391796946525574
0.3176880478858948
0.1741759181022644
0.0       
0.37643319368362427
0.26225465536117554
0.1243349239230156
0.0       
0.2466813623905182
0.0       
0.2985266447067261
0.0       
0.0       
0.1413041353225708
0.3539302945137024
0.4931352734565735
0.4297564923763275
0.4961026906967163
0.2397318035364151
0.4509132206439972
0.35676655173301697
0.16573786735534668
0.0       
0.0       
0.2910938262939453
0.44868919253349304
0.2706838846206665
0.4154779016971588
0.3260689377784729
0.3638506233692169
0.46624061465263367
0.4529096484184265
0.4991443455219269
0.5100379586219788
0.35515397787094116
0.5102599859237671
0.20448625087738037
0.0       
0.2327006608247757
0.35523444414138794
0.40651223063468933
0.0       
0.32307708263397217
0.2674592137336731
0.0       
0.09655053913593292
0.11392103135585785
0.44768738746643066
0.19744637608528137
0.12307582050561905
0.2903882563114166
0.0       
0.5064456462860107
0.0       
0.0       
0.2507281005382538
0.11394118517637253
0.0       
0.45720502734184265
0.0       
0.0       
0.37331220507621765
0.16140393912792206
0.0       
0.12575213611125946
0.26697906851768494
0.4684356153011322
0.24239270389080048
0.30803608894348145
0.12558698654174805
0.33098748326301575
0.0       
0.19606731832027435
0.4816470146179199
0.0       
0.4645431637763977
0.0       
0.13779686391353607
0.3586370348930359
0.29403313994407654
0.0       
0.29104703664779663
0.0       
0.267114520072937
0.0       
0.3017713129520416
0.3554423451423645
0.0       
0.15540386736392975
0.11758942157030106
0.11795423179864883
0.347149133682251
0.084416463971138
0.36348167061805725
0.5254632234573364
0.3235611319541931
0.3002125322818756
0.0       
0.21976546943187714
0.0       
0.17763808369636536
0.14129358530044556
0.47449642419815063
0.3369651138782501
0.0       
0.0       
0.0       
0.3439534902572632
0.5930263996124268
0.3864426612854004
0.0       
0.39000651240348816
0.24624304473400116
0.17453542351722717
0.46449944376945496
0.0       
0.21782660484313965
0.3514467477798462
0.0       
0.23869232833385468
0.3625909686088562
0.0       
0.5300024747848511
0.30706340074539185
0.44498410820961
0.40051332116127014
0.0       
0.0       
0.18953725695610046
0.3721191883087158
0.35464274883270264
0.4734898507595062
0.0       
0.39479807019233704
0.0       
0.17727579176425934
0.3101471960544586
0.21126636862754822
0.0       
0.44592800736427307
0.0       
0.5100493431091309
0.5468032956123352
0.46472495794296265
0.0       
0.4337833523750305
0.0       
0.4429115355014801
0.0       
0.2120130956172943
0.40069448947906494
0.2744697332382202
0.2678581476211548
0.0       
0.372778981924057
0.41394126415252686
0.46890658140182495
0.3598300814628601
0.257240891456604
0.5795727968215942
0.21381564438343048
0.1598736196756363
0.5489012598991394
0.2783735394477844
0.5521150231361389
0.44656461477279663
0.5467894673347473
0.0       
0.5307595133781433
0.35625725984573364
0.14912021160125732
0.0       
0.2345462143421173
0.0       
0.2967446744441986
0.0       
0.0       
0.0       
0.5504717826843262
0.29843437671661377
0.4676132798194885
0.5110023617744446
0.2104605883359909
0.37938129901885986
0.3368689715862274
0.1612478792667389
0.16176395118236542
0.517239511013031
0.5919918417930603
0.5276592969894409
0.29552504420280457
0.0       
0.18586015701293945
0.0       
0.0       
0.3469805121421814
0.0       
0.2397102415561676
0.19015063345432281
0.154491126537323
0.5305039286613464
0.20302674174308777
0.4937807023525238
0.19540461897850037
0.2173619270324707
0.51323401927948
0.45678088068962097
0.4688737988471985
0.4665183126926422
0.2534315884113312
0.0       
0.0       
0.5679305195808411
0.44921883940696716
0.49451321363449097
0.3710266053676605
0.2395353615283966
0.0       
0.4801237881183624
0.0       
0.0       
0.0       
0.18873222172260284
0.3411652743816376
0.0       
0.40116092562675476
0.0       
0.12938247621059418
0.1201782077550888
0.27005696296691895
0.3414536714553833
0.10523851215839386
0.33985522389411926
0.0       
0.0       
0.3182148337364197
0.0       
0.44939491152763367
0.16046074032783508
0.2323034703731537
0.0       
0.27745571732521057
0.0       
0.4750820994377136
0.10931605845689774
0.0       
0.27097785472869873
0.32065075635910034
0.0       
0.42028486728668213
0.4402596950531006
0.4214271306991577
0.17832982540130615
0.32546624541282654
0.13979122042655945
0.38969194889068604
0.0       
0.32962357997894287
0.2978307604789734
0.3193991184234619
0.4753665626049042
0.32634735107421875
0.0       
0.3036760091781616
0.41100382804870605
0.25282037258148193
0.0       
0.15771667659282684
0.0       
0.2537863850593567
0.27592840790748596
0.10927041620016098
0.13206300139427185
0.3090185821056366
0.34983089566230774
0.12570714950561523
0.4402596950531006
0.2597436308860779
0.12475136667490005
0.3839927017688751
0.0       
0.22139711678028107
0.0       
0.34461382031440735
0.13761430978775024
0.2139979600906372
0.13632746040821075
0.362093448638916
0.12751272320747375
0.37821194529533386
0.0       
0.3936413824558258
0.4753665626049042
0.5167809128761292
0.412578821182251
0.3324795961380005
0.0       
0.2408514767885208
0.32962357997894287
0.40312209725379944
0.3121087849140167
0.0       
0.0       
0.29901885986328125
0.32962357997894287
0.44939491152763367
0.3829224705696106
0.4458950459957123
0.16459447145462036
0.0       
0.09807039797306061
0.11791790276765823
0.19889545440673828
0.33875223994255066
0.4899449646472931
0.14536011219024658
0.21196627616882324
0.28203800320625305
0.412578821182251
0.2467050850391388
0.10864846408367157
0.24708585441112518
0.38347089290618896
0.0       
0.21729238331317902
0.2826681435108185
0.0       
0.0       
0.0       
0.0       
0.11773575097322464
0.17436157166957855
0.0       
0.20098750293254852
0.15283291041851044
0.29817262291908264
0.0       
0.0       
0.5498718023300171
0.0       
0.5588526129722595
0.5658055543899536
0.33170706033706665
0.5170043706893921
0.17967934906482697
0.5394977331161499
0.1512911319732666
0.0       
0.4134429395198822
0.1563475877046585
0.0       
0.17834557592868805
0.6076518297195435
0.0       
0.0       
0.15867957472801208
0.0       
0.14007389545440674
0.13817106187343597
0.582110583782196
0.15706735849380493
0.5881670713424683
0.5652907490730286
0.43453899025917053
0.199568971991539
0.13598519563674927
0.3532194197177887
0.0       
0.6056499481201172
0.0       
0.38161009550094604
0.14779101312160492
0.0       
0.5588526129722595
0.5881670713424683
0.5357445478439331
0.5074706077575684
0.2225712388753891
0.5892388820648193
0.3134170472621918
0.5965867638587952
0.4784832000732422
0.1459289938211441
0.0       
0.503808319568634
0.16526488959789276
0.0       
0.0       
0.22109514474868774
0.4730125069618225
0.5210391879081726
0.5436990857124329
0.19645310938358307
0.0       
0.5658055543899536
0.485368937253952
0.0       
0.5674561858177185
0.5847373604774475
0.2443152517080307
0.5146679878234863
0.5146679878234863
0.5530909895896912
0.0       
0.0       
0.0       
0.540374755859375
0.0       
0.2748315930366516
0.565264105796814
0.5706259608268738
0.5965867638587952
0.16953639686107635
0.567821204662323
0.43246397376060486
0.5412883758544922
0.0       
0.21357488632202148
0.5162560939788818
0.5226874947547913
0.13159485161304474
0.45299234986305237
0.0       
0.503808319568634
0.595496654510498
0.0       
0.0       
0.5407527089118958
0.16015712916851044
0.582513689994812
0.19532081484794617
0.5511711239814758
0.5754941701889038
0.0       
0.5554912686347961
0.5754941701889038
0.0       
0.582110583782196
0.0       
0.24688681960105896
0.16994434595108032
0.0       
0.16681961715221405
0.3810443878173828
0.5847373604774475
0.1543131172657013
0.5749043822288513
0.5706259608268738
0.2673506736755371
0.41600483655929565
0.29245999455451965
0.6490797400474548
0.2055426836013794
0.2792251408100128
0.5032628774642944
0.18974675238132477
0.4101046621799469
0.34249889850616455
0.19578640162944794
0.37704551219940186
0.17572717368602753
0.21642643213272095
0.6097095608711243
0.31843888759613037
0.40459179878234863
0.24356035888195038
0.154329314827919
0.6633689403533936
0.4332073926925659
0.2645334005355835
0.6387546062469482
0.6327736973762512
0.4322749078273773
0.3988800346851349
0.35392433404922485
0.4404878616333008
0.5288676023483276
0.2745628356933594
0.2558578848838806
0.46316584944725037
0.6375946998596191
0.608629047870636
0.2796473503112793
0.4607100486755371
0.2776898741722107
0.4704771041870117
0.5022132992744446
0.3175656199455261
0.6421784162521362
0.624869167804718
0.15991003811359406
0.5820834040641785
0.20314039289951324
0.2567654550075531
0.6543658971786499
0.2333301156759262
0.49237513542175293
0.550866961479187
0.4960668683052063
0.641128659248352
0.5930017232894897
0.17115682363510132
0.31200286746025085
0.30004414916038513
0.6453536152839661
0.6500110030174255
0.16053996980190277
0.6588691473007202
0.5300629138946533
0.4265623986721039
0.26182106137275696
0.1834345906972885
0.4590315520763397
0.6469619274139404
0.3678310215473175
0.3055233955383301
0.46433815360069275
0.27458858489990234
0.45577746629714966
0.31777265667915344
0.5257030129432678
0.3985986113548279
0.14806707203388214
0.19752365350723267
0.6347730159759521
0.2232796847820282
0.4409140348434448
0.6363990902900696
0.19272130727767944
0.23383834958076477
0.5202744007110596
0.2735781967639923
0.17073360085487366
0.44850149750709534
0.6521692276000977
0.2524706721305847
0.45402026176452637
0.3133576214313507
0.515415608882904
0.4819091558456421
0.49311721324920654
0.6453818678855896
0.18745748698711395
0.4802960455417633
0.4999023675918579
0.1549975425004959
0.1455150544643402
0.3171696662902832
0.1459002047777176
0.3058595061302185
0.19088660180568695
0.6389952898025513
0.6357399225234985
0.4990898072719574
0.2485566884279251
0.4264405071735382
0.4177093803882599
0.4025438725948334
0.29588648676872253
0.48373326659202576
0.634091854095459
0.2445734739303589
0.45057937502861023
0.5054614543914795
0.264467716217041
0.26892396807670593
0.4913701117038727
0.5010413527488708
0.5142714977264404
0.46784788370132446
0.5103936195373535
0.4335551857948303
0.21510009467601776
0.48017868399620056
0.18897968530654907
0.456813782453537
0.5006600618362427
0.4706307053565979
0.5539277791976929
0.28635886311531067
0.16456104815006256
0.5428277254104614
0.49336138367652893
0.6241897940635681
0.643829882144928
0.1687239408493042
0.4432138502597809
0.447818785905838
0.5035675764083862
0.20830580592155457
0.47795018553733826
0.4792492389678955
0.6375213265419006
0.0       
0.0       
0.0       
0.0       
0.0       
0.0       
0.0       
0.0       
0.0       
0.0       
0.0       
0.0       
0.0       
0.0       
0.0       
0.0       
0.0       
0.0       
0.0       
0.0       
0.0       
0.0       
0.0       
0.0       
0.0       
0.0       
0.0       
0.0       
0.0       
