0.7180390954017639
0.7184334993362427
0.7172620296478271
0.40885671973228455
0.2867576479911804
0.5924926400184631
0.44596612453460693
0.6690481901168823
0.5171759128570557
0.24678020179271698
0.6808540225028992
0.4975298047065735
0.27366209030151367
0.2816239297389984
0.20259159803390503
0.6620412468910217
0.6047947406768799
0.7822722792625427
0.49106720089912415
0.38875195384025574
0.7399505376815796
0.48684796690940857
0.395199716091156
0.5555107593536377
0.40743446350097656
0.5630998015403748
0.4063878059387207
0.5079368352890015
0.4492122530937195
0.3021266460418701
0.8473069071769714
0.48871544003486633
0.39617279171943665
0.2507224678993225
0.4871158003807068
0.5732006430625916
0.7718433141708374
0.42466020584106445
0.46088823676109314
0.32123321294784546
0.5053883790969849
0.6424353122711182
0.33554500341415405
0.4815278947353363
0.2422340214252472
0.7675622701644897
0.7834574580192566
0.6423304080963135
0.3486466109752655
0.45736345648765564
0.7652075290679932
0.7929736971855164
0.5067068934440613
0.3152387738227844
0.4049007296562195
0.5275740623474121
0.6611305475234985
0.8531493544578552
0.21605587005615234
0.1786021739244461
0.7087472677230835
0.7158145308494568
0.4924744665622711
0.29925084114074707
0.7808107733726501
0.6003022193908691
0.7928497195243835
0.7023742198944092
0.8538993000984192
0.4471586346626282
0.7918756604194641
0.42128077149391174
0.35984519124031067
0.297160267829895
0.27667850255966187
0.8274017572402954
0.47051796317100525
0.38879311084747314
0.4878350496292114
0.21723440289497375
0.4937344789505005
0.4093477129936218
0.39322906732559204
0.28899577260017395
0.48503005504608154
0.735998809337616
0.6855721473693848
0.4839039146900177
0.2807714343070984
0.2854098677635193
0.5970515608787537
0.7795966267585754
0.3991307020187378
0.3800280690193176
0.5659214854240417
0.7824240326881409
0.5921117067337036
0.4142790734767914
0.440486878156662
0.5179675817489624
0.6138393878936768
0.4486616253852844
0.6920279264450073
0.30967003107070923
0.28921863436698914
0.64154452085495
0.5344947576522827
0.5068723559379578
0.3370535671710968
0.21958878636360168
0.5107430219650269
0.7097899913787842
0.5410187840461731
0.29050421714782715
0.3507373034954071
0.7900773882865906
0.7492274641990662
0.5917390584945679
0.29024919867515564
0.7776076793670654
0.6220481395721436
0.6519715785980225
0.4595634639263153
0.4919687509536743
0.2433895766735077
0.7240805625915527
0.5269288420677185
0.2875688970088959
0.23101992905139923
0.23066721856594086
0.8111252188682556
0.8003072738647461
0.3699817955493927
0.29750335216522217
0.383899986743927
0.7209337949752808
0.4776524603366852
0.31321075558662415
0.24573035538196564
0.35053572058677673
0.6344021558761597
0.5582984685897827
0.32604679465293884
0.4988747537136078
0.3215964138507843
0.0       
0.0       
0.0       
0.0       
0.0       
0.0       
0.0       
0.0       
0.0       
0.0       
0.0       
0.0       
0.0       
0.0       
0.0       
0.0       
0.0       
0.0       
0.0       
0.0       
0.0       
0.0       
0.0       
0.0       
0.0       
0.0       
0.0       
0.0       
0.0       
0.45015949010849
0.48978766798973083
0.5752422213554382
0.29029878973960876
0.7767130136489868
0.628027081489563
0.46782177686691284
0.4351670444011688
0.30733439326286316
0.8147402405738831
0.8288619518280029
0.391846626996994
0.3821747601032257
0.4773874282836914
0.5454599857330322
0.6634699106216431
0.7913953065872192
0.4023715555667877
0.6230117678642273
0.5364682674407959
0.5171524882316589
0.5936193466186523
0.35974448919296265
0.8345733880996704
0.6773181557655334
0.528136670589447
0.4517971873283386
0.3341481685638428
0.38527825474739075
0.606391191482544
0.61850506067276
0.36074739694595337
0.5045629739761353
0.4510076344013214
0.3799211382865906
0.6036749482154846
0.6695182919502258
0.6013443470001221
0.4912129342556
0.6837499141693115
0.7172831296920776
0.5420601963996887
0.45735183358192444
0.4289094805717468
0.36612552404403687
0.3323288857936859
0.5584576725959778
0.643458366394043
0.4757196605205536
0.47207096219062805
0.3797250986099243
0.7055814862251282
0.6036456823348999
0.625374972820282
0.5436627268791199
0.4970720708370209
0.5747941136360168
0.6893447041511536
0.5536637902259827
0.3619285523891449
0.45424073934555054
0.49187687039375305
0.33950331807136536
0.45345884561538696
0.49273043870925903
0.6304434537887573
0.3464413285255432
0.6384132504463196
0.7430955767631531
0.7139063477516174
0.23860929906368256
0.5310060381889343
0.7514930963516235
0.46656811237335205
0.4971168041229248
0.48059412837028503
0.5225975513458252
0.689335286617279
0.46264931559562683
0.559002697467804
0.5991796851158142
0.36026397347450256
0.6817633509635925
0.3697459399700165
0.554905354976654
0.4889009892940521
0.45184335112571716
0.6488733887672424
0.41509783267974854
0.2876547574996948
0.5761463046073914
0.3550262153148651
0.5341106057167053
0.32651591300964355
0.30188846588134766
0.40015435218811035
0.6169376373291016
0.42430076003074646
0.5918275713920593
0.6354489326477051
0.47378700971603394
0.4580526649951935
0.5560508966445923
0.784080445766449
0.695073664188385
0.43701231479644775
0.6997954249382019
0.35537442564964294
0.5021497011184692
0.5639092326164246
0.33470526337623596
0.44322440028190613
0.5505316853523254
0.5698497295379639
0.5427244305610657
0.8025227189064026
0.7214797139167786
0.7178653478622437
0.5086645483970642
0.7059569954872131
0.72594153881073
0.48876097798347473
0.6773163676261902
0.6963411569595337
0.6404783129692078
0.4234638512134552
0.5690138339996338
0.6468906998634338
0.4570733308792114
0.5052410364151001
0.5930150151252747
0.6942760944366455
0.3472670018672943
0.6249858140945435
0.5710874795913696
0.3811076879501343
0.34536948800086975
0.7316461801528931
0.7363480925559998
0.47454124689102173
0.5484296083450317
0.43326330184936523
0.4393705725669861
0.7367339134216309
0.3694075345993042
0.0       
0.0       
0.0       
0.0       
0.0       
0.0       
0.0       
0.0       
0.0       
0.0       
0.0       
0.0       
0.0       
0.0       
0.0       
0.0       
0.0       
0.0       
0.0       
0.0       
0.0       
0.0       
0.0       
0.0       
0.0       
0.0       
0.0       
0.0       
0.0       
0.0       
0.35700395703315735
0.40861776471138
0.6412913203239441
0.6711459159851074
0.6624705791473389
0.5672882795333862
0.462080717086792
0.0       
0.4955408573150635
0.0       
0.44665077328681946
0.5383042097091675
0.5169055461883545
0.29884952306747437
0.0       
0.5467614531517029
0.3977057635784149
0.2162737250328064
0.0       
0.4584686756134033
0.0       
0.435161828994751
0.0       
0.0       
0.2443254441022873
0.5156399607658386
0.6820130944252014
0.6570903658866882
0.689489483833313
0.402762234210968
0.6603543758392334
0.5596302151679993
0.2834632396697998
0.0       
0.0       
0.4547213912010193
0.6242820620536804
0.3974861204624176
0.6327950358390808
0.5020489692687988
0.49697163701057434
0.6165105104446411
0.636754035949707
0.6851674318313599
0.6720031499862671
0.5190054774284363
0.6768641471862793
0.30476847290992737
0.0       
0.41265299916267395
0.516089141368866
0.5603009462356567
0.0       
0.4507165551185608
0.45397666096687317
0.0       
0.18555805087089539
0.19977080821990967
0.6514716148376465
0.34575894474983215
0.19981931149959564
0.47527241706848145
0.0       
0.7234869003295898
0.0       
0.0       
0.3600199222564697
0.20462527871131897
0.0       
0.6112015843391418
0.0       
0.0       
0.5429936647415161
0.24440889060497284
0.0       
0.23268650472164154
0.418456107378006
0.6713306903839111
0.3750569820404053
0.48490074276924133
0.26568254828453064
0.4536159336566925
0.0       
0.3356088399887085
0.6720076203346252
0.0       
0.6131365895271301
0.0       
0.23850207030773163
0.5589896440505981
0.4475437104701996
0.0       
0.4755857586860657
0.0       
0.41921094059944153
0.0       
0.47275760769844055
0.4841216206550598
0.0       
0.26573312282562256
0.19925375282764435
0.20975831151008606
0.5068362951278687
0.17054782807826996
0.5607167482376099
0.7125218510627747
0.48072007298469543
0.4469166696071625
0.0       
0.3446669280529022
0.0       
0.28852003812789917
0.2178899049758911
0.6517210602760315
0.5067004561424255
0.0       
0.0       
0.0       
0.5223110914230347
0.7530452013015747
0.5353569388389587
0.0       
0.5661128163337708
0.41166672110557556
0.3057344853878021
0.6654091477394104
0.0       
0.35650667548179626
0.5176487565040588
0.0       
0.43063080310821533
0.5326463580131531
0.0       
0.7441850304603577
0.4996715784072876
0.6224175095558167
0.6005585193634033
0.0       
0.0       
0.23719950020313263
0.5713703632354736
0.5342040061950684
0.633235514163971
0.0       
0.5832070708274841
0.0       
0.27777421474456787
0.500044584274292
0.301650732755661
0.0       
0.6384919881820679
0.0       
0.7021973133087158
0.7432504296302795
0.7061247229576111
0.0       
0.6353042721748352
0.0       
0.6988753080368042
0.0       
0.35036519169807434
0.5951377153396606
0.46104615926742554
0.4585151672363281
0.0       
0.5511412024497986
0.6262162923812866
0.6507765650749207
0.5557008981704712
0.44919487833976746
0.7253798842430115
0.3448977768421173
0.30751028656959534
0.6943087577819824
0.46506544947624207
0.7403662204742432
0.5829957127571106
0.7004021406173706
0.0       
0.7445058822631836
0.5689527988433838
0.25406011939048767
0.0       
0.3343105614185333
0.0       
0.43652835488319397
0.0       
0.0       
0.0       
0.7265129089355469
0.44921883940696716
0.6336539387702942
0.6987188458442688
0.3176015317440033
0.5939096808433533
0.50100177526474
0.2731662392616272
0.31609997153282166
0.6856855750083923
0.7458974719047546
0.736724317073822
0.4536401331424713
0.0       
0.34710419178009033
0.0       
0.0       
0.568008303642273
0.0       
0.4270266890525818
0.292442262172699
0.260855495929718
0.6804953813552856
0.3685625493526459
0.7001849412918091
0.35617220401763916
0.3651078939437866
0.7006470561027527
0.6406068205833435
0.6443289518356323
0.6081014275550842
0.4237963557243347
0.0       
0.0       
0.7791724801063538
0.5946558117866516
0.6706032156944275
0.5038284063339233
0.4444330632686615
0.0       
0.6654386520385742
0.0       
0.0       
0.0       
0.3332745134830475
0.49962151050567627
0.0       
0.523605227470398
0.0       
0.21165013313293457
0.23844072222709656
0.411719411611557
0.4739646017551422
0.2154339849948883
0.5231027603149414
0.0       
0.0       
0.510342538356781
0.0       
0.5988701581954956
0.26548781991004944
0.3917004466056824
0.0       
0.4562430679798126
0.0       
0.6189681887626648
0.20305871963500977
0.0       
0.4302747845649719
0.49271541833877563
0.0       
0.5820326209068298
0.6160517930984497
0.5511357188224792
0.30194538831710815
0.5270956754684448
0.269584596157074
0.6050564050674438
0.0       
0.5113692879676819
0.4882221519947052
0.48812657594680786
0.6442819833755493
0.4554789364337921
0.0       
0.487510621547699
0.5408444404602051
0.4130778908729553
0.0       
0.32228031754493713
0.0       
0.43025311827659607
0.4389213025569916
0.22945423424243927
0.24718418717384338
0.4753307104110718
0.5318059325218201
0.2842709720134735
0.6160517930984497
0.3712639808654785
0.255588173866272
0.5563914179801941
0.0       
0.3389292061328888
0.0       
0.5032472610473633
0.22310855984687805
0.3727242350578308
0.2588947117328644
0.5326210856437683
0.2844345271587372
0.5184104442596436
0.0       
0.5389859676361084
0.6442819833755493
0.683629035949707
0.6083058714866638
0.49252381920814514
0.0       
0.35061201453208923
0.5113692879676819
0.5431888699531555
0.5112627148628235
0.0       
0.0       
0.41026878356933594
0.5113692879676819
0.5988701581954956
0.5512171983718872
0.6097981929779053
0.30324459075927734
0.0       
0.2122623324394226
0.23911061882972717
0.3351595401763916
0.4837791621685028
0.6080119609832764
0.3068805932998657
0.36855027079582214
0.45027798414230347
0.6083058714866638
0.3587164580821991
0.21650558710098267
0.3671765923500061
0.49717476963996887
0.0       
0.3785434067249298
0.42718613147735596
0.0       
0.0       
0.0       
0.0       
0.24160051345825195
0.3360610008239746
0.0       
0.39193272590637207
0.30491241812705994
0.4876724183559418
0.0       
0.0       
0.7428121566772461
0.0       
0.702685534954071
0.7235797047615051
0.5151957273483276
0.6654443144798279
0.2875477373600006
0.7541652917861938
0.33039551973342896
0.0       
0.5774352550506592
0.3199669420719147
0.0       
0.3213176727294922
0.7680031061172485
0.0       
0.0       
0.31939005851745605
0.0       
0.26757383346557617
0.23493210971355438
0.7571386694908142
0.29665863513946533
0.7373690605163574
0.7444427013397217
0.5781835913658142
0.34080708026885986
0.274775892496109
0.5265661478042603
0.0       
0.7607893347740173
0.0       
0.5209804177284241
0.3012925982475281
0.0       
0.702685534954071
0.7373690605163574
0.7485224008560181
0.6997391581535339
0.3895609974861145
0.7543680667877197
0.492430716753006
0.7385051846504211
0.6488646864891052
0.2575836181640625
0.0       
0.7277846336364746
0.33779099583625793
0.0       
0.0       
0.40426549315452576
0.6242539286613464
0.7445358633995056
0.7267560958862305
0.3475703001022339
0.0       
0.7235797047615051
0.6697851419448853
0.0       
0.7110797762870789
0.7462433576583862
0.4022480547428131
0.7309695482254028
0.7309695482254028
0.6937323808670044
0.0       
0.0       
0.0       
0.7043617963790894
0.0       
0.4170871376991272
0.7319536209106445
0.7410687804222107
0.7385051846504211
0.3541213870048523
0.7387966513633728
0.6042736768722534
0.7289021015167236
0.0       
0.3644915223121643
0.7094165086746216
0.681565523147583
0.2329549342393875
0.5699583888053894
0.0       
0.7277846336364746
0.7479159235954285
0.0       
0.0       
0.7272724509239197
0.2793515920639038
0.7348440289497375
0.3554018437862396
0.6959169507026672
0.7543231248855591
0.0       
0.7451318502426147
0.7543231248855591
0.0       
0.7571386694908142
0.0       
0.4367120862007141
0.30984586477279663
0.0       
0.3080138862133026
0.5606600642204285
0.7462433576583862
0.28995347023010254
0.722238302230835
0.7410687804222107
0.3830548822879791
0.5799346566200256
0.40380439162254333
0.8894710540771484
0.29848331212997437
0.3902556300163269
0.6589169502258301
0.33466836810112
0.6250685453414917
0.37630608677864075
0.28498488664627075
0.5813943147659302
0.2974089980125427
0.28773555159568787
0.8139801025390625
0.45246487855911255
0.5845299959182739
0.4056020677089691
0.2649378180503845
0.8352048397064209
0.5893685817718506
0.39161422848701477
0.8194857239723206
0.8082976341247559
0.5730369091033936
0.5842738151550293
0.5386085510253906
0.5745233297348022
0.6993801593780518
0.4097130000591278
0.42039260268211365
0.6246378421783447
0.8289298415184021
0.8419914245605469
0.4263917803764343
0.6753979325294495
0.4140281081199646
0.6244235038757324
0.7081750631332397
0.48726198077201843
0.8287619352340698
0.8048934936523438
0.2831754684448242
0.7359527349472046
0.3418958783149719
0.41925445199012756
0.8457739949226379
0.3845251500606537
0.6783829927444458
0.7639614343643188
0.7016732096672058
0.8328219652175903
0.7708632946014404
0.2841794192790985
0.4263073205947876
0.4187048077583313
0.8007513880729675
0.8484785556793213
0.2611141502857208
0.841812014579773
0.777755618095398
0.6084120273590088
0.4224977195262909
0.25855550169944763
0.6756487488746643
0.8519746661186218
0.5518822073936462
0.4512440860271454
0.631568193435669
0.4137991666793823
0.6394809484481812
0.488276869058609
0.7019612193107605
0.5393067002296448
0.23753049969673157
0.2945218086242676
0.8313847780227661
0.2498515099287033
0.5842092037200928
0.82457035779953
0.2678658664226532
0.3292405307292938
0.677757978439331
0.37757670879364014
0.25204724073410034
0.5906848311424255
0.8550959825515747
0.3983813524246216
0.6116790175437927
0.45462390780448914
0.6617436408996582
0.6891660690307617
0.6911605596542358
0.8442009687423706
0.29732242226600647
0.6592570543289185
0.6583212614059448
0.2541559934616089
0.24113795161247253
0.4351506531238556
0.2482060045003891
0.4949931800365448
0.30336636304855347
0.8295888900756836
0.8538562655448914
0.6589380502700806
0.36404135823249817
0.6022628545761108
0.5800731182098389
0.5258870720863342
0.4660477936267853
0.6574472784996033
0.8405837416648865
0.398480623960495
0.6175655722618103
0.6807458996772766
0.3597690463066101
0.3919863998889923
0.6317402124404907
0.6574519276618958
0.7175195813179016
0.6586400866508484
0.6683192253112793
0.6320260167121887
0.3024764955043793
0.6178296804428101
0.26409658789634705
0.6583991050720215
0.6611230969429016
0.7256078720092773
0.7197439074516296
0.3686630427837372
0.31183162331581116
0.694726288318634
0.679777204990387
0.7978221774101257
0.8407421112060547
0.2991768717765808
0.5873243808746338
0.61790531873703
0.6444615721702576
0.3539521396160126
0.6475908160209656
0.6226485371589661
0.8213258981704712
0.0       
0.0       
0.0       
0.0       
0.0       
0.0       
0.0       
0.0       
0.0       
0.0       
0.0       
0.0       
0.0       
0.0       
0.0       
0.0       
0.0       
0.0       
0.0       
0.0       
0.0       
0.0       
0.0       
0.0       
0.0       
0.0       
0.0       
0.0       
0.0       
