0.4698687791824341
0.4679989814758301
0.4621170461177826
0.015571681782603264
0.0035823965445160866
0.10902363061904907
0.03081671893596649
0.19406643509864807
0.07004404067993164
0.002014915458858013
0.31576186418533325
0.06850160658359528
0.002313084900379181
0.00208262843079865
0.000642981962300837
0.2916528582572937
0.1733972430229187
0.820597767829895
0.06129513308405876
0.02094511315226555
0.4508107900619507
0.05363631993532181
0.019017303362488747
0.08679866790771484
0.013623259961605072
0.1432386338710785
0.02219620905816555
0.07360295951366425
0.032305799424648285
0.004059532191604376
1.1550426483154297
0.09612502157688141
0.029187984764575958
0.0027815343346446753
0.1025257557630539
0.10564307868480682
0.7351128458976746
0.03067099303007126
0.0627434104681015
0.006677817087620497
0.052905213087797165
0.19056695699691772
0.00760254031047225
0.04672263562679291
0.0015070324297994375
0.769895076751709
0.8458187580108643
0.20431259274482727
0.00910986214876175
0.06579820811748505
0.7049529552459717
0.9045902490615845
0.08740296959877014
0.005164275411516428
0.03417704254388809
0.06196236610412598
0.23553746938705444
0.7495710253715515
0.0007577249780297279
0.0002635581186041236
0.37392914295196533
0.3934086561203003
0.05334794148802757
0.0051306854002177715
0.5702028870582581
0.18941597640514374
0.7255256175994873
0.37115976214408875
1.1519370079040527
0.04181166738271713
0.6144255995750427
0.02674458734691143
0.005834562238305807
0.005836771801114082
0.0021415376104414463
0.8367502689361572
0.05755132436752319
0.016434989869594574
0.061436574906110764
0.0010878186440095305
0.07189777493476868
0.020181728526949883
0.019272055476903915
0.0040879445150494576
0.05787163972854614
0.4714927077293396
0.3074072301387787
0.06480151414871216
0.00344538944773376
0.0030829007737338543
0.1619531661272049
0.5237928628921509
0.017086349427700043
0.015465728007256985
0.13682474195957184
0.47090965509414673
0.14535433053970337
0.026108471676707268
0.049932580441236496
0.09967485070228577
0.17355702817440033
0.04410441964864731
0.3970627784729004
0.010036205872893333
0.006325218360871077
0.22701416909694672
0.09729775786399841
0.07125383615493774
0.006914808414876461
0.0007607126026414335
0.07379996031522751
0.31757864356040955
0.09576089680194855
0.0045225778594613075
0.011358167044818401
0.9723979830741882
0.6849328875541687
0.13934262096881866
0.003278141375631094
0.8854758739471436
0.21125933527946472
0.24219051003456116
0.04894104227423668
0.09798433631658554
0.0011099341791123152
0.36414051055908203
0.07370858639478683
0.002661481499671936
0.0009044659091159701
0.0011199598666280508
1.0155527591705322
0.9045040011405945
0.019041113555431366
0.002388030756264925
0.009997978806495667
0.34427329897880554
0.05596102774143219
0.0061832997016608715
0.002087150700390339
0.0176752507686615
0.2377312183380127
0.09705742448568344
0.004930995404720306
0.06239667534828186
0.005202563479542732
0.0       
0.0       
0.0       
0.0       
0.0       
0.0       
0.0       
0.0       
0.0       
0.0       
0.0       
0.0       
0.0       
0.0       
0.0       
0.0       
0.0       
0.0       
0.0       
0.0       
0.0       
0.0       
0.0       
0.0       
0.0       
0.0       
0.0       
0.0       
0.0       
0.03850427269935608
0.04311041533946991
0.11014313995838165
0.001936796004883945
0.40750905871391296
0.2113915979862213
0.04646114632487297
0.019194435328245163
0.0050741033628582954
0.5604147911071777
0.6957738399505615
0.010524360463023186
0.011335104703903198
0.042565785348415375
0.08181332051753998
0.29334646463394165
0.6786128282546997
0.016062844544649124
0.1704770177602768
0.06643247604370117
0.0718189924955368
0.12006022781133652
0.007198987528681755
0.678916871547699
0.29874032735824585
0.11289024353027344
0.033752650022506714
0.007625076454132795
0.0186751876026392
0.11678822338581085
0.13171765208244324
0.006075266283005476
0.04546380788087845
0.0421719066798687
0.01348588615655899
0.13731566071510315
0.23978358507156372
0.1398695856332779
0.0460854172706604
0.4414559602737427
0.46258053183555603
0.0795244425535202
0.033289890736341476
0.018004000186920166
0.010541833005845547
0.005925053730607033
0.1098325252532959
0.16336745023727417
0.034674860537052155
0.03993725776672363
0.013200895860791206
0.4350834786891937
0.122337207198143
0.1735721081495285
0.07584196329116821
0.03981271758675575
0.08561722934246063
0.321917861700058
0.10212164372205734
0.010316113010048866
0.03208422660827637
0.061432935297489166
0.004645794630050659
0.03430200740695
0.03416251018643379
0.18437498807907104
0.006574300117790699
0.21058043837547302
0.4517642855644226
0.3918765187263489
0.0007183728157542646
0.0692354142665863
0.4943028390407562
0.04438464343547821
0.04934733361005783
0.04846084117889404
0.061557963490486145
0.368203729391098
0.038460519164800644
0.08555780351161957
0.13229769468307495
0.009004677645862103
0.33876916766166687
0.010249491780996323
0.06954813003540039
0.03911520913243294
0.020309168845415115
0.2202935665845871
0.020556703209877014
0.0014350637793540955
0.10849887132644653
0.005047435872256756
0.08575145900249481
0.0037193302996456623
0.0035995161160826683
0.016186416149139404
0.14650005102157593
0.01787891983985901
0.14339980483055115
0.20878693461418152
0.027614884078502655
0.0336054265499115
0.09178434312343597
0.8015474677085876
0.27539825439453125
0.017917655408382416
0.3486447334289551
0.006421280559152365
0.05227822810411453
0.0975974053144455
0.0061163343489170074
0.03906109556555748
0.08351841568946838
0.10813473165035248
0.09450706094503403
0.7022516131401062
0.309978187084198
0.2803967297077179
0.04294360801577568
0.3509780764579773
0.40030133724212646
0.040554266422986984
0.31647592782974243
0.2678162455558777
0.1849719136953354
0.02162170223891735
0.11771084368228912
0.24509605765342712
0.04731433093547821
0.06586489826440811
0.12805412709712982
0.30603453516960144
0.006986132822930813
0.2054603099822998
0.11051060259342194
0.012177059426903725
0.005448056384921074
0.35951411724090576
0.30013158917427063
0.044380780309438705
0.10451768338680267
0.021439094096422195
0.02423156425356865
0.37134474515914917
0.010293412953615189
0.0       
0.0       
0.0       
0.0       
0.0       
0.0       
0.0       
0.0       
0.0       
0.0       
0.0       
0.0       
0.0       
0.0       
0.0       
0.0       
0.0       
0.0       
0.0       
0.0       
0.0       
0.0       
0.0       
0.0       
0.0       
0.0       
0.0       
0.0       
0.0       
0.0       
0.011068029329180717
0.02466421388089657
0.25647464394569397
0.2874676287174225
0.2984471023082733
0.09216313064098358
0.04595988616347313
0.0       
0.0663679838180542
0.0       
0.033020056784152985
0.09839646518230438
0.06823422759771347
0.005933759734034538
0.0       
0.09158721566200256
0.019591908901929855
0.0008719671750441194
0.0       
0.028593163937330246
0.0       
0.03360797464847565
0.0       
0.0       
0.0016996574122458696
0.06644756346940994
0.3290349245071411
0.24873362481594086
0.35742735862731934
0.013641933910548687
0.22504369914531708
0.12015878409147263
0.004119374789297581
0.0       
0.0       
0.025259142741560936
0.18656568229198456
0.019826015457510948
0.185262069106102
0.05790456384420395
0.06926287710666656
0.15162868797779083
0.201946422457695
0.33543869853019714
0.34236931800842285
0.0686015635728836
0.3572917878627777
0.0049679335206747055
0.0       
0.015116660855710506
0.07015680521726608
0.0922461748123169
0.0       
0.0377516895532608
0.04941510781645775
0.0       
0.0003034473047591746
0.00044394272845238447
0.2475634068250656
0.011632975190877914
0.0005213089170865715
0.03833884745836258
0.0       
0.5052810907363892
0.0       
0.0       
0.011473404243588448
0.0005467989249154925
0.0       
0.16240881383419037
0.0       
0.0       
0.06749926507472992
0.0015461018774658442
0.0       
0.0013449655380100012
0.03353917598724365
0.31908056139945984
0.01242394745349884
0.05566487833857536
0.0016666282899677753
0.04153295233845711
0.0       
0.008034774102270603
0.28114038705825806
0.0       
0.14789089560508728
0.0       
0.0016202618135139346
0.06709200143814087
0.030745863914489746
0.0       
0.03854164481163025
0.0       
0.0229842197149992
0.0       
0.04741320013999939
0.05943646654486656
0.0       
0.002087940229102969
0.0006232863524928689
0.00046343679423443973
0.07270015776157379
0.00026590973720885813
0.0683932676911354
0.44395673274993896
0.057208769023418427
0.033455729484558105
0.0       
0.008285661228001118
0.0       
0.0038142679259181023
0.0006116514559835196
0.34082722663879395
0.06353731453418732
0.0       
0.0       
0.0       
0.055058859288692474
0.6480726003646851
0.09763243049383163
0.0       
0.12908297777175903
0.023010309785604477
0.006146630272269249
0.24814723432064056
0.0       
0.014724157750606537
0.07266226410865784
0.0       
0.028101526200771332
0.11743022501468658
0.0       
0.45592474937438965
0.03851599246263504
0.1535063087940216
0.12834914028644562
0.0       
0.0       
0.0012354709906503558
0.11092092096805573
0.08214764297008514
0.1880023330450058
0.0       
0.12479998171329498
0.0       
0.00351209519430995
0.04113484546542168
0.005659656133502722
0.0       
0.21390825510025024
0.0       
0.3156604468822479
0.4486500918865204
0.37662383913993835
0.0       
0.18756119906902313
0.0       
0.35476547479629517
0.0       
0.008098350837826729
0.1469825953245163
0.023358425125479698
0.03763839229941368
0.0       
0.08423548936843872
0.18784260749816895
0.24178630113601685
0.11283757537603378
0.030637796968221664
0.4365646541118622
0.009239306673407555
0.002885772380977869
0.34971296787261963
0.03080686181783676
0.5945413708686829
0.15110117197036743
0.34944948554039
0.0       
0.6407372951507568
0.0944446325302124
0.0014634421095252037
0.0       
0.0065015810541808605
0.0       
0.029818391427397728
0.0       
0.0       
0.0       
0.397748202085495
0.031587570905685425
0.21599692106246948
0.38862156867980957
0.005807043518871069
0.13527314364910126
0.055886976420879364
0.0023906691931188107
0.005056065507233143
0.34852370619773865
0.610033392906189
0.31776586174964905
0.03593413904309273
0.0       
0.00900513306260109
0.0       
0.0       
0.14190317690372467
0.0       
0.02462323009967804
0.0022703330032527447
0.001924071810208261
0.2387746274471283
0.007705879397690296
0.31910327076911926
0.012476636096835136
0.014522848650813103
0.4266894459724426
0.15529349446296692
0.18559454381465912
0.16669254004955292
0.029009148478507996
0.0       
0.0       
0.8278003931045532
0.16418026387691498
0.2860194146633148
0.07482971251010895
0.02558021806180477
0.0       
0.27410799264907837
0.0       
0.0       
0.0       
0.00581762008368969
0.08174221217632294
0.0       
0.08461035788059235
0.0       
0.0007827304070815444
0.0015901699662208557
0.02656683884561062
0.0641106590628624
0.0005083517753519118
0.09031473845243454
0.0       
0.0       
0.05873933061957359
0.0       
0.15546458959579468
0.0027987523935735226
0.014938689768314362
0.0       
0.037840064615011215
0.0       
0.2730308771133423
0.0005431632162071764
0.0       
0.02849183976650238
0.06296602636575699
0.0       
0.16571038961410522
0.21261489391326904
0.10197567939758301
0.004502860363572836
0.09063844382762909
0.0020781599450856447
0.18654772639274597
0.0       
0.06460247933864594
0.04362659156322479
0.06344623863697052
0.2679639160633087
0.04714714735746384
0.0       
0.0555490106344223
0.10077360272407532
0.024190153926610947
0.0       
0.006482963915914297
0.0       
0.03430252522230148
0.03250889852643013
0.0009004015009850264
0.0016624474665150046
0.05564673990011215
0.09322340786457062
0.003689195727929473
0.21261489391326904
0.017091907560825348
0.0011926625156775117
0.10481375455856323
0.0       
0.008860090747475624
0.0       
0.054261714220047
0.0009978960733860731
0.012253601104021072
0.002105600433424115
0.08877015113830566
0.0025535370223224163
0.07689458131790161
0.0       
0.14302393794059753
0.2679639160633087
0.353257417678833
0.21033397316932678
0.0886726975440979
0.0       
0.013009919784963131
0.06460247933864594
0.11169624328613281
0.05441455543041229
0.0       
0.0       
0.03342052549123764
0.06460247933864594
0.15546458959579468
0.11451989412307739
0.1803871989250183
0.006765091326087713
0.0       
0.0005880130920559168
0.0008783835219219327
0.00654731085523963
0.053274862468242645
0.19207607209682465
0.004469436593353748
0.01201401837170124
0.034461501985788345
0.21033397316932678
0.014524905942380428
0.0007546507986262441
0.01716170459985733
0.06569720059633255
0.0       
0.020439205691218376
0.024884574115276337
0.0       
0.0       
0.0       
0.0       
0.0012315618805587292
0.009567972272634506
0.0       
0.01980222389101982
0.0033103832975029945
0.035928573459386826
0.0       
0.0       
0.3579810559749603
0.0       
0.37051448225975037
0.4486547112464905
0.08922730386257172
0.2793251872062683
0.003712800797075033
0.40858232975006104
0.004670112859457731
0.0       
0.14160138368606567
0.006737525574862957
0.0       
0.007765384390950203
0.5457051992416382
0.0       
0.0       
0.003950190730392933
0.0       
0.001996141392737627
0.0012453434756025672
0.4604607820510864
0.006641719024628401
0.4495795965194702
0.5027612447738647
0.13904821872711182
0.01081812009215355
0.0018418130930513144
0.07476558536291122
0.0       
0.5182062387466431
0.0       
0.06345638632774353
0.0044343555346131325
0.0       
0.37051448225975037
0.4495795965194702
0.39050015807151794
0.371787965297699
0.01606784388422966
0.38214266300201416
0.049375832080841064
0.46081626415252686
0.25281020998954773
0.002525174990296364
0.0       
0.4292677342891693
0.00783491786569357
0.0       
0.0       
0.022062011063098907
0.15202967822551727
0.5341705083847046
0.3285772204399109
0.013939413242042065
0.0       
0.4486547112464905
0.19960354268550873
0.0       
0.5302959680557251
0.49964743852615356
0.02440418303012848
0.5012781620025635
0.5012781620025635
0.46802663803100586
0.0       
0.0       
0.0       
0.3926938474178314
0.0       
0.020453602075576782
0.4715704619884491
0.4658260941505432
0.46081626415252686
0.008769906125962734
0.4863147735595703
0.1904837191104889
0.323219358921051
0.0       
0.02036825567483902
0.41365987062454224
0.3436485528945923
0.00120041542686522
0.14864681661128998
0.0       
0.4292677342891693
0.38314563035964966
0.0       
0.0       
0.5007537007331848
0.00382252037525177
0.4389761686325073
0.013010702095925808
0.3994753360748291
0.4203200340270996
0.0       
0.4809858500957489
0.4203200340270996
0.0       
0.4604607820510864
0.0       
0.03197198733687401
0.008333712816238403
0.0       
0.004950336180627346
0.12216679751873016
0.49964743852615356
0.0035563090350478888
0.3496421277523041
0.4658260941505432
0.010430256836116314
0.12556502223014832
0.018588485196232796
1.2133234739303589
0.0031496072188019753
0.011520527303218842
0.2463754415512085
0.005593357142060995
0.1810666173696518
0.012995203956961632
0.0032112260814756155
0.08252742886543274
0.0026535717770457268
0.0031388383358716965
0.8451598882675171
0.03100598230957985
0.12736359238624573
0.011542519554495811
0.002703307894989848
0.9929354190826416
0.1041116937994957
0.009584488347172737
1.007055401802063
0.8203483819961548
0.1154382973909378
0.11327534914016724
0.07170437276363373
0.1081421822309494
0.42697378993034363
0.015200918540358543
0.016340509057044983
0.16990594565868378
0.7471725344657898
0.7671579122543335
0.018972264602780342
0.2732046842575073
0.01685672625899315
0.17653998732566833
0.3046184182167053
0.047650016844272614
0.9710947275161743
0.566740095615387
0.002637134864926338
0.4778050184249878
0.009492184035480022
0.019742781296372414
1.112991452217102
0.014812692068517208
0.2713901400566101
0.5737990140914917
0.3513123393058777
0.6484620571136475
0.6001847982406616
0.002443586941808462
0.02423623763024807
0.018107760697603226
0.8314629793167114
0.8135344386100769
0.001801040256395936
0.7836863994598389
0.5517349243164062
0.15726232528686523
0.025296082720160484
0.0014843296958133578
0.2939336895942688
0.7090832591056824
0.06376070529222488
0.04335843026638031
0.18015728890895844
0.019021406769752502
0.2096608579158783
0.04053943604230881
0.3396602272987366
0.09259992092847824
0.000840022461488843
0.0035765969660133123
0.7600181102752686
0.0018009863561019301
0.10695710778236389
0.7527307271957397
0.0018038570415228605
0.005341322161257267
0.27275413274765015
0.010835467837750912
0.001701268251053989
0.1255137175321579
1.1136850118637085
0.01776103675365448
0.14687058329582214
0.02814897522330284
0.24088256061077118
0.2913719415664673
0.299343466758728
0.8298758864402771
0.0059457398019731045
0.18486061692237854
0.3113582730293274
0.0015139044262468815
0.0009333373745903373
0.020141197368502617
0.0022504902444779873
0.0506577268242836
0.0044840313494205475
0.7799941301345825
0.6890818476676941
0.24729275703430176
0.015157113783061504
0.1286630630493164
0.11910933256149292
0.059893898665905
0.025490906089544296
0.23500262200832367
0.7205535173416138
0.016002310439944267
0.16109885275363922
0.2593725323677063
0.009021112695336342
0.011790761724114418
0.17360465228557587
0.17788013815879822
0.40327274799346924
0.22310654819011688
0.23644039034843445
0.1705106794834137
0.0023854575119912624
0.1619151383638382
0.0015859173145145178
0.1883363574743271
0.22814100980758667
0.3673895597457886
0.37958550453186035
0.009433809667825699
0.0021869672928005457
0.32004988193511963
0.2901771664619446
0.8116558790206909
0.6977071762084961
0.004543728195130825
0.1171218678355217
0.19092974066734314
0.17077939212322235
0.006008106749504805
0.22873690724372864
0.16812315583229065
0.6832859516143799
0.0       
0.0       
0.0       
0.0       
0.0       
0.0       
0.0       
0.0       
0.0       
0.0       
0.0       
0.0       
0.0       
0.0       
0.0       
0.0       
0.0       
0.0       
0.0       
0.0       
0.0       
0.0       
0.0       
0.0       
0.0       
0.0       
0.0       
0.0       
0.0       
