0.8666120767593384
0.8571028113365173
0.8562955260276794
0.45406240224838257
0.2763729989528656
0.7478941082954407
0.5044611692428589
0.8238558769226074
0.6502524614334106
0.2477816343307495
0.8472292423248291
0.5847638845443726
0.26205044984817505
0.2894068658351898
0.23708589375019073
0.713651716709137
0.660327136516571
0.8846690654754639
0.4765968322753906
0.3815518021583557
0.8405306935310364
0.571800708770752
0.44630035758018494
0.5206537246704102
0.46585613489151
0.6593267321586609
0.4719391167163849
0.6106097102165222
0.5148854851722717
0.25298550724983215
1.0063755512237549
0.5815451145172119
0.4000359773635864
0.22974887490272522
0.5435823202133179
0.6004343628883362
0.9562233686447144
0.5070279836654663
0.6018022298812866
0.2908583879470825
0.45616614818573
0.7223541736602783
0.31429627537727356
0.5169981718063354
0.24188852310180664
0.9763656854629517
1.0170118808746338
0.7856894135475159
0.34758010506629944
0.5758822560310364
0.9238649606704712
0.9776076078414917
0.5899357199668884
0.26434093713760376
0.5808138251304626
0.6234807968139648
0.7976896166801453
1.0225754976272583
0.19961760938167572
0.15834306180477142
0.8477627038955688
0.860548734664917
0.554617166519165
0.29747191071510315
0.9473838806152344
0.5915623903274536
0.8443684577941895
0.7696674466133118
0.9763944745063782
0.4937601387500763
0.9984158873558044
0.46982577443122864
0.30598124861717224
0.36470115184783936
0.22824162244796753
1.0052281618118286
0.5580841898918152
0.4336010217666626
0.5315136909484863
0.18494939804077148
0.6281668543815613
0.4428425133228302
0.4275414049625397
0.3036802411079407
0.5917529463768005
0.9107039570808411
0.8488397002220154
0.5486011505126953
0.2966472804546356
0.2778502106666565
0.6949113607406616
0.9346534013748169
0.46475356817245483
0.37095844745635986
0.6619799733161926
0.9699058532714844
0.7319305539131165
0.48587650060653687
0.5376282930374146
0.6145294904708862
0.687915027141571
0.4680355489253998
0.7930776476860046
0.35749587416648865
0.2787449359893799
0.7842802405357361
0.5955878496170044
0.6149452924728394
0.34225061535835266
0.20957112312316895
0.547915518283844
0.8466904759407043
0.5836007595062256
0.30821579694747925
0.3976660370826721
0.9975271224975586
0.9085879325866699
0.6426926255226135
0.24371230602264404
0.9440307021141052
0.7297623157501221
0.7121025919914246
0.532130241394043
0.594008207321167
0.1972721815109253
0.8336514830589294
0.6052635312080383
0.24179613590240479
0.21015678346157074
0.2218477725982666
1.0358935594558716
1.0111470222473145
0.42595067620277405
0.2392929196357727
0.35183754563331604
0.7561730146408081
0.42248013615608215
0.29175135493278503
0.2302374392747879
0.3159550726413727
0.835118293762207
0.7283598184585571
0.3255636394023895
0.6981158256530762
0.3199255168437958
0.0       
0.0       
0.0       
0.0       
0.0       
0.0       
0.0       
0.0       
0.0       
0.0       
0.0       
0.0       
0.0       
0.0       
0.0       
0.0       
0.0       
0.0       
0.0       
0.0       
0.0       
0.0       
0.0       
0.0       
0.0       
0.0       
0.0       
0.0       
0.0       
0.5272958278656006
0.48424017429351807
0.6047204732894897
0.22307375073432922
0.8976311683654785
0.6578070521354675
0.4683372378349304
0.42135488986968994
0.31159186363220215
0.9927703142166138
0.9554815292358398
0.3950667381286621
0.3498130440711975
0.48609405755996704
0.5641040802001953
0.7396780848503113
0.9651591777801514
0.4052669107913971
0.7000541090965271
0.5157336592674255
0.47855210304260254
0.6479490399360657
0.3110193908214569
1.0167019367218018
0.7284964919090271
0.5787307620048523
0.4432520568370819
0.3562403917312622
0.42485034465789795
0.5980513095855713
0.6890733242034912
0.3286139667034149
0.5133500099182129
0.5069860816001892
0.41341671347618103
0.6835835576057434
0.701617956161499
0.6028751134872437
0.48642200231552124
0.7728779911994934
0.778776228427887
0.6012819409370422
0.48401790857315063
0.3843778669834137
0.32641851902008057
0.3408842980861664
0.5885274410247803
0.6832441687583923
0.4755215048789978
0.5125485062599182
0.3206954598426819
0.7777846455574036
0.6164947748184204
0.7494791150093079
0.5542746782302856
0.5277835726737976
0.6015884280204773
0.7962302565574646
0.5601413249969482
0.340789258480072
0.4783972203731537
0.49979478120803833
0.27205440402030945
0.47245410084724426
0.4449678361415863
0.6844753623008728
0.3128778040409088
0.7245172262191772
0.914366602897644
0.8747521638870239
0.18406793475151062
0.5645402073860168
0.7555073499679565
0.5343401432037354
0.5064621567726135
0.5183262228965759
0.5977343320846558
0.792906641960144
0.46179360151290894
0.5862095952033997
0.6351284384727478
0.36075425148010254
0.7245212197303772
0.37289461493492126
0.5211579203605652
0.44945287704467773
0.39725261926651
0.7911966443061829
0.4268418252468109
0.21478264033794403
0.6131417155265808
0.3157452642917633
0.5016051530838013
0.2878907322883606
0.26467427611351013
0.40117397904396057
0.6609188914299011
0.45684880018234253
0.6653338074684143
0.6577847599983215
0.4631965160369873
0.4425734579563141
0.5847129821777344
0.9907275438308716
0.8276832103729248
0.4235352575778961
0.7663953304290771
0.3007909953594208
0.4917282164096832
0.5976817607879639
0.29426443576812744
0.4644361436367035
0.5698198676109314
0.6034197211265564
0.6527532935142517
0.9459079504013062
0.8926256895065308
0.7738263010978699
0.514407753944397
0.8743899464607239
0.8828340172767639
0.4903448224067688
0.7896525263786316
0.7694660425186157
0.7257964015007019
0.4376929998397827
0.6300191283226013
0.658825159072876
0.48281219601631165
0.5764127969741821
0.7024914622306824
0.8392788171768188
0.3219839930534363
0.6389375329017639
0.5581173300743103
0.37838077545166016
0.311723530292511
0.858031690120697
0.8136670589447021
0.5009169578552246
0.6189408302307129
0.4059363603591919
0.4193340539932251
0.8464673757553101
0.35389721393585205
0.0       
0.0       
0.0       
0.0       
0.0       
0.0       
0.0       
0.0       
0.0       
0.0       
0.0       
0.0       
0.0       
0.0       
0.0       
0.0       
0.0       
0.0       
0.0       
0.0       
0.0       
0.0       
0.0       
0.0       
0.0       
0.0       
0.0       
0.0       
0.0       
0.0       
0.35501962900161743
0.4406432807445526
0.7084538340568542
0.796158492565155
0.7317244410514832
0.6147624254226685
0.48566481471061707
0.0       
0.5743476152420044
0.0       
0.5028306841850281
0.5671019554138184
0.5339975357055664
0.2935537099838257
0.0       
0.6258044242858887
0.4408243000507355
0.21362677216529846
0.0       
0.4171265661716461
0.0       
0.5050449371337891
0.0       
0.0       
0.23972316086292267
0.5941978096961975
0.8117831349372864
0.7104356288909912
0.818590521812439
0.408353716135025
0.7491537928581238
0.5950700044631958
0.28045913577079773
0.0       
0.0       
0.4951615631580353
0.740456223487854
0.45976918935775757
0.690834641456604
0.5505980253219604
0.6130528450012207
0.7813263535499573
0.7444019317626953
0.8199463486671448
0.8311566114425659
0.5958957076072693
0.831253707408905
0.345825731754303
0.0       
0.40140628814697266
0.6025291681289673
0.6831963658332825
0.0       
0.5485571026802063
0.4577469825744629
0.0       
0.16628462076187134
0.19631560146808624
0.7455681562423706
0.339530348777771
0.21234625577926636
0.4879201650619507
0.0       
0.8301015496253967
0.0       
0.0       
0.423665851354599
0.19530881941318512
0.0       
0.7516304850578308
0.0       
0.0       
0.6392735838890076
0.27517640590667725
0.0       
0.21350157260894775
0.4476678967475891
0.7743338942527771
0.41191840171813965
0.5205535888671875
0.21300478279590607
0.5598753094673157
0.0       
0.3376733660697937
0.788016140460968
0.0       
0.778892457485199
0.0       
0.23473480343818665
0.610000491142273
0.49274688959121704
0.0       
0.4888542890548706
0.0       
0.4537869393825531
0.0       
0.5064595937728882
0.5993209481239319
0.0       
0.2671922743320465
0.19908428192138672
0.20080769062042236
0.5875977873802185
0.14648181200027466
0.6189955472946167
0.8628394603729248
0.5430492162704468
0.5024301409721375
0.0       
0.36596259474754333
0.0       
0.3046838641166687
0.23896926641464233
0.7815371751785278
0.56561678647995
0.0       
0.0       
0.0       
0.5817809700965881
0.9480113983154297
0.6470774412155151
0.0       
0.6499899625778198
0.41451168060302734
0.2965373694896698
0.7780340313911438
0.0       
0.3666273057460785
0.5860137343406677
0.0       
0.406742125749588
0.6067572832107544
0.0       
0.8670172691345215
0.5261107087135315
0.7530617117881775
0.6756080985069275
0.0       
0.0       
0.3227873146533966
0.6271970868110657
0.5919597744941711
0.7822024822235107
0.0       
0.6615416407585144
0.0       
0.2986077666282654
0.5291059017181396
0.3589892089366913
0.0       
0.7442451119422913
0.0       
0.83003169298172
0.8882721662521362
0.7628874182701111
0.0       
0.73139488697052
0.0       
0.7399618029594421
0.0       
0.3578246235847473
0.6729462742805481
0.46799981594085693
0.44699811935424805
0.0       
0.6178491115570068
0.6910773515701294
0.7780567407608032
0.5984809994697571
0.4370673596858978
0.9320558309555054
0.36625608801841736
0.2757081389427185
0.8856521248817444
0.47373074293136597
0.8974857330322266
0.7350341081619263
0.8889989256858826
0.0       
0.8650605082511902
0.5989886522293091
0.252875417470932
0.0       
0.40002870559692383
0.0       
0.501573920249939
0.0       
0.0       
0.0       
0.8916686177253723
0.49689555168151855
0.7735850811004639
0.8378823399543762
0.358807235956192
0.6331703066825867
0.5708034634590149
0.2774696350097656
0.2732882499694824
0.8442209959030151
0.9402623772621155
0.8763129115104675
0.5010355710983276
0.0       
0.3118501603603363
0.0       
0.0       
0.5877905488014221
0.0       
0.40462684631347656
0.3211531341075897
0.26160097122192383
0.8748217225074768
0.34659311175346375
0.8069103956222534
0.33461812138557434
0.3686297535896301
0.8420339822769165
0.7602130770683289
0.7841644287109375
0.7769918441772461
0.42617401480674744
0.0       
0.0       
0.9137430787086487
0.7466408610343933
0.8145318031311035
0.624374508857727
0.4044896960258484
0.0       
0.8014200925827026
0.0       
0.0       
0.0       
0.32392337918281555
0.5741735696792603
0.0       
0.6693230271339417
0.0       
0.21945668756961823
0.2042352706193924
0.457559198141098
0.5760214924812317
0.18051008880138397
0.5765726566314697
0.0       
0.0       
0.5397951006889343
0.0       
0.74238121509552
0.27335360646247864
0.3965687155723572
0.0       
0.46489575505256653
0.0       
0.7820518016815186
0.18806903064250946
0.0       
0.4609496295452118
0.5407968759536743
0.0       
0.7044047713279724
0.7326617240905762
0.7060457468032837
0.30367809534072876
0.5482578277587891
0.2387971132993698
0.6504930257797241
0.0       
0.5514585971832275
0.5132789015769958
0.5379542708396912
0.7791719436645508
0.5541242361068726
0.0       
0.5134617686271667
0.6874596476554871
0.4286635220050812
0.0       
0.2680045962333679
0.0       
0.4294087588787079
0.46539419889450073
0.18843932449817657
0.22436930239200592
0.522017240524292
0.5904259085655212
0.21345573663711548
0.7326617240905762
0.4391340911388397
0.2131953239440918
0.6461403369903564
0.0       
0.3800233006477356
0.0       
0.5841217041015625
0.23288439214229584
0.3694806396961212
0.2336266040802002
0.6087056398391724
0.21584917604923248
0.6355032920837402
0.0       
0.6559946537017822
0.7791719436645508
0.8379898071289062
0.6884435415267944
0.5596577525138855
0.0       
0.4070214629173279
0.5514585971832275
0.6721287369728088
0.5390169620513916
0.0       
0.0       
0.5045408010482788
0.5514585971832275
0.74238121509552
0.641183078289032
0.736542284488678
0.28383302688598633
0.0       
0.16864950954914093
0.20106440782546997
0.3405996561050415
0.5774038434028625
0.7998415231704712
0.2479415088891983
0.3663710057735443
0.4799122214317322
0.6884435415267944
0.4174329936504364
0.18733084201812744
0.4205476641654968
0.6391251683235168
0.0       
0.36944815516471863
0.4840092062950134
0.0       
0.0       
0.0       
0.0       
0.20042815804481506
0.29597207903862
0.0       
0.33966776728630066
0.26063627004623413
0.5121354460716248
0.0       
0.0       
0.8945697546005249
0.0       
0.9030172228813171
0.9151767492294312
0.5578431487083435
0.8473436236381531
0.3058243989944458
0.8884990811347961
0.25857779383659363
0.0       
0.6844082474708557
0.26617923378944397
0.0       
0.30080294609069824
0.9631044268608093
0.0       
0.0       
0.272271990776062
0.0       
0.24020041525363922
0.23643897473812103
0.9291571378707886
0.2677284777164459
0.9442719221115112
0.9090164303779602
0.7249376773834229
0.33983951807022095
0.23230108618736267
0.5907002091407776
0.0       
0.9606268405914307
0.0       
0.6457460522651672
0.25018203258514404
0.0       
0.9030172228813171
0.9442719221115112
0.8838997483253479
0.8276240825653076
0.3740895092487335
0.9431828856468201
0.5354023575782776
0.9550938010215759
0.7965007424354553
0.24901555478572845
0.0       
0.8331112265586853
0.2828541398048401
0.0       
0.0       
0.37689995765686035
0.8001485466957092
0.8499252200126648
0.8864852786064148
0.3379404544830322
0.0       
0.9151767492294312
0.8044791221618652
0.0       
0.9105192422866821
0.9396461248397827
0.41467002034187317
0.8416227698326111
0.8416227698326111
0.8915705680847168
0.0       
0.0       
0.0       
0.8788125514984131
0.0       
0.4696175754070282
0.9177942276000977
0.9215278029441833
0.9550938010215759
0.288395494222641
0.9159324169158936
0.7245747447013855
0.8908576965332031
0.0       
0.3621711730957031
0.840060830116272
0.8536352515220642
0.22385695576667786
0.7531474828720093
0.0       
0.8331112265586853
0.9627528190612793
0.0       
0.0       
0.8730969429016113
0.2718023657798767
0.9315800666809082
0.33225828409194946
0.8901047706604004
0.9233946800231934
0.0       
0.9048755168914795
0.9233946800231934
0.0       
0.9291571378707886
0.0       
0.4214228689670563
0.2886776328086853
0.0       
0.28078749775886536
0.6355167627334595
0.9396461248397827
0.26458466053009033
0.9306402802467346
0.9215278029441833
0.4590056240558624
0.6907901763916016
0.4937741756439209
1.0076712369918823
0.34659242630004883
0.4810168445110321
0.8316344618797302
0.3223710060119629
0.6841913461685181
0.5822417140007019
0.33160942792892456
0.6404528021812439
0.2988683581352234
0.36846259236335754
0.9620648622512817
0.5409685373306274
0.6813806295394897
0.41370314359664917
0.26143181324005127
1.0284186601638794
0.7171189188957214
0.45147818326950073
0.998434841632843
0.9908610582351685
0.7210647463798523
0.660932719707489
0.5903608798980713
0.7299518585205078
0.8576014041900635
0.4571707248687744
0.42935600876808167
0.7721480131149292
1.0050396919250488
0.9690267443656921
0.4773882031440735
0.7595897316932678
0.4632045030593872
0.7750994563102722
0.8178240656852722
0.541466236114502
1.0016242265701294
0.9825268387794495
0.2758197486400604
0.9345179796218872
0.3448934853076935
0.4344383478164673
1.0163416862487793
0.3920593559741974
0.8027113676071167
0.8874223828315735
0.8118502497673035
1.012305736541748
0.9384471774101257
0.291087806224823
0.5231192111968994
0.5069633722305298
1.0097923278808594
1.0105726718902588
0.2684102952480316
1.0222893953323364
0.8565308451652527
0.7144066691398621
0.439755916595459
0.3152952492237091
0.7575748562812805
1.014478087425232
0.6225422620773315
0.5137526988983154
0.7724770903587341
0.4668169617652893
0.753237247467041
0.5336872339248657
0.8525925874710083
0.666392982006073
0.2542553246021271
0.33352547883987427
0.9956347346305847
0.3797837495803833
0.7398194670677185
0.996576189994812
0.32885193824768066
0.4019595980644226
0.8476859331130981
0.46082189679145813
0.29021286964416504
0.7459309101104736
1.0103099346160889
0.4258151948451996
0.748814046382904
0.5321922898292542
0.8411107659339905
0.7952134013175964
0.8117471933364868
1.0056171417236328
0.3155576288700104
0.7967767715454102
0.8158401846885681
0.26598408818244934
0.24801550805568695
0.5357224345207214
0.24887892603874207
0.5145868062973022
0.3212910294532776
1.0061612129211426
1.0056143999099731
0.8111170530319214
0.41935205459594727
0.7175191044807434
0.6971790194511414
0.6711245775222778
0.4941539168357849
0.8055852055549622
1.000820517539978
0.42007574439048767
0.7524480223655701
0.8290001153945923
0.45224499702453613
0.4530295729637146
0.8064956068992615
0.8181413412094116
0.8406147360801697
0.7668774724006653
0.8300291299819946
0.7204074263572693
0.3682290017604828
0.7900359630584717
0.31676575541496277
0.7636288404464722
0.8299340009689331
0.7745274305343628
0.8875241279602051
0.4866725504398346
0.27587902545928955
0.8807528018951416
0.8078483939170837
0.9827431440353394
1.0117522478103638
0.28660309314727783
0.7469847798347473
0.7466325759887695
0.8335506319999695
0.35045796632766724
0.7829593420028687
0.7907575368881226
0.9966648817062378
0.0       
0.0       
0.0       
0.0       
0.0       
0.0       
0.0       
0.0       
0.0       
0.0       
0.0       
0.0       
0.0       
0.0       
0.0       
0.0       
0.0       
0.0       
0.0       
0.0       
0.0       
0.0       
0.0       
0.0       
0.0       
0.0       
0.0       
0.0       
0.0       
