0.6667295694351196
0.6664922833442688
0.6647188067436218
0.29769521951675415
0.21063266694545746
0.4745425283908844
0.34822872281074524
0.541154682636261
0.4265865385532379
0.17858649790287018
0.6061033606529236
0.42541491985321045
0.18666626513004303
0.18194551765918732
0.1360916793346405
0.6048403382301331
0.5344292521476746
0.7529334425926208
0.4143645167350769
0.32438549399375916
0.6582021117210388
0.4025581479072571
0.3125109374523163
0.4525095820426941
0.29031333327293396
0.509480893611908
0.3256012201309204
0.43454283475875854
0.3571765422821045
0.21472260355949402
0.8085126280784607
0.4662277102470398
0.3504832088947296
0.19686391949653625
0.473894864320755
0.4755457043647766
0.7290561199188232
0.353389710187912
0.4125351011753082
0.24285846948623657
0.4019765853881836
0.5437869429588318
0.25061503052711487
0.38980016112327576
0.16784919798374176
0.7361780405044556
0.7511836886405945
0.5542635321617126
0.2617962658405304
0.4239933490753174
0.7261471152305603
0.762531578540802
0.45515716075897217
0.22984683513641357
0.361318975687027
0.41570520401000977
0.5641196370124817
0.7298356294631958
0.14198552072048187
0.10974690318107605
0.6332387924194336
0.640201210975647
0.39839059114456177
0.22751574218273163
0.692162275314331
0.5472191572189331
0.7349728345870972
0.6374124884605408
0.802885115146637
0.3778449594974518
0.6994982361793518
0.33970677852630615
0.23385462164878845
0.2332599014043808
0.18315905332565308
0.7531920075416565
0.410084068775177
0.3036021292209625
0.4156472086906433
0.15557026863098145
0.43013882637023926
0.3150266110897064
0.3108426034450531
0.21416164934635162
0.4105449616909027
0.6612377166748047
0.6032883524894714
0.42160677909851074
0.20648515224456787
0.2002023309469223
0.5171428322792053
0.675111711025238
0.30425888299942017
0.29578709602355957
0.4965626299381256
0.6600860953330994
0.5098292231559753
0.33721476793289185
0.39516153931617737
0.4665367901325226
0.5361626744270325
0.38728225231170654
0.6452155113220215
0.27085262537002563
0.23980291187763214
0.5627743601799011
0.46330785751342773
0.4293167293071747
0.24421745538711548
0.14208948612213135
0.43456631898880005
0.6062411069869995
0.46122071146965027
0.22037917375564575
0.277129203081131
0.773228645324707
0.7191014885902405
0.5071027278900146
0.20452448725700378
0.7568183541297913
0.5551819205284119
0.574574887752533
0.39115437865257263
0.45993709564208984
0.15702122449874878
0.6245453357696533
0.43038901686668396
0.19314400851726532
0.14842365682125092
0.1562695950269699
0.7806340456008911
0.7630718350410461
0.3139554262161255
0.18940161168575287
0.267339825630188
0.6215451955795288
0.4086920917034149
0.2394704967737198
0.18316873908042908
0.3064689040184021
0.570624053478241
0.4622575342655182
0.22623032331466675
0.4194018244743347
0.22839893400669098
0.0       
0.0       
0.0       
0.0       
0.0       
0.0       
0.0       
0.0       
0.0       
0.0       
0.0       
0.0       
0.0       
0.0       
0.0       
0.0       
0.0       
0.0       
0.0       
0.0       
0.0       
0.0       
0.0       
0.0       
0.0       
0.0       
0.0       
0.0       
0.0       
0.37116795778274536
0.38427820801734924
0.47844159603118896
0.1766795963048935
0.6430983543395996
0.5613060593605042
0.39077290892601013
0.31396782398223877
0.22752077877521515
0.6864336133003235
0.7246952652931213
0.26972973346710205
0.27608343958854675
0.3798103630542755
0.4396600127220154
0.5975582599639893
0.7226858735084534
0.2999478280544281
0.5312734842300415
0.42476528882980347
0.4366986155509949
0.4898293614387512
0.2455700784921646
0.7130982875823975
0.6030893921852112
0.4865162670612335
0.36395758390426636
0.24946041405200958
0.31424301862716675
0.4849128723144531
0.4992247223854065
0.23735293745994568
0.38776639103889465
0.3838406503200531
0.2864370048046112
0.5031230449676514
0.57305908203125
0.5067055821418762
0.3874060809612274
0.663547933101654
0.668188214302063
0.4425552785396576
0.3591082692146301
0.30888140201568604
0.27100467681884766
0.23366853594779968
0.477130264043808
0.5229703783988953
0.36150825023651123
0.3750503361225128
0.28837454319000244
0.6589733958244324
0.4879342019557953
0.5298994183540344
0.4352633059024811
0.3749849796295166
0.44648900628089905
0.6108294129371643
0.47451579570770264
0.2715480923652649
0.3556981086730957
0.41837918758392334
0.21978789567947388
0.3617739975452423
0.3612021207809448
0.5422307252883911
0.2395612895488739
0.5558900833129883
0.6573258638381958
0.6358453035354614
0.13884375989437103
0.42795494198799133
0.6782790422439575
0.38362184166908264
0.39218199253082275
0.39397862553596497
0.41558194160461426
0.6277773380279541
0.37052056193351746
0.4516346752643585
0.49861618876457214
0.2603643834590912
0.6204022169113159
0.2691614329814911
0.4290269911289215
0.3725377917289734
0.3179618716239929
0.5601969361305237
0.31974706053733826
0.16468121111392975
0.4794520139694214
0.2234424203634262
0.4556181728839874
0.2085915505886078
0.20947086811065674
0.3007323145866394
0.5046149492263794
0.3079127371311188
0.5089743137359619
0.5556033253669739
0.34458792209625244
0.3548799157142639
0.4582546353340149
0.7451410889625549
0.590505063533783
0.3051799237728119
0.6232285499572754
0.23931677639484406
0.4012557864189148
0.4640636742115021
0.23577989637851715
0.37686991691589355
0.4470442831516266
0.4738011360168457
0.4601399600505829
0.7208675146102905
0.5982731580734253
0.5902753472328186
0.378062903881073
0.6201660633087158
0.6406364440917969
0.37558528780937195
0.6107308268547058
0.5829611420631409
0.5373175144195557
0.3227347135543823
0.4867822825908661
0.5814496874809265
0.39488643407821655
0.4219876825809479
0.49400070309638977
0.6036133766174316
0.2421943098306656
0.5579856634140015
0.4798057973384857
0.28112271428108215
0.22997643053531647
0.6245020031929016
0.6013486981391907
0.385102778673172
0.47736427187919617
0.32391297817230225
0.33281949162483215
0.6269060969352722
0.26915687322616577
0.0       
0.0       
0.0       
0.0       
0.0       
0.0       
0.0       
0.0       
0.0       
0.0       
0.0       
0.0       
0.0       
0.0       
0.0       
0.0       
0.0       
0.0       
0.0       
0.0       
0.0       
0.0       
0.0       
0.0       
0.0       
0.0       
0.0       
0.0       
0.0       
0.0       
0.2772558033466339
0.33570924401283264
0.586250901222229
0.5971187353134155
0.60654217004776
0.4595029652118683
0.3905687928199768
0.0       
0.4252353608608246
0.0       
0.35659465193748474
0.4706552028656006
0.42804354429244995
0.2388886660337448
0.0       
0.4595996141433716
0.3195691704750061
0.14719685912132263
0.0       
0.34951016306877136
0.0       
0.3611679673194885
0.0       
0.0       
0.17445698380470276
0.42562979459762573
0.6168935894966125
0.58266282081604
0.6297457814216614
0.28817933797836304
0.5683503150939941
0.4931083917617798
0.2170834243297577
0.0       
0.0       
0.3339562714099884
0.5360460877418518
0.31824594736099243
0.5399475693702698
0.414584755897522
0.42722204327583313
0.5124304890632629
0.5509853363037109
0.6183916330337524
0.6199151277542114
0.4287063181400299
0.6257396340370178
0.22587263584136963
0.0       
0.29618287086486816
0.43089017271995544
0.4575657844543457
0.0       
0.37021544575691223
0.3971797823905945
0.0       
0.11375945061445236
0.12490455061197281
0.5785531401634216
0.2790507972240448
0.13017305731773376
0.372697114944458
0.0       
0.6800981760025024
0.0       
0.0       
0.2769215404987335
0.13085652887821198
0.0       
0.5250212550163269
0.0       
0.0       
0.42366817593574524
0.16958525776863098
0.0       
0.16423262655735016
0.36492666602134705
0.615973174571991
0.2839546501636505
0.409003347158432
0.1732557862997055
0.3776325583457947
0.0       
0.25513193011283875
0.5943989753723145
0.0       
0.5095542669296265
0.0       
0.17209920287132263
0.4238944947719574
0.3524491488933563
0.0       
0.37316828966140747
0.0       
0.32976412773132324
0.0       
0.39443546533584595
0.4123692512512207
0.0       
0.1829746812582016
0.13573570549488068
0.12613987922668457
0.43441975116729736
0.10949809104204178
0.42596226930618286
0.6598158478736877
0.41276875138282776
0.3578105568885803
0.0       
0.2557533085346222
0.0       
0.21264691650867462
0.13502730429172516
0.6271328330039978
0.4195959270000458
0.0       
0.0       
0.0       
0.4030320942401886
0.7065995335578918
0.46316584944725037
0.0       
0.49955281615257263
0.3314041197299957
0.2387840300798416
0.5765666961669922
0.0       
0.29871875047683716
0.43021729588508606
0.0       
0.3490602374076843
0.49217817187309265
0.0       
0.6640611886978149
0.3713833689689636
0.5149556994438171
0.49533045291900635
0.0       
0.0       
0.1599828451871872
0.481799840927124
0.4474574327468872
0.5408810377120972
0.0       
0.4956303536891937
0.0       
0.20917575061321259
0.37753817439079285
0.23370346426963806
0.0       
0.5583986639976501
0.0       
0.6033087968826294
0.6575432419776917
0.6398063898086548
0.0       
0.5412451028823853
0.0       
0.6249210834503174
0.0       
0.25525516271591187
0.5162237882614136
0.3289181888103485
0.3739314377307892
0.0       
0.4499637484550476
0.5443994998931885
0.5707014799118042
0.48420390486717224
0.35558009147644043
0.6502825617790222
0.26379653811454773
0.19770872592926025
0.6228699684143066
0.3544834852218628
0.6995419263839722
0.516120433807373
0.6197628974914551
0.0       
0.7160740494728088
0.4645179212093353
0.16715216636657715
0.0       
0.2408195585012436
0.0       
0.35174787044525146
0.0       
0.0       
0.0       
0.6378467679023743
0.355355441570282
0.5566823482513428
0.6386519074440002
0.23419541120529175
0.5034103393554688
0.4083932936191559
0.18944542109966278
0.23031044006347656
0.6205589771270752
0.702216386795044
0.6059845089912415
0.3655228316783905
0.0       
0.26419952511787415
0.0       
0.0       
0.508782684803009
0.0       
0.3345842957496643
0.18564651906490326
0.1790550798177719
0.5673493146896362
0.25153589248657227
0.6093330383300781
0.2861582040786743
0.29557088017463684
0.6518322229385376
0.5119982361793518
0.538637638092041
0.5264846682548523
0.35145753622055054
0.0       
0.0       
0.7558996081352234
0.521999716758728
0.5923947095870972
0.43714651465415955
0.3399428725242615
0.0       
0.5914881229400635
0.0       
0.0       
0.0       
0.23489317297935486
0.4497081935405731
0.0       
0.45024070143699646
0.0       
0.14343072474002838
0.17271508276462555
0.34279629588127136
0.42284828424453735
0.1296703964471817
0.4553435444831848
0.0       
0.0       
0.41520780324935913
0.0       
0.5198549032211304
0.19672726094722748
0.29714223742485046
0.0       
0.3718596398830414
0.0       
0.5970212817192078
0.13075001537799835
0.0       
0.3467094600200653
0.42192965745925903
0.0       
0.5300760865211487
0.5600593686103821
0.4709447920322418
0.22196750342845917
0.46261709928512573
0.18421095609664917
0.5463423728942871
0.0       
0.4284922182559967
0.38461536169052124
0.42339465022087097
0.5882777571678162
0.3931443393230438
0.0       
0.41031911969184875
0.46886080503463745
0.3344466984272003
0.0       
0.24327827990055084
0.0       
0.36523833870887756
0.36009085178375244
0.14922790229320526
0.17326726019382477
0.4102025032043457
0.46392807364463806
0.2122187614440918
0.5600593686103821
0.3063487410545349
0.1597495824098587
0.47404149174690247
0.0       
0.2603711187839508
0.0       
0.4032726585865021
0.15271596610546112
0.2824673354625702
0.18369929492473602
0.45871853828430176
0.19316880404949188
0.4406557083129883
0.0       
0.5165778994560242
0.5882777571678162
0.6234229207038879
0.5590646862983704
0.4613551199436188
0.0       
0.2873121500015259
0.4284922182559967
0.4811882972717285
0.40538498759269714
0.0       
0.0       
0.3606012761592865
0.4284922182559967
0.5198549032211304
0.4844246208667755
0.5373033285140991
0.24359528720378876
0.0       
0.1336010843515396
0.14814041554927826
0.24171416461467743
0.4000527560710907
0.5449299812316895
0.22230923175811768
0.28102803230285645
0.3630882799625397
0.5590646862983704
0.294495165348053
0.14227603375911713
0.30693578720092773
0.4229314923286438
0.0       
0.3220042884349823
0.3333500325679779
0.0       
0.0       
0.0       
0.0       
0.16071243584156036
0.26810312271118164
0.0       
0.32089462876319885
0.2056966871023178
0.3663739562034607
0.0       
0.0       
0.6223677396774292
0.0       
0.6293439865112305
0.6596106886863708
0.45858728885650635
0.5948337912559509
0.2118506282567978
0.6403215527534485
0.224545419216156
0.0       
0.5077290534973145
0.24552597105503082
0.0       
0.25404199957847595
0.6834056377410889
0.0       
0.0       
0.214376300573349
0.0       
0.18087846040725708
0.16137559711933136
0.6552067399024963
0.24416851997375488
0.6536533832550049
0.6710543632507324
0.5040705800056458
0.2748943567276001
0.1778818964958191
0.4393773376941681
0.0       
0.6757765412330627
0.0       
0.4180753529071808
0.22370575368404388
0.0       
0.6293439865112305
0.6536533832550049
0.6339508295059204
0.6374122500419617
0.306895911693573
0.6255508065223694
0.39602726697921753
0.6595517992973328
0.5783079266548157
0.19168180227279663
0.0       
0.6507034301757812
0.2554689943790436
0.0       
0.0       
0.3277948796749115
0.5140138268470764
0.6886481046676636
0.6107302904129028
0.2904546856880188
0.0       
0.6596106886863708
0.5466372966766357
0.0       
0.6897814273834229
0.6753833889961243
0.3357465863227844
0.6792891621589661
0.6792891621589661
0.6714558005332947
0.0       
0.0       
0.0       
0.6427177786827087
0.0       
0.31885281205177307
0.6648712754249573
0.6608579754829407
0.6595517992973328
0.26130056381225586
0.672286868095398
0.5458506345748901
0.6079360842704773
0.0       
0.324185848236084
0.652396559715271
0.6240498423576355
0.1599755585193634
0.5097389817237854
0.0       
0.6507034301757812
0.6304048895835876
0.0       
0.0       
0.6729776859283447
0.21337005496025085
0.6538548469543457
0.2896750867366791
0.6403470635414124
0.6450120806694031
0.0       
0.6649596095085144
0.6450120806694031
0.0       
0.6552067399024963
0.0       
0.35972562432289124
0.26046353578567505
0.0       
0.22787830233573914
0.49042120575904846
0.6753833889961243
0.2097228318452835
0.6194559931755066
0.6608579754829407
0.26529428362846375
0.49824416637420654
0.310998797416687
0.8215922117233276
0.20113392174243927
0.2717004418373108
0.5790294408798218
0.2343248426914215
0.543045163154602
0.2802225351333618
0.2020815908908844
0.43954038619995117
0.19306962192058563
0.19968490302562714
0.7647074460983276
0.3561229109764099
0.4941215515136719
0.2763112485408783
0.19528086483478546
0.7885560989379883
0.4706813395023346
0.2638256549835205
0.7876081466674805
0.757103681564331
0.485906720161438
0.48401814699172974
0.4362863302230835
0.4766474962234497
0.6643211841583252
0.2988395392894745
0.30487799644470215
0.5289113521575928
0.743798017501831
0.746540904045105
0.3137606680393219
0.5961192846298218
0.3061152398586273
0.5366960763931274
0.6089813709259033
0.39014488458633423
0.7812362313270569
0.698322057723999
0.19312337040901184
0.6722880005836487
0.2671005129814148
0.32015493512153625
0.8121963143348694
0.29866883158683777
0.5938552618026733
0.7056227326393127
0.6331419944763184
0.718967616558075
0.7069648504257202
0.18947605788707733
0.33377039432525635
0.3084525465965271
0.7576752305030823
0.7530583143234253
0.17665798962116241
0.7492413520812988
0.7010524272918701
0.5236597061157227
0.33977654576301575
0.1668965220451355
0.6061304211616516
0.7324088215827942
0.41788220405578613
0.3900904357433319
0.5374205112457275
0.31320881843566895
0.5599932670593262
0.3737826645374298
0.6225661635398865
0.4646075367927551
0.14541825652122498
0.20733141899108887
0.7494766712188721
0.17353564500808716
0.47560548782348633
0.7425793409347534
0.1738538295030594
0.22513386607170105
0.5938035845756531
0.2719748616218567
0.17360396683216095
0.4949191212654114
0.8124392628669739
0.31141313910484314
0.5100048184394836
0.34060636162757874
0.577977180480957
0.6042949557304382
0.60926753282547
0.7582316398620605
0.23911714553833008
0.5428881049156189
0.6195436716079712
0.168512761592865
0.14889512956142426
0.31740978360176086
0.1865975558757782
0.4027968943119049
0.22284574806690216
0.7501624822616577
0.7297570109367371
0.5820223689079285
0.29911503195762634
0.49241799116134644
0.4879223704338074
0.41119641065597534
0.33861294388771057
0.574659526348114
0.7352383732795715
0.2998996078968048
0.524351179599762
0.5923126339912415
0.2565267086029053
0.2769368886947632
0.5345742702484131
0.5362032651901245
0.6498072147369385
0.5673242807388306
0.5721542835235596
0.5351967215538025
0.18539011478424072
0.527074933052063
0.1703493893146515
0.5408032536506653
0.5621467232704163
0.6417196393013
0.6405351758003235
0.2620142102241516
0.1828579306602478
0.6171170473098755
0.605225145816803
0.7543837428092957
0.7310904264450073
0.22240117192268372
0.4765455424785614
0.5472698211669922
0.5320119261741638
0.2372150868177414
0.5686576962471008
0.5282491445541382
0.7272854447364807
0.0       
0.0       
0.0       
0.0       
0.0       
0.0       
0.0       
0.0       
0.0       
0.0       
0.0       
0.0       
0.0       
0.0       
0.0       
0.0       
0.0       
0.0       
0.0       
0.0       
0.0       
0.0       
0.0       
0.0       
0.0       
0.0       
0.0       
0.0       
0.0       
