0.33439871668815613
0.3723629117012024
0.38763192296028137
0.4185018539428711
0.48240986466407776
0.4976876974105835
0.5035325288772583
0.5199840664863586
0.6176908016204834
0.6226890087127686
0.626021683216095
0.6304271221160889
0.2590945363044739
0.3004765808582306
0.3491671681404114
0.45546600222587585
0.46949803829193115
0.4791647493839264
0.4955904483795166
0.6325464248657227
0.6402182579040527
0.6434459090232849
0.650513231754303
0.7807143330574036
0.7830426692962646
0.7845974564552307
0.7884688973426819
0.2613171637058258
0.30560311675071716
0.3499686121940613
0.3835102319717407
0.40399113297462463
0.42026621103286743
0.4528438150882721
0.5423544645309448
0.5498436689376831
0.5585848093032837
0.5715876817703247
0.6699231266975403
0.6715386509895325
0.673170804977417
0.6746200919151306
0.2629719376564026
0.3097117841243744
0.36630016565322876
0.4472799599170685
0.4601610004901886
0.4682908058166504
0.4848003089427948
0.611814022064209
0.6175178289413452
0.6217224597930908
0.6286144256591797
0.7452073693275452
0.7479362487792969
0.7493235468864441
0.7524799704551697
0.25344979763031006
0.2966846823692322
0.34122079610824585
0.43526819348335266
0.45533692836761475
0.46720728278160095
0.4894002377986908
0.600932240486145
0.6075752377510071
0.6123834252357483
0.6209036111831665
0.7299832105636597
0.7326391339302063
0.7337114214897156
0.7326261401176453
0.274882972240448
0.30618008971214294
0.3618142008781433
0.44185468554496765
0.45370009541511536
0.4650106132030487
0.4891310930252075
0.6126114726066589
0.6170802116394043
0.6221082210540771
0.6295933723449707
0.7691227197647095
0.7713187336921692
0.772421658039093
0.7757375836372375
0.2542535364627838
0.3029080629348755
0.37065619230270386
0.45615020394325256
0.47227945923805237
0.48109447956085205
0.49679675698280334
0.6313144564628601
0.6386080384254456
0.6418716907501221
0.650066077709198
0.7761409282684326
0.7788608074188232
0.7806203961372375
0.7826760411262512
0.2600495219230652
0.30076709389686584
0.34752899408340454
0.4365021586418152
0.4517333209514618
0.465394526720047
0.4847535192966461
0.6020868420600891
0.6102312803268433
0.6141626238822937
0.6230648756027222
0.7365879416465759
0.7400979995727539
0.7427417635917664
0.7456749081611633
0.2652561664581299
0.30364856123924255
0.35238075256347656
0.39642971754074097
0.42094123363494873
0.43682074546813965
0.45849502086639404
0.5531675815582275
0.5632050037384033
0.569953203201294
0.5784029960632324
0.6823816895484924
0.6850501894950867
0.6852102875709534
0.6853549480438232
0.2624041438102722
0.3090035915374756
0.3625165820121765
0.47522416710853577
0.49020877480506897
0.5041769742965698
0.5172695517539978
0.6572552919387817
0.6654632091522217
0.6690611243247986
0.6746212244033813
0.7818768620491028
0.7853569984436035
0.7864535450935364
0.788521945476532
0.26577264070510864
0.3127042055130005
0.35850414633750916
0.4320124685764313
0.4486178755760193
0.46304404735565186
0.48347756266593933
0.5947942137718201
0.6016108393669128
0.6076558232307434
0.6169700026512146
0.7223864197731018
0.7247850298881531
0.727250874042511
0.7288620471954346
0.2608504891395569
0.30878210067749023
0.36232832074165344
0.4311681091785431
0.4433142840862274
0.45594164729118347
0.47150111198425293
0.5976060628890991
0.6014739274978638
0.6077649593353271
0.613064169883728
0.7303345203399658
0.7314119338989258
0.7333099842071533
0.7340829968452454
0.26448532938957214
0.3116825819015503
0.34757867455482483
0.3727648854255676
0.39905527234077454
0.41459086537361145
0.4308556318283081
0.5174697041511536
0.5287225842475891
0.5314666032791138
0.5375095009803772
0.6268275380134583
0.6299827098846436
0.6299001574516296
0.629411518573761
0.25865668058395386
0.3073680102825165
0.3468341529369354
0.4207742512226105
0.4368472695350647
0.45096245408058167
0.4737662076950073
0.5730164647102356
0.5805507302284241
0.5883291363716125
0.5962255001068115
0.6932584643363953
0.695787250995636
0.6980326175689697
0.7024426460266113
0.25931936502456665
0.3079703748226166
0.36128169298171997
0.4049012064933777
0.4257752001285553
0.44354936480522156
0.4696069061756134
0.5707211494445801
0.5812743306159973
0.5869117379188538
0.5982121825218201
0.7081435918807983
0.7122052311897278
0.714124321937561
0.717648983001709
0.2567742168903351
0.3069245517253876
0.35377731919288635
0.33439871668815613
0.3356626033782959
0.37244895100593567
0.42180508375167847
0.48240986466407776
0.48048385977745056
0.48466038703918457
0.5018091797828674
0.6176908016204834
0.6148589849472046
0.6111623048782349
0.6131811738014221
0.17861784994602203
0.31208354234695435
0.3884342312812805
0.45546600222587585
0.4568021297454834
0.4670015275478363
0.48140719532966614
0.6325464248657227
0.6326671838760376
0.635228157043457
0.6414444446563721
0.7807143330574036
0.780376136302948
0.7802187204360962
0.7811840176582336
0.16625870764255524
0.2656667232513428
0.32527634501457214
0.3835102319717407
0.38700050115585327
0.40147635340690613
0.43132463097572327
0.5423544645309448
0.5395664572715759
0.5395843386650085
0.5445400476455688
0.6699231266975403
0.6673652529716492
0.656538188457489
0.650646984577179
0.18207883834838867
0.2985033392906189
0.359474778175354
0.4472799599170685
0.44925233721733093
0.4613243341445923
0.4729371964931488
0.611814022064209
0.6121214032173157
0.6159704327583313
0.6210464239120483
0.7452073693275452
0.74486243724823
0.7447060942649841
0.7448663115501404
0.16030192375183105
0.2543383538722992
0.31070783734321594
0.43526819348335266
0.4349152147769928
0.4405825436115265
0.45400869846343994
0.600932240486145
0.5993369221687317
0.594305157661438
0.5944744944572449
0.7299832105636597
0.728431224822998
0.7230737805366516
0.7166574001312256
0.1749594807624817
0.2862831950187683
0.3447566032409668
0.44185468554496765
0.44390901923179626
0.4645927846431732
0.49448370933532715
0.6126114726066589
0.6128358840942383
0.6167160272598267
0.6285364627838135
0.7691227197647095
0.7683748602867126
0.7678343057632446
0.7716205716133118
0.17143525183200836
0.3078783452510834
0.39175277948379517
0.45615020394325256
0.45837217569351196
0.47067806124687195
0.4910123348236084
0.6313144564628601
0.6318228840827942
0.6355905532836914
0.6423510313034058
0.7761409282684326
0.7758837342262268
0.7757323384284973
0.7772833108901978
0.16596634685993195
0.2697629928588867
0.3354281187057495
0.4365021586418152
0.43905875086784363
0.45385047793388367
0.4755752384662628
0.6020868420600891
0.60306316614151
0.6063417196273804
0.6122211217880249
0.7365879416465759
0.7361966967582703
0.7346482872962952
0.7363684177398682
0.16786809265613556
0.28089043498039246
0.34142857789993286
0.39642971754074097
0.3950945734977722
0.4247698187828064
0.46806737780570984
0.5531675815582275
0.5510473847389221
0.5511316657066345
0.5695148706436157
0.6823816895484924
0.6789756417274475
0.6701700687408447
0.6733412742614746
0.17850279808044434
0.33666640520095825
0.4257434606552124
0.47522416710853577
0.4762541651725769
0.48485374450683594
0.5010226964950562
0.6572552919387817
0.6572116017341614
0.6591730117797852
0.6637369394302368
0.7818768620491028
0.7814320921897888
0.7801127433776855
0.7783124446868896
0.1638006716966629
0.26627352833747864
0.32176291942596436
0.4320124685764313
0.43372976779937744
0.444194495677948
0.46102985739707947
0.5947942137718201
0.5943406224250793
0.5941663384437561
0.597673773765564
0.7223864197731018
0.7210451364517212
0.7171134352684021
0.7152213454246521
0.16671688854694366
0.2715865671634674
0.32881632447242737
0.4311681091785431
0.4314899146556854
0.44350960850715637
0.46004924178123474
0.5976060628890991
0.5973348021507263
0.5947226285934448
0.5988780856132507
0.7303345203399658
0.7292641997337341
0.7247757911682129
0.7216772437095642
0.17056582868099213
0.2799610495567322
0.3403455913066864
0.3727648854255676
0.3713188171386719
0.3891657888889313
0.4296189248561859
0.5174697041511536
0.5132449269294739
0.5072581171989441
0.517772912979126
0.6268275380134583
0.6226152777671814
0.6074509024620056
0.6052930951118469
0.1801241636276245
0.3186323642730713
0.38837358355522156
0.4207742512226105
0.42021170258522034
0.437816321849823
0.4795779287815094
0.5730164647102356
0.5716831684112549
0.573233425617218
0.5863562822341919
0.6932584643363953
0.6914212703704834
0.6855524778366089
0.689939558506012
0.17761681973934174
0.3152707815170288
0.4009808599948883
0.4049012064933777
0.4054841995239258
0.4245709478855133
0.4562647044658661
0.5707211494445801
0.5696569085121155
0.573485791683197
0.5837041139602661
0.7081435918807983
0.7075962424278259
0.7057464718818665
0.7075849771499634
0.17202319204807281
0.29531052708625793
0.37475863099098206
