0.39682023983209547
0.42414504605403636
0.43122015206519393
0.45776631957892633
0.5278096613824665
0.5373679661304074
0.5390781741459847
0.5550705680424564
0.6286389380679935
0.631269640107476
0.6349044206474197
0.638073522993384
0.3020987566572195
0.349607084904747
0.389566915470855
0.4661455095173075
0.4754024060177109
0.48227747128251863
0.49530368117645196
0.6032394958073475
0.6091624707575107
0.6101424984877646
0.6169157562398055
0.7245710435177131
0.7260393909598442
0.727814394033377
0.733259483402108
0.28893562272338613
0.3322221662556899
0.3714119176948749
0.4653499368089342
0.48482401984941603
0.49603200596044417
0.5269186871376554
0.6221000360753557
0.6305634552174979
0.6345298470928675
0.6419766979002475
0.7049538274715736
0.7053737672976155
0.7073209365464415
0.7070566815585302
0.3237767432829628
0.3523411879519358
0.4154097755204589
0.4641741357800697
0.47297790156477504
0.47376511385324704
0.4909303523278119
0.5951559524678629
0.5984327710793877
0.6009935521034073
0.6065252788353384
0.6946902028885269
0.6964313605806183
0.6970459036458578
0.7011412656286211
0.294143645496181
0.33835349442769314
0.3701071020937299
0.4900320272910541
0.5212202288734638
0.5224957859540815
0.5522004261378335
0.6080286369707579
0.6185846517099804
0.6195821729288333
0.6317335433639961
0.7128148654211977
0.7149455302968342
0.7152229498900375
0.7133609769870333
0.38236169714551593
0.38298534667779904
0.4475047371084315
0.46158374848733175
0.47215259833322776
0.47762934532062573
0.4973335445358771
0.5929045601932472
0.5968450862088162
0.5991908621755471
0.6045258586447098
0.7132986543333608
0.7149373657824896
0.7166343682256979
0.7190507098496255
0.3053813474406333
0.3489220191591045
0.40677231355588006
0.47580113110266
0.49359927445289387
0.49714533268087635
0.5145546881149734
0.6120756319155909
0.6183249685111605
0.6189827196635669
0.6273717239239431
0.7207099774001655
0.7225330738037883
0.7241475570277203
0.7259272556221994
0.33121631692439735
0.36009337553801757
0.4029349657130865
0.45907103817184236
0.4722041228331051
0.48193628642781405
0.4947326757932302
0.589040304685259
0.5954761278313505
0.5973418634292536
0.6036877052416436
0.6939270400835653
0.6966021835171752
0.6981188188401575
0.6982793889779373
0.3017981527995204
0.325038895046422
0.3664311082617111
0.46614038196372576
0.4805650688059018
0.5000876521717466
0.5158516917346425
0.5863410994806237
0.592801666379561
0.6001448303888992
0.6041405286613646
0.6762256453441893
0.6772768296474716
0.6780205750530968
0.6769254614490627
0.3472817687284966
0.41087110791819725
0.4420620558422037
0.48031073895118936
0.4962716526112132
0.515010994498212
0.523728126510278
0.6218103808619304
0.6304349111218386
0.6359629219043796
0.6392629457883601
0.7254786993371454
0.7282092464879817
0.7284401861254572
0.7310963811178794
0.33070532630944527
0.3782637223617371
0.4145608195927686
0.46522341074484075
0.47934295163203444
0.4897464222045187
0.5049150298205554
0.5970153839149681
0.6011209074638693
0.608113693645155
0.6117221202844689
0.7000575514283334
0.7002732096922593
0.7037071583614676
0.7057517699782387
0.3198065204339038
0.3630943369294961
0.4121650965564392
0.48370758739509156
0.48965015459204153
0.49937589863847975
0.5096826134831645
0.6185774323428497
0.6212993007039245
0.6261521978212983
0.627686660354815
0.7156856707772477
0.7163982448437309
0.7197136817391971
0.7187912461867008
0.3069776424209216
0.34161232704094857
0.3762331415412099
0.44220077097225285
0.4719055819177562
0.47878130681965914
0.4920003976280931
0.5690089519348476
0.5789652130997638
0.5794959651724554
0.5818606241825286
0.6443411379232202
0.6480300975899809
0.6448959741269142
0.6473849013352471
0.3216140924387787
0.36935230871121405
0.4059007911922805
0.47988279383776344
0.49023666616239225
0.5019272731332514
0.5226385778871787
0.6093912812702662
0.6139370028967193
0.6206946029851714
0.6238777057262723
0.6999393624465853
0.7000749065999265
0.6999821486978739
0.7019320543188314
0.31490378799503915
0.3598407587709893
0.4145238247167846
0.44568710176696413
0.46518186255727656
0.48035105706289016
0.5006129014784619
0.5804637386593328
0.5893321084570289
0.5928134147309869
0.6017496564684421
0.684737089195778
0.688551140949901
0.6904241517532661
0.692006539237159
0.313342239343374
0.35935229850601047
0.39261310294627094
0.39682023983209547
0.3928969958767681
0.42122164296074516
0.47222533962073854
0.5278096613824665
0.5245188363892908
0.5233473108596378
0.5351220294103065
0.6286389380679935
0.6258714087551063
0.6218040827150197
0.6220484177930672
0.24845612723665056
0.373766459212451
0.45291918273142073
0.4661455095173075
0.4669152877643832
0.4711497007708978
0.4824492681969019
0.6032394958073475
0.6036476930061987
0.6040456514328163
0.6090045895754805
0.7245710435177131
0.7244009847153308
0.7251283389898369
0.7256768106827884
0.21949603683936747
0.30827024998004404
0.35802470590207136
0.4653499368089342
0.4686427149195538
0.47343589452006896
0.49184856148616873
0.6221000360753557
0.6188486094438908
0.6144351415168927
0.61714189757922
0.7049538274715736
0.7039268785875983
0.6973780647114189
0.6933841517056862
0.2557922874505181
0.35895051307944925
0.405205475550364
0.4641741357800697
0.4649944715816332
0.47240000711810026
0.4821293779233571
0.5951559524678629
0.5948616988721511
0.5984217971350212
0.6003028520887632
0.6946902028885269
0.6945288538090075
0.693665398552529
0.693560755753797
0.21673666881671583
0.3014977640308558
0.34365985897233386
0.4900320272910541
0.48865966550864925
0.49082528263955183
0.49213218631161126
0.6080286369707579
0.6063493600277639
0.6015239494443883
0.5976619810374508
0.7128148654211977
0.711343469853901
0.7086100371591932
0.7038708701752547
0.2415288847266419
0.33885439718503463
0.3939482170251587
0.46158374848733175
0.4626502018739451
0.4804058362249499
0.5046070821740365
0.5929045601932472
0.5928731679137513
0.5952455303495299
0.6064366199937012
0.7132986543333608
0.7131005286690915
0.713951818171811
0.7178373846554678
0.24150565589389217
0.35818435816839056
0.4255818417742354
0.47580113110266
0.477793885157908
0.48459819063511134
0.5086569222845725
0.6120756319155909
0.6128155297947302
0.6166094312664114
0.6237173639930269
0.7207099774001655
0.7208391173147142
0.7210897384293027
0.7236969143011187
0.24058101452845282
0.3268202138974665
0.3859295347734246
0.45907103817184236
0.4592283108165738
0.4703375222024455
0.49086904638969386
0.589040304685259
0.5901596903279369
0.5898611812500008
0.5967206709562198
0.6939270400835653
0.6936823764490896
0.6923899702133305
0.6955973452455879
0.2196729495301506
0.32725488142108716
0.38627738318388083
0.46614038196372576
0.46192186572273286
0.4937708980737767
0.5382539965830944
0.5863410994806237
0.5841389839188196
0.5830693817540613
0.5993414674327511
0.6762256453441893
0.6722466247293255
0.6616086520438991
0.6656815728413257
0.282930025917981
0.44568216757978973
0.5254343944762354
0.48031073895118936
0.48170533922258585
0.4832988496193735
0.49609598444136793
0.6218103808619304
0.6211172122196018
0.6203190815031121
0.6245673252090143
0.7254786993371454
0.7250046010970124
0.722897807266353
0.7214584614104105
0.22693809418407174
0.31954116434604884
0.3642451389646659
0.46522341074484075
0.4653614843886231
0.47385808385798
0.48876216960729835
0.5970153839149681
0.595944266710692
0.5934904264491401
0.5959538375055082
0.7000575514283334
0.699314772284211
0.6968429829213427
0.6931614184696286
0.22694570396650793
0.32058718506142725
0.36776333801959993
0.48370758739509156
0.4825355507646236
0.48985830139475084
0.504751389177077
0.6185774323428497
0.6181487524881959
0.6155913915824982
0.6188086605370735
0.7156856707772477
0.71511618939644
0.7119844722274706
0.7104295304503729
0.23420464968213484
0.3397345262471987
0.39768963171136207
0.44220077097225285
0.44059356718584297
0.4448753977251272
0.48179693365884546
0.5690089519348476
0.5678939169144002
0.5687203364688145
0.5826027797249935
0.6443411379232202
0.64279389411357
0.6429258904700106
0.6443842949824194
0.25113389025968047
0.391326936229067
0.441835719484974
0.47988279383776344
0.47726823156228093
0.4745123318468849
0.5036239898544324
0.6093912812702662
0.6057151502563016
0.5968615715120826
0.6025072540083443
0.6999393624465853
0.6982478113819788
0.6909300095233597
0.6896766023348846
0.2553621099837642
0.3915468074766615
0.4641794961622878
0.44568710176696413
0.4441306880062399
0.4582269762278237
0.4784101106341865
0.5804637386593328
0.5796241079140287
0.5813078853372566
0.5860952114882458
0.684737089195778
0.6844274797223058
0.6831643207263518
0.6825515956408914
0.2370636018512764
0.3442599305744807
0.40798414681661654
