60.21052631578947
48.36842105263158
47.73684210526316
32.21052631578947
44.26315789473684
35.63157894736842
33.73684210526316
31.842105263157894
28.05263157894737
28.68421052631579
25.68421052631579
18.63157894736842
73.42105263157895
60.31578947368421
38.31578947368421
48.1578947368421
43.89473684210526
43.526315789473685
36.89473684210526
34.21052631578947
33.63157894736842
28.894736842105264
29.63157894736842
20.57894736842105
24.894736842105264
18.842105263157894
19.736842105263158
76.36842105263158
72.94736842105263
63.26315789473684
46.1578947368421
40.1578947368421
38.68421052631579
36.8421052631579
27.68421052631579
27.57894736842105
22.68421052631579
27.68421052631579
17.473684210526315
16.736842105263158
18.0      
20.68421052631579
70.3157894736842
70.57894736842105
60.473684210526315
52.1578947368421
52.89473684210526
44.10526315789474
40.05263157894737
37.36842105263158
34.94736842105263
34.26315789473684
33.1578947368421
22.736842105263158
22.0      
24.68421052631579
17.68421052631579
75.89473684210526
68.05263157894737
64.84210526315789
46.73684210526316
48.89473684210526
45.8421052631579
46.473684210526315
33.36842105263158
31.94736842105263
33.73684210526316
26.68421052631579
22.736842105263158
19.68421052631579
19.36842105263158
17.736842105263158
75.42105263157895
78.05263157894737
69.10526315789474
52.05263157894737
44.31578947368421
35.94736842105263
34.0      
26.842105263157894
26.31578947368421
27.57894736842105
19.57894736842105
18.63157894736842
16.05263157894737
21.42105263157895
12.526315789473685
79.6842105263158
69.52631578947368
66.89473684210526
44.0      
43.68421052631579
34.421052631578945
33.73684210526316
28.0      
25.36842105263158
27.789473684210527
24.842105263157894
19.157894736842106
18.105263157894736
12.473684210526315
14.210526315789474
74.89473684210526
70.57894736842105
64.05263157894737
58.78947368421053
56.31578947368421
48.05263157894737
43.10526315789474
40.89473684210526
35.89473684210526
33.78947368421053
32.421052631578945
28.63157894736842
26.68421052631579
22.31578947368421
20.894736842105264
74.63157894736842
62.578947368421055
57.0      
38.578947368421055
35.473684210526315
33.31578947368421
20.42105263157895
22.526315789473685
26.94736842105263
17.263157894736842
12.894736842105264
11.578947368421053
11.789473684210526
12.31578947368421
2.8947368421052633
65.6842105263158
63.78947368421053
44.0      
43.21052631578947
40.578947368421055
41.05263157894737
40.21052631578947
31.105263157894736
31.31578947368421
25.736842105263158
24.157894736842106
15.157894736842104
14.210526315789474
17.42105263157895
12.210526315789474
66.26315789473684
65.21052631578948
61.63157894736842
47.1578947368421
38.1578947368421
32.73684210526316
33.473684210526315
24.05263157894737
26.05263157894737
23.473684210526315
23.42105263157895
15.421052631578947
14.842105263157896
13.578947368421053
10.210526315789474
73.57894736842105
72.42105263157895
65.57894736842105
55.68421052631579
49.526315789473685
51.63157894736842
46.94736842105263
31.0      
33.1578947368421
33.89473684210526
28.68421052631579
17.894736842105264
21.473684210526315
23.31578947368421
17.789473684210527
79.78947368421052
77.63157894736842
68.78947368421052
55.1578947368421
45.1578947368421
43.05263157894737
33.1578947368421
35.8421052631579
35.31578947368421
34.0      
29.0      
21.789473684210527
25.05263157894737
25.36842105263158
18.842105263157894
82.52631578947368
74.10526315789474
60.21052631578947
57.1578947368421
45.73684210526316
42.10526315789474
40.78947368421053
37.526315789473685
34.05263157894737
31.42105263157895
19.94736842105263
24.105263157894736
22.36842105263158
19.42105263157895
12.578947368421053
72.52631578947368
62.10526315789474
58.05263157894737
64.36842105263158
49.1578947368421
47.31578947368421
37.68421052631579
41.31578947368421
36.89473684210526
34.73684210526316
21.94736842105263
28.68421052631579
23.789473684210527
23.526315789473685
15.68421052631579
70.73684210526316
69.10526315789474
56.473684210526315
62.473684210526315
59.421052631578945
42.89473684210526
36.63157894736842
50.63157894736842
41.36842105263158
36.89473684210526
30.842105263157894
32.578947368421055
28.0      
26.842105263157894
22.36842105263158
72.52631578947368
51.31578947368421
38.0      
57.89473684210526
47.578947368421055
41.78947368421053
34.473684210526315
38.26315789473684
34.8421052631579
31.736842105263158
29.05263157894737
25.94736842105263
21.68421052631579
19.42105263157895
18.894736842105264
81.78947368421052
57.578947368421055
52.26315789473684
52.526315789473685
49.26315789473684
39.89473684210526
37.26315789473684
35.526315789473685
33.05263157894737
25.789473684210527
31.42105263157895
19.263157894736842
19.842105263157894
19.263157894736842
11.421052631578947
79.57894736842105
57.73684210526316
52.526315789473685
62.1578947368421
59.0      
43.89473684210526
43.578947368421055
40.21052631578947
43.36842105263158
34.36842105263158
32.0      
30.57894736842105
31.894736842105264
22.57894736842105
24.157894736842106
80.47368421052632
58.31578947368421
55.26315789473684
58.63157894736842
57.421052631578945
43.526315789473685
41.1578947368421
36.421052631578945
38.1578947368421
35.05263157894737
32.10526315789474
26.36842105263158
22.94736842105263
21.57894736842105
21.526315789473685
78.0      
62.26315789473684
53.0      
56.421052631578945
46.8421052631579
39.473684210526315
35.10526315789474
32.421052631578945
25.526315789473685
24.68421052631579
21.94736842105263
22.789473684210527
16.42105263157895
13.31578947368421
18.210526315789473
82.63157894736842
56.421052631578945
52.68421052631579
47.26315789473684
48.10526315789474
42.31578947368421
38.526315789473685
28.94736842105263
34.36842105263158
26.68421052631579
23.157894736842106
18.157894736842106
15.368421052631579
23.473684210526315
15.421052631578947
81.63157894736842
62.05263157894737
53.0      
66.47368421052632
62.526315789473685
46.526315789473685
38.578947368421055
44.0      
40.68421052631579
39.10526315789474
37.10526315789474
31.05263157894737
28.210526315789473
28.789473684210527
24.263157894736842
77.21052631578948
57.8421052631579
52.26315789473684
43.578947368421055
44.578947368421055
26.736842105263158
27.105263157894736
24.94736842105263
22.105263157894736
19.31578947368421
18.736842105263158
13.526315789473685
13.0      
6.157894736842105
10.0      
75.3157894736842
44.36842105263158
39.526315789473685
51.73684210526316
49.26315789473684
40.21052631578947
33.31578947368421
33.10526315789474
32.10526315789474
28.736842105263158
22.157894736842106
23.36842105263158
18.42105263157895
13.789473684210526
10.631578947368421
75.3157894736842
56.8421052631579
51.526315789473685
52.78947368421053
49.8421052631579
33.421052631578945
30.68421052631579
33.94736842105263
27.36842105263158
26.157894736842106
23.473684210526315
18.105263157894736
13.842105263157896
7.157894736842105
11.368421052631579
79.94736842105263
58.68421052631579
47.10526315789474
60.21052631578947
58.89473684210526
50.0      
39.578947368421055
44.36842105263158
35.26315789473684
34.473684210526315
31.263157894736842
24.31578947368421
27.157894736842106
24.210526315789473
17.894736842105264
83.3157894736842
65.6842105263158
55.578947368421055
60.0      
55.1578947368421
44.8421052631579
36.8421052631579
38.10526315789474
34.63157894736842
34.8421052631579
30.894736842105264
21.526315789473685
23.473684210526315
26.68421052631579
24.526315789473685
79.21052631578948
62.78947368421053
50.68421052631579
58.10526315789474
53.0      
42.31578947368421
34.473684210526315
46.31578947368421
36.526315789473685
32.578947368421055
30.94736842105263
22.736842105263158
23.0      
17.263157894736842
16.210526315789473
69.26315789473684
49.31578947368421
47.31578947368421
70.42105263157895
60.473684210526315
47.68421052631579
40.526315789473685
47.421052631578945
40.578947368421055
33.21052631578947
30.210526315789473
35.05263157894737
25.736842105263158
27.36842105263158
26.736842105263158
73.36842105263158
56.31578947368421
51.421052631578945
