1.5956242084503174
1.606211543083191
1.6159782409667969
1.6283671855926514
1.6387748718261719
1.6406534910202026
1.646680474281311
1.650748372077942
1.6724188327789307
1.6722537279129028
1.6733092069625854
1.676909327507019
1.5573174953460693
1.5817965269088745
1.6069459915161133
1.6122174263000488
1.6157209873199463
1.6157361268997192
1.6231242418289185
1.66108238697052
1.6613550186157227
1.662658929824829
1.665000319480896
1.6921604871749878
1.6922588348388672
1.6931434869766235
1.693688988685608
1.5308977365493774
1.5597548484802246
1.5807301998138428
1.6037226915359497
1.6102564334869385
1.6158455610275269
1.6231698989868164
1.6419568061828613
1.647141456604004
1.650478720664978
1.6526153087615967
1.677359938621521
1.679532766342163
1.6809531450271606
1.6838338375091553
1.5556617975234985
1.5771633386611938
1.5959477424621582
1.6191802024841309
1.621639609336853
1.6266525983810425
1.6376421451568604
1.6698825359344482
1.670054316520691
1.6738122701644897
1.6806570291519165
1.6997090578079224
1.7003599405288696
1.7029201984405518
1.7042145729064941
1.5404773950576782
1.5704190731048584
1.5983197689056396
1.6140727996826172
1.6199276447296143
1.6251217126846313
1.6285912990570068
1.6552066802978516
1.657094955444336
1.6585311889648438
1.661346673965454
1.6825519800186157
1.684395432472229
1.6836729049682617
1.6831459999084473
1.5499165058135986
1.571569800376892
1.599043369293213
1.6051634550094604
1.613018274307251
1.6170321702957153
1.6186050176620483
1.6422712802886963
1.645379900932312
1.646212100982666
1.6478052139282227
1.6761229038238525
1.6783777475357056
1.6803959608078003
1.6803215742111206
1.5658618211746216
1.5821512937545776
1.590253472328186
1.609745740890503
1.6146153211593628
1.6149965524673462
1.619951844215393
1.649366021156311
1.651004433631897
1.6528645753860474
1.6533076763153076
1.6798796653747559
1.680169939994812
1.6815012693405151
1.6795322895050049
1.5377756357192993
1.555662989616394
1.5769633054733276
1.6044706106185913
1.6142982244491577
1.6192781925201416
1.6271874904632568
1.649587869644165
1.6532658338546753
1.6542110443115234
1.6568207740783691
1.676883339881897
1.67734694480896
1.67791748046875
1.6783335208892822
1.5524643659591675
1.5653101205825806
1.5944441556930542
1.6086081266403198
1.6206134557724
1.628274917602539
1.6336253881454468
1.6507991552352905
1.655590534210205
1.6581637859344482
1.6635150909423828
1.6845136880874634
1.6881862878799438
1.6898906230926514
1.6872856616973877
1.5660113096237183
1.5921775102615356
1.6100537776947021
1.6126726865768433
1.6158055067062378
1.6191223859786987
1.620104193687439
1.653690218925476
1.653563380241394
1.6551103591918945
1.6549047231674194
1.677780270576477
1.6779085397720337
1.6792842149734497
1.6782724857330322
1.543821930885315
1.5660350322723389
1.5813547372817993
1.6161706447601318
1.6230984926223755
1.6334550380706787
1.6401779651641846
1.662442922592163
1.6645067930221558
1.669856071472168
1.6710506677627563
1.6915218830108643
1.69309663772583
1.695822834968567
1.6960930824279785
1.5523022413253784
1.5803941488265991
1.6081839799880981
1.6026586294174194
1.6073299646377563
1.6123582124710083
1.6215583086013794
1.6421067714691162
1.6433566808700562
1.6461880207061768
1.6513392925262451
1.675080418586731
1.6753625869750977
1.675990343093872
1.6794060468673706
1.5390843152999878
1.5621813535690308
1.5838379859924316
1.607255458831787
1.615848183631897
1.6201921701431274
1.6313894987106323
1.6457765102386475
1.6486045122146606
1.6533596515655518
1.6552765369415283
1.674115538597107
1.676708459854126
1.6748799085617065
1.678045630455017
1.5551890134811401
1.590062141418457
1.6051716804504395
1.611365795135498
1.6149141788482666
1.6235705614089966
1.6332794427871704
1.6452014446258545
1.647340178489685
1.6508986949920654
1.655990481376648
1.674907922744751
1.6754192113876343
1.6790965795516968
1.6786904335021973
1.5617036819458008
1.5797146558761597
1.6013673543930054
1.6047219038009644
1.6104844808578491
1.62003755569458
1.6299110651016235
1.6453967094421387
1.647705078125
1.651060700416565
1.6533613204956055
1.6796858310699463
1.6796534061431885
1.679304599761963
1.6821023225784302
1.5570728778839111
1.5798993110656738
1.5990608930587769
1.5956242084503174
1.5982531309127808
1.615255355834961
1.6349247694015503
1.6387748718261719
1.6389634609222412
1.6448560953140259
1.6498794555664062
1.6724188327789307
1.6710108518600464
1.6708881855010986
1.6745282411575317
1.5255669355392456
1.6025654077529907
1.6225415468215942
1.6122174263000488
1.6117196083068848
1.614944577217102
1.6162439584732056
1.66108238697052
1.660603642463684
1.6592901945114136
1.6586860418319702
1.6921604871749878
1.6922955513000488
1.6926987171173096
1.693863868713379
1.4870877265930176
1.5497431755065918
1.5730321407318115
1.6037226915359497
1.6033155918121338
1.6125502586364746
1.6225835084915161
1.6419568061828613
1.641447901725769
1.642419457435608
1.6446397304534912
1.677359938621521
1.6781865358352661
1.6737178564071655
1.6716134548187256
1.5060255527496338
1.576157808303833
1.6087017059326172
1.6191802024841309
1.6181535720825195
1.6226370334625244
1.635207176208496
1.6698825359344482
1.6696739196777344
1.668723464012146
1.669714093208313
1.6997090578079224
1.699355125427246
1.6999154090881348
1.7022968530654907
1.4897178411483765
1.5607836246490479
1.599257230758667
1.6140727996826172
1.6146951913833618
1.618046522140503
1.6367502212524414
1.6552066802978516
1.6550666093826294
1.6521844863891602
1.6521286964416504
1.6825519800186157
1.6809505224227905
1.6777405738830566
1.676112174987793
1.4937597513198853
1.566268801689148
1.591516375541687
1.6051634550094604
1.6076321601867676
1.6229757070541382
1.6347116231918335
1.6422712802886963
1.641975998878479
1.649356484413147
1.6567083597183228
1.6761229038238525
1.6761146783828735
1.6795865297317505
1.6829124689102173
1.5152581930160522
1.5897830724716187
1.6116362810134888
1.609745740890503
1.6107754707336426
1.614864468574524
1.6237623691558838
1.649366021156311
1.649288296699524
1.647984266281128
1.6515687704086304
1.6798796653747559
1.679671049118042
1.680419683456421
1.6799424886703491
1.4866358041763306
1.5528830289840698
1.5756869316101074
1.6044706106185913
1.6107279062271118
1.624735713005066
1.6383998394012451
1.649587869644165
1.650807499885559
1.6590046882629395
1.6587449312210083
1.676883339881897
1.6766581535339355
1.6788620948791504
1.6792285442352295
1.5211559534072876
1.597184658050537
1.611775279045105
1.6086081266403198
1.610244870185852
1.6306002140045166
1.6463663578033447
1.6507991552352905
1.6508266925811768
1.6589043140411377
1.6632033586502075
1.6845136880874634
1.683237910270691
1.6827291250228882
1.686475157737732
1.529060959815979
1.6031062602996826
1.6311542987823486
1.6126726865768433
1.612230658531189
1.6162148714065552
1.621164321899414
1.653690218925476
1.6535353660583496
1.6520135402679443
1.653531789779663
1.677780270576477
1.6774780750274658
1.6767590045928955
1.6766071319580078
1.4813015460968018
1.556200623512268
1.5841013193130493
1.6161706447601318
1.6179989576339722
1.627189040184021
1.6338223218917847
1.662442922592163
1.6640037298202515
1.6631863117218018
1.6639951467514038
1.6915218830108643
1.6913480758666992
1.6912730932235718
1.6901755332946777
1.4969706535339355
1.5694047212600708
1.5957422256469727
1.6026586294174194
1.6024454832077026
1.6053053140640259
1.6138924360275269
1.6421067714691162
1.6425082683563232
1.6400302648544312
1.6412018537521362
1.675080418586731
1.6748968362808228
1.6746292114257812
1.674094557762146
1.4836398363113403
1.5557910203933716
1.5831623077392578
1.607255458831787
1.6062602996826172
1.6242514848709106
1.6323976516723633
1.6457765102386475
1.6441644430160522
1.64881432056427
1.6541998386383057
1.674115538597107
1.6730127334594727
1.6751147508621216
1.6765632629394531
1.522150993347168
1.5956919193267822
1.6235662698745728
1.611365795135498
1.6123422384262085
1.626357078552246
1.6416370868682861
1.6452014446258545
1.6452139616012573
1.6495885848999023
1.6606045961380005
1.674907922744751
1.6729159355163574
1.672399640083313
1.6780388355255127
1.5233590602874756
1.597328782081604
1.6261365413665771
1.6047219038009644
1.6065404415130615
1.6200757026672363
1.6322574615478516
1.6453967094421387
1.6457290649414062
1.6490315198898315
1.6512818336486816
1.6796858310699463
1.6780980825424194
1.6749259233474731
1.6722949743270874
1.5148636102676392
1.591978669166565
1.6142182350158691
