0.39682018756866455
0.42414507269859314
0.4312201738357544
0.4577663242816925
0.5278096199035645
0.5373680591583252
0.5390781760215759
0.5550705790519714
0.6286389231681824
0.631269633769989
0.6349043846130371
0.6380735039710999
0.30209875106811523
0.34960711002349854
0.38956692814826965
0.46614551544189453
0.47540244460105896
0.4822775423526764
0.4953036904335022
0.6032395362854004
0.6091625690460205
0.6101425886154175
0.616915762424469
0.7245710492134094
0.726039469242096
0.7278144359588623
0.7332594990730286
0.28893566131591797
0.3322221636772156
0.37141188979148865
0.4653499126434326
0.4848240613937378
0.4960319399833679
0.5269186496734619
0.6220999956130981
0.6305634379386902
0.6345298290252686
0.6419766545295715
0.7049538493156433
0.7053737640380859
0.7073209285736084
0.7070567011833191
0.3237767219543457
0.3523411750793457
0.41540974378585815
0.4641740918159485
0.47297796607017517
0.47376516461372375
0.49093037843704224
0.5951559543609619
0.5984328389167786
0.6009935736656189
0.6065252423286438
0.6946902275085449
0.6964313983917236
0.6970459222793579
0.7011412978172302
0.2941436469554901
0.33835357427597046
0.3701070547103882
0.4900319576263428
0.5212202668190002
0.5224958062171936
0.552200436592102
0.6080285906791687
0.6185846924781799
0.6195821762084961
0.6317335963249207
0.7128149271011353
0.7149455547332764
0.7152230143547058
0.7133609652519226
0.3823617100715637
0.38298532366752625
0.44750475883483887
0.46158379316329956
0.4721526503562927
0.4776293635368347
0.49733349680900574
0.5929046273231506
0.5968450903892517
0.5991908311843872
0.6045258045196533
0.7132986187934875
0.7149373888969421
0.7166343927383423
0.7190508246421814
0.3053813576698303
0.3489220440387726
0.406772255897522
0.47580116987228394
0.4935993254184723
0.4971453547477722
0.5145546197891235
0.612075686454773
0.6183249950408936
0.61898273229599
0.6273717880249023
0.7207099795341492
0.7225329279899597
0.724147617816925
0.7259272933006287
0.3312162756919861
0.360093355178833
0.4029349684715271
0.4590710401535034
0.4722040891647339
0.48193639516830444
0.49473264813423157
0.589040219783783
0.5954761505126953
0.5973419547080994
0.6036876440048218
0.693926990032196
0.6966021656990051
0.6981187462806702
0.6982793211936951
0.30179816484451294
0.325038880109787
0.3664311170578003
0.4661404490470886
0.4805651009082794
0.5000876188278198
0.5158516764640808
0.5863410234451294
0.5928016304969788
0.6001448035240173
0.6041405200958252
0.6762256622314453
0.6772769093513489
0.6780205368995667
0.6769254207611084
0.34728172421455383
0.41087108850479126
0.44206202030181885
0.4803108274936676
0.49627166986465454
0.5150110125541687
0.5237281918525696
0.6218103766441345
0.6304349303245544
0.6359629034996033
0.6392629742622375
0.7254787087440491
0.7282093167304993
0.7284402251243591
0.7310963869094849
0.33070534467697144
0.37826377153396606
0.41456082463264465
0.46522343158721924
0.4793429374694824
0.4897465109825134
0.5049150586128235
0.5970154404640198
0.6011208891868591
0.608113706111908
0.6117221117019653
0.7000575661659241
0.700273334980011
0.703707218170166
0.7057517766952515
0.3198065757751465
0.36309435963630676
0.412165105342865
0.48370760679244995
0.489650160074234
0.49937593936920166
0.5096825957298279
0.6185773611068726
0.6212992668151855
0.6261522173881531
0.6276866793632507
0.7156857252120972
0.7163982391357422
0.719713568687439
0.7187913060188293
0.30697765946388245
0.3416123390197754
0.37623313069343567
0.44220075011253357
0.4719056487083435
0.4787813127040863
0.49200037121772766
0.569009006023407
0.5789652466773987
0.579495906829834
0.5818606615066528
0.6443411707878113
0.6480300426483154
0.6448959112167358
0.6473848819732666
0.321614146232605
0.3693523705005646
0.405900776386261
0.4798828065395355
0.49023672938346863
0.5019273161888123
0.5226386189460754
0.6093912720680237
0.6139370799064636
0.620694637298584
0.6238777041435242
0.6999393105506897
0.7000749111175537
0.6999821066856384
0.7019321322441101
0.3149038553237915
0.3598407804965973
0.4145238697528839
0.44568711519241333
0.4651819169521332
0.48035112023353577
0.5006129741668701
0.580463707447052
0.5893320441246033
0.5928133726119995
0.6017497181892395
0.6847370862960815
0.6885511875152588
0.6904241442680359
0.6920065879821777
0.31334227323532104
0.35935232043266296
0.39261308312416077
0.39682018756866455
0.39289695024490356
0.42122167348861694
0.4722253978252411
0.5278096199035645
0.5245188474655151
0.5233473181724548
0.5351220369338989
0.6286389231681824
0.6258714199066162
0.6218040585517883
0.6220484972000122
0.24845609068870544
0.3737664222717285
0.4529191851615906
0.46614551544189453
0.4669152796268463
0.4711497128009796
0.48244935274124146
0.6032395362854004
0.6036476492881775
0.6040456891059875
0.6090046167373657
0.7245710492134094
0.7244009971618652
0.7251284122467041
0.725676953792572
0.21949605643749237
0.30827024579048157
0.3580247759819031
0.4653499126434326
0.4686427414417267
0.4734359085559845
0.49184855818748474
0.6220999956130981
0.6188486218452454
0.6144351959228516
0.617141842842102
0.7049538493156433
0.7039268612861633
0.6973780989646912
0.6933841109275818
0.2557922899723053
0.35895055532455444
0.4052054286003113
0.4641740918159485
0.46499449014663696
0.472400039434433
0.4821294844150543
0.5951559543609619
0.5948616862297058
0.5984218716621399
0.6003028154373169
0.6946902275085449
0.6945288777351379
0.6936653852462769
0.6935608386993408
0.21673668920993805
0.30149775743484497
0.3436598479747772
0.4900319576263428
0.48865970969200134
0.4908252954483032
0.4921322464942932
0.6080285906791687
0.6063493490219116
0.6015239953994751
0.5976619720458984
0.7128149271011353
0.7113434076309204
0.7086100578308105
0.703870952129364
0.24152886867523193
0.3388543426990509
0.39394819736480713
0.46158379316329956
0.4626501798629761
0.48040592670440674
0.5046071410179138
0.5929046273231506
0.5928731560707092
0.5952454805374146
0.6064366102218628
0.7132986187934875
0.7131004929542542
0.713951826095581
0.717837393283844
0.2415056824684143
0.3581843376159668
0.4255819320678711
0.47580116987228394
0.4777939021587372
0.48459818959236145
0.508656919002533
0.612075686454773
0.6128156185150146
0.6166094541549683
0.6237173676490784
0.7207099795341492
0.7208390831947327
0.7210898399353027
0.7236969470977783
0.24058103561401367
0.3268201947212219
0.38592952489852905
0.4590710401535034
0.4592283070087433
0.47033753991127014
0.49086907505989075
0.589040219783783
0.5901597142219543
0.5898611545562744
0.5967207551002502
0.693926990032196
0.6936823725700378
0.6923900246620178
0.6955973505973816
0.21967299282550812
0.32725486159324646
0.386277437210083
0.4661404490470886
0.46192190051078796
0.49377089738845825
0.5382540225982666
0.5863410234451294
0.5841390490531921
0.583069384098053
0.5993415117263794
0.6762256622314453
0.6722466945648193
0.6616086959838867
0.6656815409660339
0.28293001651763916
0.44568225741386414
0.5254344344139099
0.4803108274936676
0.4817053973674774
0.4832989275455475
0.49609604477882385
0.6218103766441345
0.621117115020752
0.620319128036499
0.6245673298835754
0.7254787087440491
0.7250046730041504
0.7228978276252747
0.7214584350585938
0.22693811357021332
0.31954118609428406
0.36424514651298523
0.46522343158721924
0.46536147594451904
0.4738580882549286
0.488762229681015
0.5970154404640198
0.5959442257881165
0.5934904217720032
0.5959539413452148
0.7000575661659241
0.6993147730827332
0.6968429684638977
0.6931614279747009
0.22694574296474457
0.3205872178077698
0.36776337027549744
0.48370760679244995
0.48253557085990906
0.4898582994937897
0.5047513842582703
0.6185773611068726
0.6181488037109375
0.6155914664268494
0.6188086867332458
0.7156857252120972
0.7151161432266235
0.7119845151901245
0.7104296088218689
0.23420466482639313
0.3397345542907715
0.3976896107196808
0.44220075011253357
0.4405936300754547
0.44487541913986206
0.48179706931114197
0.569009006023407
0.5678938627243042
0.5687204003334045
0.5826027393341064
0.6443411707878113
0.6427938342094421
0.6429259181022644
0.6443842649459839
0.25113391876220703
0.3913269639015198
0.4418357312679291
0.4798828065395355
0.4772682785987854
0.47451233863830566
0.5036240220069885
0.6093912720680237
0.6057151556015015
0.5968615412712097
0.6025072336196899
0.6999393105506897
0.6982478499412537
0.6909300088882446
0.6896766424179077
0.2553621232509613
0.3915468156337738
0.46417948603630066
0.44568711519241333
0.4441307485103607
0.4582270085811615
0.47841009497642517
0.580463707447052
0.5796240568161011
0.5813078880310059
0.5860952138900757
0.6847370862960815
0.6844274997711182
0.6831644177436829
0.6825516223907471
0.23706360161304474
0.34425997734069824
0.4079841375350952
