0.8151578903198242
0.8773918151855469
0.9010433554649353
0.9390029907226562
1.0159614086151123
1.0314563512802124
1.038748025894165
1.0520707368850708
1.125124454498291
1.131047248840332
1.1338289976119995
1.1387419700622559
0.6267946362495422
0.710230827331543
0.7965598702430725
1.014722466468811
1.030065894126892
1.039722204208374
1.0557458400726318
1.1750969886779785
1.1807091236114502
1.1814109086990356
1.1862062215805054
1.2433871030807495
1.2452396154403687
1.2446904182434082
1.2477535009384155
0.633361279964447
0.7132145762443542
0.7913901209831238
0.9360247850418091
0.947067379951477
0.9584059715270996
0.9728397130966187
1.0889387130737305
1.0909477472305298
1.0964901447296143
1.0953813791275024
1.1602840423583984
1.1613117456436157
1.1612893342971802
1.1618598699569702
0.6098846197128296
0.6759453415870667
0.7509539723396301
0.972709059715271
0.9874619245529175
0.9928151965141296
1.008116602897644
1.1331052780151367
1.138156533241272
1.140170931816101
1.1420923471450806
1.2035213708877563
1.2050029039382935
1.205986738204956
1.2070896625518799
0.5993952751159668
0.6716284155845642
0.7313920259475708
0.9378556609153748
0.9495880007743835
0.9580453634262085
0.9698392152786255
1.1001393795013428
1.1019322872161865
1.1048128604888916
1.104680061340332
1.1733195781707764
1.1732064485549927
1.1737327575683594
1.1717572212219238
0.5662962198257446
0.6271512508392334
0.7099928855895996
0.9838742613792419
0.9968098402023315
1.003706693649292
1.0159562826156616
1.132735013961792
1.136362075805664
1.1365101337432861
1.1403002738952637
1.2143123149871826
1.2160359621047974
1.2165700197219849
1.2191686630249023
0.5928599238395691
0.6759383082389832
0.7737419009208679
1.019129753112793
1.0296497344970703
1.0377453565597534
1.0489898920059204
1.1717849969863892
1.1751000881195068
1.176654577255249
1.180302381515503
1.2389096021652222
1.240052580833435
1.2405294179916382
1.2416304349899292
0.5935184955596924
0.665094792842865
0.7524131536483765
1.0087307691574097
1.022400140762329
1.0293124914169312
1.0468062162399292
1.158689022064209
1.1627435684204102
1.1647125482559204
1.1697018146514893
1.2237858772277832
1.2261631488800049
1.2260608673095703
1.2274335622787476
0.652593195438385
0.708287239074707
0.8056483268737793
0.9118002653121948
0.9288703799247742
0.9356219172477722
0.9510929584503174
1.0713472366333008
1.0759930610656738
1.0809246301651
1.082901120185852
1.1484123468399048
1.1489169597625732
1.1472893953323364
1.1494250297546387
0.5604038834571838
0.6241591572761536
0.7132632732391357
0.9876653552055359
1.0005494356155396
1.0096421241760254
1.0204046964645386
1.1586390733718872
1.1626780033111572
1.1636306047439575
1.1672693490982056
1.2294261455535889
1.2306294441223145
1.2313265800476074
1.2313672304153442
0.5919089913368225
0.6682554483413696
0.7412899732589722
0.9489986300468445
0.9627665877342224
0.9705306887626648
0.9802683591842651
1.114590048789978
1.115944504737854
1.118707537651062
1.1178178787231445
1.1865609884262085
1.186949372291565
1.1864814758300781
1.187015175819397
0.5962713956832886
0.6760029792785645
0.7577663064002991
0.9931424856185913
1.0031614303588867
1.0123896598815918
1.0248100757598877
1.1480475664138794
1.151862382888794
1.154599666595459
1.1589957475662231
1.2177435159683228
1.2187062501907349
1.2198894023895264
1.2205103635787964
0.6090071797370911
0.6891492009162903
0.7563740611076355
0.8478966951370239
0.876296877861023
0.8848452568054199
0.91092449426651
1.0110256671905518
1.0172368288040161
1.0159876346588135
1.025321364402771
1.0943974256515503
1.0949509143829346
1.0948822498321533
1.0979366302490234
0.5892385840415955
0.654913067817688
0.7369253039360046
0.9664946794509888
0.9774643778800964
0.9866271018981934
1.0083541870117188
1.1185013055801392
1.1224445104599
1.12382972240448
1.1259490251541138
1.180666208267212
1.1815537214279175
1.1817772388458252
1.1820944547653198
0.5998197197914124
0.6610409617424011
0.7637978196144104
0.921672523021698
0.9487990140914917
0.9593855738639832
0.9758065938949585
1.0976110696792603
1.1041450500488281
1.1086742877960205
1.1129510402679443
1.1807224750518799
1.1831270456314087
1.1841756105422974
1.1864432096481323
0.6104121208190918
0.6655502915382385
0.7555083632469177
0.8151578903198242
0.8291174173355103
0.9100037813186646
0.9617436528205872
1.0159614086151123
1.0188380479812622
1.0443984270095825
1.0598580837249756
1.125124454498291
1.12582266330719
1.135267734527588
1.1451389789581299
0.47608375549316406
0.7528032064437866
0.8657404780387878
1.014722466468811
1.0184500217437744
1.0332671403884888
1.0515997409820557
1.1750969886779785
1.1759839057922363
1.1815382242202759
1.1869124174118042
1.2433871030807495
1.243821620941162
1.2466580867767334
1.250491738319397
0.42164531350135803
0.671936571598053
0.794304370880127
0.9360247850418091
0.9366747140884399
0.9637414216995239
0.9822643399238586
1.0889387130737305
1.090873122215271
1.10068678855896
1.1062358617782593
1.1602840423583984
1.1593832969665527
1.164567232131958
1.171898365020752
0.4439585208892822
0.6967354416847229
0.8047730922698975
0.972709059715271
0.9751662611961365
0.9949217438697815
1.0089755058288574
1.1331052780151367
1.1338605880737305
1.1388286352157593
1.1470375061035156
1.2035213708877563
1.2038018703460693
1.2083475589752197
1.2128299474716187
0.40149739384651184
0.6357483267784119
0.7387850284576416
0.9378556609153748
0.9404265880584717
0.956961989402771
0.9682579040527344
1.1001393795013428
1.0996942520141602
1.1028016805648804
1.1046998500823975
1.1733195781707764
1.1726295948028564
1.1737704277038574
1.175749659538269
0.40412354469299316
0.6318637728691101
0.7434724569320679
0.9838742613792419
0.9876660108566284
1.006782054901123
1.030372142791748
1.132735013961792
1.1341971158981323
1.1416919231414795
1.1514891386032104
1.2143123149871826
1.2148809432983398
1.2202439308166504
1.2267088890075684
0.4883972406387329
0.7328525185585022
0.8369577527046204
1.019129753112793
1.0222959518432617
1.0392751693725586
1.0577151775360107
1.1717849969863892
1.1729997396469116
1.1776657104492188
1.1845719814300537
1.2389096021652222
1.2391033172607422
1.2416635751724243
1.2441874742507935
0.4125775992870331
0.6706540584564209
0.7864681482315063
1.0087307691574097
1.0115528106689453
1.0302881002426147
1.052747130393982
1.158689022064209
1.160125494003296
1.1630079746246338
1.1710796356201172
1.2237858772277832
1.2241376638412476
1.2277032136917114
1.2313361167907715
0.44258734583854675
0.7034832835197449
0.8172222971916199
0.9118002653121948
0.9162079095840454
0.9504602551460266
0.9826077818870544
1.0713472366333008
1.0721088647842407
1.0821375846862793
1.0960569381713867
1.1484123468399048
1.1470147371292114
1.1495641469955444
1.1566866636276245
0.4364966154098511
0.7015334963798523
0.8263962864875793
0.9876653552055359
0.991348385810852
1.0032601356506348
1.0276743173599243
1.1586390733718872
1.1592384576797485
1.1640336513519287
1.1696605682373047
1.2294261455535889
1.229500412940979
1.2311944961547852
1.233859658241272
0.41873985528945923
0.6455814242362976
0.7705221772193909
0.9489986300468445
0.9540736675262451
0.9715158939361572
1.0022766590118408
1.114590048789978
1.1143616437911987
1.116756796836853
1.1182271242141724
1.1865609884262085
1.1859021186828613
1.1847130060195923
1.186380386352539
0.42710956931114197
0.6606872081756592
0.7658719420433044
0.9931424856185913
0.9946195483207703
1.0106014013290405
1.0272125005722046
1.1480475664138794
1.1486281156539917
1.1547338962554932
1.1565865278244019
1.2177435159683228
1.2176278829574585
1.2189048528671265
1.2210383415222168
0.4145660996437073
0.6700450778007507
0.7844356894493103
0.8478966951370239
0.8501739501953125
0.8824205994606018
0.9283977150917053
1.0110256671905518
1.010352611541748
1.0249500274658203
1.0420314073562622
1.0943974256515503
1.093233346939087
1.1005947589874268
1.1114633083343506
0.4523833692073822
0.6859219670295715
0.7989299893379211
0.9664946794509888
0.9703409075737
0.9898581504821777
1.0149589776992798
1.1185013055801392
1.1188198328018188
1.1230469942092896
1.1314685344696045
1.180666208267212
1.180189847946167
1.1829997301101685
1.189128041267395
0.4371918737888336
0.6897174715995789
0.8175689578056335
0.921672523021698
0.9248849749565125
0.9592395424842834
0.9923735857009888
1.0976110696792603
1.0994082689285278
1.1077271699905396
1.1197137832641602
1.1807224750518799
1.1813764572143555
1.1863402128219604
1.1899089813232422
0.43555691838264465
0.6862528324127197
0.8140095472335815
