0.2859432101249695
0.318819135427475
0.3318900465965271
0.3582245111465454
0.4115001857280731
0.42468923330307007
0.43004506826400757
0.4439493417739868
0.525429368019104
0.5300117135047913
0.5331750512123108
0.5367567539215088
0.22255775332450867
0.2584988474845886
0.2991691529750824
0.38993924856185913
0.40237781405448914
0.4109078347682953
0.4251813590526581
0.5420713424682617
0.5489073991775513
0.5517911911010742
0.5581347942352295
0.6717230677604675
0.6739028096199036
0.675460696220398
0.6788346171379089
0.2257409691810608
0.2639208734035492
0.3015516698360443
0.32532769441604614
0.3428480923175812
0.35678914189338684
0.3840431571006775
0.4581831693649292
0.46482494473457336
0.47217661142349243
0.48317691683769226
0.5641917586326599
0.5658704042434692
0.5674254894256592
0.568865180015564
0.22548210620880127
0.2643474042415619
0.3115977346897125
0.37830743193626404
0.3899967074394226
0.39753422141075134
0.41163763403892517
0.5171135663986206
0.5223358869552612
0.5260242819786072
0.5320479273796082
0.6319008469581604
0.6344307065010071
0.635705292224884
0.6386381983757019
0.2196785807609558
0.2562485337257385
0.2941087782382965
0.36676913499832153
0.3843516707420349
0.3945193588733673
0.41331592202186584
0.5053455829620361
0.5113115906715393
0.5153656005859375
0.5225080251693726
0.613375723361969
0.6157646775245667
0.6166555285453796
0.6160159111022949
0.2357322871685028
0.2624779939651489
0.3094410300254822
0.37504589557647705
0.38600608706474304
0.3959110677242279
0.4157828688621521
0.5185046792030334
0.5228601694107056
0.5273563861846924
0.5338653922080994
0.653682291507721
0.6557042598724365
0.6570167541503906
0.6602185964584351
0.219955712556839
0.2610791325569153
0.31612515449523926
0.3889204263687134
0.403493732213974
0.4114169776439667
0.42547300457954407
0.5384136438369751
0.5450646877288818
0.5481076240539551
0.5556378960609436
0.6635171175003052
0.666140079498291
0.6678032279014587
0.6698616147041321
0.22539131343364716
0.26072001457214355
0.3007279634475708
0.372099369764328
0.3854936957359314
0.39723220467567444
0.41374608874320984
0.5123928785324097
0.5196656584739685
0.5230556726455688
0.5311344265937805
0.6287018060684204
0.631939709186554
0.634376049041748
0.6370224356651306
0.2287895530462265
0.2616605758666992
0.30288466811180115
0.3343554437160492
0.35540771484375
0.36855262517929077
0.38726720213890076
0.4639509320259094
0.47255998849868774
0.4777892231941223
0.4851140081882477
0.5698477625846863
0.5721604228019714
0.5725667476654053
0.572902500629425
0.2246844321489334
0.26342418789863586
0.30864158272743225
0.3988227844238281
0.4126051962375641
0.42490148544311523
0.437065988779068
0.5507723689079285
0.5583562850952148
0.5617659687995911
0.5671138763427734
0.6595892310142517
0.6629371643066406
0.6640611886978149
0.6662169694900513
0.23009362816810608
0.2700659930706024
0.3093792200088501
0.36544129252433777
0.3800323009490967
0.3924826979637146
0.4097265303134918
0.5015244483947754
0.5074945092201233
0.5128136873245239
0.5206568241119385
0.6089867949485779
0.6111997961997986
0.6133852601051331
0.61492919921875
0.22407923638820648
0.2645878791809082
0.3093802332878113
0.36962780356407166
0.3802904784679413
0.39066699147224426
0.4042373597621918
0.511799156665802
0.515343964099884
0.5206432938575745
0.5253045558929443
0.6253895163536072
0.6266047358512878
0.6282436847686768
0.6288191676139832
0.2274172455072403
0.2660108506679535
0.29779377579689026
0.31393539905548096
0.3369313180446625
0.35010483860969543
0.3644044101238251
0.4338858723640442
0.4436265528202057
0.4461517035961151
0.45152661204338074
0.5236079096794128
0.5263953804969788
0.5263723134994507
0.5265384316444397
0.2221032828092575
0.26194489002227783
0.29540231823921204
0.35623452067375183
0.3700966536998749
0.3819550573825836
0.4016745090484619
0.48307153582572937
0.48951950669288635
0.49575355648994446
0.5026603937149048
0.5824917554855347
0.5846807360649109
0.5865501761436462
0.5903493165969849
0.2225496768951416
0.2634485065937042
0.30790871381759644
0.3440379202365875
0.3625546991825104
0.3779737055301666
0.40047356486320496
0.484479695558548
0.49373286962509155
0.4987795054912567
0.5086808204650879
0.6014386415481567
0.6051253080368042
0.6068416237831116
0.6101154685020447
0.22240658104419708
0.2653990387916565
0.30476218461990356
0.2859432101249695
0.28740444779396057
0.31903642416000366
0.36126306653022766
0.4115001857280731
0.41002482175827026
0.4142973721027374
0.4290010631084442
0.525429368019104
0.5231645703315735
0.5204373002052307
0.5225154161453247
0.1533888876438141
0.2665933668613434
0.33119845390319824
0.38993924856185913
0.39126718044281006
0.40055176615715027
0.4130154848098755
0.5420713424682617
0.5422188639640808
0.5445641875267029
0.5502635836601257
0.6717230677604675
0.6714604496955872
0.6713723540306091
0.6723427176475525
0.14371258020401
0.22931142151355743
0.2801969647407532
0.32532769441604614
0.3285059928894043
0.34066957235336304
0.3648447096347809
0.4581831693649292
0.4560713768005371
0.4562920331954956
0.4603167772293091
0.5641917586326599
0.5622024536132812
0.5536050796508789
0.5490782260894775
0.15494951605796814
0.25213801860809326
0.3038562536239624
0.37830743193626404
0.3800179660320282
0.39066505432128906
0.40107229351997375
0.5171135663986206
0.5173935890197754
0.5207942724227905
0.5253856778144836
0.6319008469581604
0.6316173076629639
0.63160240650177
0.6319594383239746
0.13806931674480438
0.2191748321056366
0.2668199837207794
0.36676913499832153
0.3666403591632843
0.37217310070991516
0.38410234451293945
0.5053455829620361
0.5040692090988159
0.5001158118247986
0.5006685256958008
0.613375723361969
0.6120812892913818
0.6073516607284546
0.6021348237991333
0.14996637403964996
0.24431933462619781
0.29364368319511414
0.37504589557647705
0.3768361210823059
0.394085168838501
0.41898444294929504
0.5185046792030334
0.5187614560127258
0.5222104787826538
0.5322165489196777
0.653682291507721
0.6530948877334595
0.6527021527290344
0.6559228897094727
0.14681240916252136
0.2614002525806427
0.33122438192367554
0.3889204263687134
0.3909226357936859
0.40162521600723267
0.4189309775829315
0.5384136438369751
0.5388951301574707
0.5421722531318665
0.5479635000228882
0.6635171175003052
0.6633198261260986
0.6631605625152588
0.6646062135696411
0.14326892793178558
0.23217061161994934
0.28785598278045654
0.372099369764328
0.3743443489074707
0.38722604513168335
0.40613308548927307
0.5123928785324097
0.5132827758789062
0.5163688063621521
0.5216100215911865
0.6287018060684204
0.6283587217330933
0.6271567344665527
0.6288045048713684
0.14484332501888275
0.24146351218223572
0.2928471565246582
0.3343554437160492
0.33343183994293213
0.35915446281433105
0.3953348398208618
0.4639509320259094
0.46238428354263306
0.4635397493839264
0.4794371426105499
0.5698477625846863
0.5671888589859009
0.5606363415718079
0.5640497207641602
0.15269923210144043
0.2843778729438782
0.3585982918739319
0.3988227844238281
0.3998202383518219
0.40761610865592957
0.4220072627067566
0.5507723689079285
0.5508201718330383
0.5525429248809814
0.5568526983261108
0.6595892310142517
0.6591854691505432
0.6581043004989624
0.6567779183387756
0.1416722536087036
0.22922508418560028
0.2768014967441559
0.36544129252433777
0.36702749133110046
0.3761843144893646
0.39100396633148193
0.5015244483947754
0.5012323260307312
0.5014426112174988
0.5044550895690918
0.6089867949485779
0.6079378128051758
0.6047170758247375
0.6033227443695068
0.14325879514217377
0.23226790130138397
0.280832976102829
0.36962780356407166
0.370067834854126
0.38076189160346985
0.39505448937416077
0.511799156665802
0.5116660594940186
0.5101110339164734
0.5136491656303406
0.6253895163536072
0.6245625615119934
0.6209713816642761
0.6185208559036255
0.1470939964056015
0.24051058292388916
0.29175135493278503
0.31393539905548096
0.31297510862350464
0.3285442292690277
0.3626241385936737
0.4338858723640442
0.4304991364479065
0.4258730411529541
0.434605211019516
0.5236079096794128
0.5203174352645874
0.5085079669952393
0.5067549347877502
0.15408563613891602
0.2698248624801636
0.32821643352508545
0.35623452067375183
0.3559519946575165
0.37097737193107605
0.40521329641342163
0.48307153582572937
0.48199740052223206
0.4832836985588074
0.49395713210105896
0.5824917554855347
0.5809866786003113
0.5762360095977783
0.5794140100479126
0.15188118815422058
0.2675459384918213
0.33850154280662537
0.3440379202365875
0.344778835773468
0.3613574802875519
0.3884337544441223
0.484479695558548
0.4836946129798889
0.4871430993080139
0.4961645007133484
0.6014386415481567
0.6009255647659302
0.5993999242782593
0.6006708145141602
0.14818622171878815
0.2527468800544739
0.3182486891746521
