0.30127856135368347
0.3349725902080536
0.35317209362983704
0.38279464840888977
0.4225279688835144
0.43158555030822754
0.43879762291908264
0.45697054266929626
0.5275737047195435
0.5277159810066223
0.5320668816566467
0.5344143509864807
0.2613637149333954
0.29931479692459106
0.3488992154598236
0.3765338957309723
0.39037463068962097
0.39661625027656555
0.4123188853263855
0.4946194887161255
0.5012598633766174
0.5037497282028198
0.5055575966835022
0.599662184715271
0.5998694896697998
0.6007661819458008
0.6020948886871338
0.2328396737575531
0.26654955744743347
0.2988716959953308
0.34004759788513184
0.35938388109207153
0.3822515606880188
0.4116384983062744
0.4534591734409332
0.4601736068725586
0.4675401747226715
0.4821435809135437
0.5543285012245178
0.5551285743713379
0.556106448173523
0.5569507479667664
0.2618061900138855
0.3080289959907532
0.35286930203437805
0.3625792860984802
0.37859615683555603
0.3870321810245514
0.40696898102760315
0.4706565737724304
0.4771052598953247
0.4816305637359619
0.4903462827205658
0.5789239406585693
0.5808004140853882
0.583355724811554
0.5870848894119263
0.2344171553850174
0.27598902583122253
0.31121253967285156
0.35721704363822937
0.3855547606945038
0.3967331647872925
0.42827630043029785
0.4617747962474823
0.47140392661094666
0.4760478138923645
0.49373796582221985
0.5654820799827576
0.5648404359817505
0.5683691501617432
0.5741103291511536
0.2810786962509155
0.3125041723251343
0.3677104413509369
0.3549213111400604
0.37504589557647705
0.39722341299057007
0.41859450936317444
0.46903371810913086
0.476971298456192
0.4853023588657379
0.49306172132492065
0.5936379432678223
0.5956903100013733
0.5959166884422302
0.598886251449585
0.25817185640335083
0.30616363883018494
0.3581920266151428
0.36807069182395935
0.38659965991973877
0.39798226952552795
0.4051099121570587
0.48302698135375977
0.49028873443603516
0.4946732819080353
0.4948672652244568
0.5831338763237
0.5846557021141052
0.5868673324584961
0.5883411169052124
0.24292270839214325
0.2774432599544525
0.3076726794242859
0.36674007773399353
0.3877384066581726
0.3956146538257599
0.4121783375740051
0.4816184341907501
0.48985591530799866
0.4918615221977234
0.49980035424232483
0.5816860198974609
0.5819529891014099
0.584213137626648
0.5856708288192749
0.24900785088539124
0.2819455564022064
0.3272237479686737
0.3463338613510132
0.37630495429039
0.39241963624954224
0.43275755643844604
0.4575621783733368
0.4638548493385315
0.4748886227607727
0.4933595061302185
0.5613586902618408
0.5609450936317444
0.5636945366859436
0.5675646066665649
0.27584657073020935
0.32683876156806946
0.37465590238571167
0.37375301122665405
0.39405950903892517
0.40442565083503723
0.42193737626075745
0.4979364275932312
0.50680011510849
0.5115423798561096
0.5162635445594788
0.5908404588699341
0.5954802632331848
0.59642493724823
0.5998246073722839
0.25847476720809937
0.2945947051048279
0.34324634075164795
0.3551696538925171
0.37349745631217957
0.3900310695171356
0.4143112003803253
0.46687257289886475
0.47263088822364807
0.4783000648021698
0.4904545545578003
0.5623489618301392
0.5641134977340698
0.5636839866638184
0.5669039487838745
0.2566567063331604
0.29933130741119385
0.34711402654647827
0.361641526222229
0.3746514916419983
0.3891603350639343
0.3940357267856598
0.4842376708984375
0.4883822798728943
0.4943457245826721
0.49343249201774597
0.5892939567565918
0.5880212783813477
0.5905413627624512
0.5864845514297485
0.23980721831321716
0.28207096457481384
0.30679264664649963
0.3316037654876709
0.3703669607639313
0.3956357538700104
0.4186406433582306
0.4384627938270569
0.4544675946235657
0.46404173970222473
0.4753536581993103
0.5357359647750854
0.5400907397270203
0.5431239604949951
0.5479070544242859
0.2969684898853302
0.34236493706703186
0.3826749324798584
0.3685707449913025
0.39532405138015747
0.4138457477092743
0.441272497177124
0.4718065857887268
0.47864988446235657
0.4872722029685974
0.5027891397476196
0.5717954039573669
0.5707241892814636
0.5727212429046631
0.5739086866378784
0.27650344371795654
0.32516154646873474
0.3772442042827606
0.33571624755859375
0.36025577783584595
0.3809119164943695
0.40771108865737915
0.4624491035938263
0.47265100479125977
0.4782380163669586
0.49011895060539246
0.5671125650405884
0.5711925029754639
0.5718456506729126
0.576232373714447
0.25570183992385864
0.2921638786792755
0.3383133113384247
0.30127856135368347
0.31656786799430847
0.38320785760879517
0.42860496044158936
0.4225279688835144
0.4198600649833679
0.4432530403137207
0.462098628282547
0.5275737047195435
0.5227755904197693
0.5261539220809937
0.5307077765464783
0.20986779034137726
0.349232017993927
0.40325936675071716
0.3765338957309723
0.3783279359340668
0.3904651701450348
0.40472933650016785
0.4946194887161255
0.49496543407440186
0.49883323907852173
0.5032779574394226
0.599662184715271
0.5986174941062927
0.5969004034996033
0.596671998500824
0.1602729856967926
0.2567934989929199
0.3101709187030792
0.34004759788513184
0.34890061616897583
0.3802978992462158
0.4081820547580719
0.4534591734409332
0.4534294307231903
0.4611545205116272
0.4724635183811188
0.5543285012245178
0.5531708598136902
0.5434139370918274
0.542726457118988
0.2047986537218094
0.31707441806793213
0.368075966835022
0.3625792860984802
0.3651806712150574
0.3834998607635498
0.40101146697998047
0.4706565737724304
0.4706301987171173
0.4756128489971161
0.4849976599216461
0.5789239406585693
0.5778637528419495
0.5763192772865295
0.5796530842781067
0.16093440353870392
0.25697553157806396
0.30890241265296936
0.35721704363822937
0.3588167428970337
0.38608109951019287
0.40952587127685547
0.4617747962474823
0.46247759461402893
0.46593034267425537
0.4768332540988922
0.5654820799827576
0.5619339346885681
0.5568827390670776
0.5555030107498169
0.18860812485218048
0.30619242787361145
0.3545394539833069
0.3549213111400604
0.36675432324409485
0.40978166460990906
0.43482890725135803
0.46903371810913086
0.4721556007862091
0.4868091344833374
0.4989202916622162
0.5936379432678223
0.5925326943397522
0.5922106504440308
0.5945512652397156
0.2065087854862213
0.34304046630859375
0.3967703878879547
0.36807069182395935
0.3719085454940796
0.3915444314479828
0.4153895676136017
0.48302698135375977
0.48332640528678894
0.4897589683532715
0.49460718035697937
0.5831338763237
0.5823789834976196
0.582862138748169
0.5827022194862366
0.17288820445537567
0.2802346348762512
0.33549827337265015
0.36674007773399353
0.3727959096431732
0.39472243189811707
0.4223219156265259
0.4816184341907501
0.48393452167510986
0.4876425564289093
0.500410258769989
0.5816860198974609
0.5807598233222961
0.582272469997406
0.5798928737640381
0.17611001431941986
0.28401413559913635
0.3423832356929779
0.3463338613510132
0.3565364181995392
0.41091617941856384
0.45707276463508606
0.4575621783733368
0.4586653709411621
0.4754198491573334
0.4965199828147888
0.5613586902618408
0.5584190487861633
0.5591784715652466
0.560935914516449
0.20768430829048157
0.354895681142807
0.42829611897468567
0.37375301122665405
0.37708908319473267
0.38913366198539734
0.40868785977363586
0.4979364275932312
0.49572500586509705
0.4939531981945038
0.4982394278049469
0.5908404588699341
0.5901017785072327
0.5854620337486267
0.5848476886749268
0.17169469594955444
0.2685389816761017
0.3158736228942871
0.3551696538925171
0.3591177463531494
0.37280943989753723
0.39659667015075684
0.46687257289886475
0.4641903042793274
0.4587102234363556
0.46418121457099915
0.5623489618301392
0.5578211545944214
0.5443556904792786
0.5397226810455322
0.1772223263978958
0.28460806608200073
0.3422154188156128
0.361641526222229
0.36340537667274475
0.3754015266895294
0.40255990624427795
0.4842376708984375
0.4814659059047699
0.475111722946167
0.4770166575908661
0.5892939567565918
0.5859168767929077
0.5724462270736694
0.5638208389282227
0.1762189269065857
0.27662527561187744
0.33343422412872314
0.3316037654876709
0.34160053730010986
0.39919736981391907
0.44708147644996643
0.4384627938270569
0.43754732608795166
0.4505246579647064
0.4789554178714752
0.5357359647750854
0.5314937233924866
0.5272558927536011
0.5367600917816162
0.21438837051391602
0.35933589935302734
0.41350477933883667
0.3685707449913025
0.3810001015663147
0.43049588799476624
0.4754200577735901
0.4718065857887268
0.4746972918510437
0.49134737253189087
0.513619601726532
0.5717954039573669
0.5700677037239075
0.5686352252960205
0.5801295638084412
0.2162325531244278
0.373539537191391
0.4326481521129608
0.33571624755859375
0.3416300415992737
0.3789748549461365
0.41329625248908997
0.4624491035938263
0.46154236793518066
0.4760861098766327
0.4854367673397064
0.5671125650405884
0.5661901831626892
0.564796507358551
0.5668004751205444
0.18836364150047302
0.3027760982513428
0.3546440899372101
