0.32883286476135254
0.36330097913742065
0.3802156448364258
0.4185602068901062
0.4550796449184418
0.4691297113895416
0.4817119538784027
0.4963577091693878
0.57180255651474
0.5762909054756165
0.58351731300354
0.5953341722488403
0.25631728768348694
0.300603985786438
0.3630925416946411
0.3960239887237549
0.40393343567848206
0.4107014238834381
0.4278309941291809
0.5586665272712708
0.5610251426696777
0.5657891631126404
0.5752190947532654
0.6845524907112122
0.6860655546188354
0.6892408728599548
0.6908255219459534
0.213629812002182
0.2532344460487366
0.3069623112678528
0.39228036999702454
0.40771281719207764
0.41926702857017517
0.44964149594306946
0.5157767534255981
0.5355704426765442
0.5405279994010925
0.5519133806228638
0.644815981388092
0.6534491181373596
0.6550979614257812
0.6671299338340759
0.24836505949497223
0.3017616271972656
0.3574984669685364
0.4107729196548462
0.421101450920105
0.43593186140060425
0.4687364995479584
0.5811997056007385
0.5829996466636658
0.5976903438568115
0.6242266893386841
0.7044543027877808
0.7079623937606812
0.7171120047569275
0.7237228751182556
0.22862310707569122
0.2868191599845886
0.3429013192653656
0.38021618127822876
0.4014143645763397
0.41398775577545166
0.4326080083847046
0.5145150423049927
0.5247533917427063
0.5324994921684265
0.5455835461616516
0.6273829936981201
0.638303816318512
0.6379113793373108
0.6385174989700317
0.2366410195827484
0.28016194701194763
0.34332698583602905
0.3824707567691803
0.40392687916755676
0.41466838121414185
0.4274192750453949
0.5161821842193604
0.5262418389320374
0.5298936367034912
0.5374976396560669
0.6520117521286011
0.6604864001274109
0.6668245196342468
0.6686272025108337
0.2607685327529907
0.30199795961380005
0.32944005727767944
0.38066086173057556
0.391727089881897
0.3918292224407196
0.4070373773574829
0.5014660954475403
0.5062392950057983
0.5118900537490845
0.515892505645752
0.621803879737854
0.6239880919456482
0.6262196898460388
0.6239930391311646
0.21696414053440094
0.2453894317150116
0.2920926809310913
0.38258489966392517
0.39815735816955566
0.4163791239261627
0.4366706907749176
0.519341766834259
0.5269774794578552
0.5302451252937317
0.5359792113304138
0.6177586317062378
0.6166762113571167
0.6193143725395203
0.6255410313606262
0.24747268855571747
0.27559491991996765
0.34137168526649475
0.37129026651382446
0.40073150396347046
0.4254452586174011
0.44884181022644043
0.5054234266281128
0.5224034786224365
0.5407271385192871
0.5513688325881958
0.6436673402786255
0.6579868197441101
0.6646745204925537
0.6605044007301331
0.26514962315559387
0.3216477930545807
0.375813364982605
0.3867156207561493
0.39628541469573975
0.40549466013908386
0.4248732924461365
0.5349107980728149
0.5387507081031799
0.5433210730552673
0.5518605709075928
0.6217275857925415
0.6257162690162659
0.6281865835189819
0.6341220736503601
0.22942960262298584
0.2776455879211426
0.31390199065208435
0.38590723276138306
0.4043084979057312
0.43854212760925293
0.4612288773059845
0.5197300314903259
0.5277887582778931
0.5489315390586853
0.5601666569709778
0.6373041272163391
0.6430799961090088
0.6566005349159241
0.6614235639572144
0.24053408205509186
0.304469496011734
0.3652016818523407
0.3663245737552643
0.3841378688812256
0.39545294642448425
0.4223974049091339
0.4801299273967743
0.4889792799949646
0.4932441711425781
0.5134685635566711
0.609705924987793
0.6134522557258606
0.6171206831932068
0.6328204870223999
0.222998708486557
0.2665463984012604
0.3147553503513336
0.3726259768009186
0.3971245586872101
0.4210391640663147
0.4552331268787384
0.49276357889175415
0.5040473937988281
0.531782329082489
0.5310541987419128
0.6059167385101318
0.6223081350326538
0.6227127313613892
0.6271209120750427
0.26722797751426697
0.32346275448799133
0.37308835983276367
0.3867644965648651
0.4042637050151825
0.4287991225719452
0.45931538939476013
0.5131597518920898
0.5232543349266052
0.5400519371032715
0.558637261390686
0.6245641708374023
0.6317371726036072
0.6434513926506042
0.6452661752700806
0.2653276324272156
0.3091086149215698
0.36185625195503235
0.3546743392944336
0.3735888600349426
0.4017367660999298
0.43312206864356995
0.4840776324272156
0.4921049177646637
0.5064713954925537
0.5173230767250061
0.6169022917747498
0.61744624376297
0.6207448840141296
0.6271530389785767
0.24780505895614624
0.2848043441772461
0.33619117736816406
0.32883286476135254
0.3352587819099426
0.4085072875022888
0.4658558666706085
0.4550796449184418
0.45757678151130676
0.4811183214187622
0.51564621925354
0.57180255651474
0.5691347122192383
0.5747206211090088
0.5940225720405579
0.20440615713596344
0.3670949637889862
0.4369506239891052
0.3960239887237549
0.39716216921806335
0.40971219539642334
0.4223138988018036
0.5586665272712708
0.5577757954597473
0.5558302998542786
0.5560386180877686
0.6845524907112122
0.6850340962409973
0.6844049692153931
0.6905066967010498
0.16276079416275024
0.2619861662387848
0.29784640669822693
0.39228036999702454
0.3925269842147827
0.42260560393333435
0.43430429697036743
0.5157767534255981
0.5145009756088257
0.524009108543396
0.5338963270187378
0.644815981388092
0.6458002328872681
0.6398290991783142
0.635855495929718
0.18908101320266724
0.30338752269744873
0.37518540024757385
0.4107729196548462
0.4077790677547455
0.4331117868423462
0.47401195764541626
0.5811997056007385
0.5804775357246399
0.5781959891319275
0.58603435754776
0.7044543027877808
0.702445924282074
0.7042023539543152
0.7107589244842529
0.168106809258461
0.2672326862812042
0.34935876727104187
0.38021618127822876
0.38271141052246094
0.3986302614212036
0.44892534613609314
0.5145150423049927
0.5133935809135437
0.5104449391365051
0.5179939270019531
0.6273829936981201
0.620943009853363
0.6131570339202881
0.6105911135673523
0.169389545917511
0.27176690101623535
0.3314882218837738
0.3824707567691803
0.38782787322998047
0.4326513707637787
0.4701257050037384
0.5161821842193604
0.5188881158828735
0.5394827723503113
0.5609175562858582
0.6520117521286011
0.6549336910247803
0.6704661250114441
0.6822428703308105
0.20423874258995056
0.3382228910923004
0.39809516072273254
0.38066086173057556
0.38219723105430603
0.3936838209629059
0.41862839460372925
0.5014660954475403
0.5026425719261169
0.4972502887248993
0.5031406283378601
0.621803879737854
0.6214663982391357
0.6238464713096619
0.623371422290802
0.15823040902614594
0.2510213851928711
0.30102747678756714
0.38258489966392517
0.3958684504032135
0.4362572729587555
0.4813269376754761
0.519341766834259
0.5214704871177673
0.5502200722694397
0.5577836036682129
0.6177586317062378
0.6137158870697021
0.6238492131233215
0.6309435367584229
0.20980983972549438
0.36574262380599976
0.40253591537475586
0.37129026651382446
0.3730427920818329
0.4311005771160126
0.4885612428188324
0.5054234266281128
0.5038253664970398
0.52875816822052
0.5569248199462891
0.6436673402786255
0.6334652900695801
0.6161483526229858
0.6321578621864319
0.21190378069877625
0.3744395673274994
0.4480060935020447
0.3867156207561493
0.38797861337661743
0.4033040404319763
0.4176768362522125
0.5349107980728149
0.5349864959716797
0.5382922887802124
0.5440853834152222
0.6217275857925415
0.6224549412727356
0.6240428686141968
0.6273118853569031
0.15454764664173126
0.2617863714694977
0.3077760934829712
0.38590723276138306
0.386977881193161
0.41100549697875977
0.43594813346862793
0.5197300314903259
0.5238615274429321
0.5256305932998657
0.5330162644386292
0.6373041272163391
0.6346861124038696
0.6352719068527222
0.640253484249115
0.16635581851005554
0.2801538407802582
0.3314170837402344
0.3663245737552643
0.3665969669818878
0.3818812072277069
0.4091561734676361
0.4801299273967743
0.4807513654232025
0.48187127709388733
0.4875524342060089
0.609705924987793
0.611150324344635
0.6136382818222046
0.6106258630752563
0.1596398651599884
0.2571816146373749
0.3243846297264099
0.3726259768009186
0.37857943773269653
0.43596339225769043
0.46836405992507935
0.49276357889175415
0.4932965934276581
0.5075997114181519
0.5492470264434814
0.6059167385101318
0.603164553642273
0.6074745059013367
0.6258940100669861
0.20973896980285645
0.35003504157066345
0.4307537078857422
0.3867644965648651
0.38794469833374023
0.4400809705257416
0.4857097864151001
0.5131597518920898
0.5166541934013367
0.5359495282173157
0.5692875981330872
0.6245641708374023
0.6228790879249573
0.6273588538169861
0.6459465026855469
0.20473630726337433
0.3505118489265442
0.42543742060661316
0.3546743392944336
0.3569987714290619
0.39862337708473206
0.4278169870376587
0.4840776324272156
0.48524340987205505
0.4898032546043396
0.5032865405082703
0.6169022917747498
0.6124659180641174
0.6086716055870056
0.6071652173995972
0.19262976944446564
0.3135147988796234
0.3752412796020508
