0.6171350479125977
0.7025749087333679
0.7441897988319397
0.8082515001296997
0.8423890471458435
0.8658608794212341
0.8812445998191833
0.9173076748847961
1.0064308643341064
1.0098230838775635
1.0175224542617798
1.0250916481018066
0.5772124528884888
0.6555853486061096
0.7532234191894531
0.7709075212478638
0.7999299764633179
0.8151713609695435
0.8450114727020264
0.9682721495628357
0.978888213634491
0.9844093918800354
0.9884949922561646
1.108146071434021
1.108846664428711
1.1105713844299316
1.1120436191558838
0.5091407299041748
0.5837671756744385
0.6519719958305359
0.6984385251998901
0.7506130933761597
0.7937285304069519
0.8497259616851807
0.8980816006660461
0.9135535955429077
0.9292895793914795
0.9530466794967651
1.0486019849777222
1.0519858598709106
1.0543771982192993
1.0590070486068726
0.5813515186309814
0.6727238893508911
0.7633766531944275
0.7435334324836731
0.7825376987457275
0.7989700436592102
0.837906539440155
0.9360257983207703
0.9485180377960205
0.9556045532226562
0.9703227281570435
1.0856691598892212
1.0884774923324585
1.0921976566314697
1.0978065729141235
0.5287447571754456
0.6102538108825684
0.6885266304016113
0.7286960482597351
0.7957789301872253
0.8194558024406433
0.8837713599205017
0.9187822937965393
0.9392198324203491
0.9467331171035767
0.9789859056472778
1.0656033754348755
1.0692100524902344
1.072519063949585
1.082360029220581
0.6258068084716797
0.6909312605857849
0.7973938584327698
0.7321207523345947
0.7836651802062988
0.8313798904418945
0.8909270763397217
0.9437846541404724
0.9587151408195496
0.9737378358840942
0.9972060322761536
1.1215674877166748
1.1246178150177002
1.1252692937850952
1.1325249671936035
0.5891178250312805
0.6915905475616455
0.8136171102523804
0.753974199295044
0.7944028973579407
0.8185613751411438
0.8379915952682495
0.9509177207946777
0.9632567763328552
0.9725807905197144
0.9773868918418884
1.0890388488769531
1.0913752317428589
1.0944467782974243
1.0980337858200073
0.5358112454414368
0.6107461452484131
0.6762624979019165
0.7556341886520386
0.8003561496734619
0.8182876706123352
0.8512820601463318
0.9575505256652832
0.9708448052406311
0.9772064089775085
0.9891394972801208
1.0941096544265747
1.095430612564087
1.0985596179962158
1.1016807556152344
0.5481699109077454
0.6143762469291687
0.7030203342437744
0.7022639513015747
0.767487645149231
0.8046948313713074
0.8770570755004883
0.898937463760376
0.9145666360855103
0.9320826530456543
0.9650021195411682
1.051788568496704
1.053147792816162
1.0581493377685547
1.0648809671401978
0.6008492708206177
0.6955106258392334
0.7942237854003906
0.7775087356567383
0.8223139047622681
0.8446307182312012
0.8806941509246826
0.9755243062973022
0.9905052781105042
0.9986342191696167
1.0105046033859253
1.0996094942092896
1.105568289756775
1.107985019683838
1.114565372467041
0.5842077136039734
0.664421021938324
0.7578654885292053
0.7312299609184265
0.7769391536712646
0.8119968771934509
0.8603591918945312
0.9268984198570251
0.9404482245445251
0.9521364569664001
0.973246693611145
1.0626899003982544
1.066694974899292
1.068989634513855
1.0743697881698608
0.5744696259498596
0.6621795892715454
0.7572450637817383
0.7496280670166016
0.7831889986991882
0.8100590705871582
0.8325476050376892
0.9577611088752747
0.9669239521026611
0.9760054349899292
0.9797803163528442
1.1002824306488037
1.1004409790039062
1.1027833223342896
1.0987610816955566
0.5484566688537598
0.6310889720916748
0.6951006650924683
0.6822507381439209
0.7627127766609192
0.8092466592788696
0.8540202975273132
0.8765739798545837
0.9059408903121948
0.9222826957702637
0.9444134831428528
1.0219790935516357
1.030290961265564
1.0352439880371094
1.0424152612686157
0.6362568736076355
0.7206684947013855
0.7900928258895874
0.7472043037414551
0.8052579760551453
0.8423742651939392
0.8967305421829224
0.9251174926757812
0.9399328827857971
0.9566195607185364
0.9842132329940796
1.0634630918502808
1.0634123086929321
1.0673071146011353
1.0724493265151978
0.6123998761177063
0.7023085355758667
0.8065221309661865
0.6989803314208984
0.7570654153823853
0.8006761074066162
0.8533723950386047
0.922809898853302
0.9417324662208557
0.9531383514404297
0.9758987426757812
1.0711685419082642
1.0773216485977173
1.0808830261230469
1.086554765701294
0.5743913650512695
0.6609244346618652
0.7479696273803711
0.6171350479125977
0.6537523865699768
0.805298388004303
0.8864445686340332
0.8423890471458435
0.8420308232307434
0.8948543071746826
0.9344274997711182
1.0064308643341064
1.0003336668014526
1.0159307718276978
1.02740478515625
0.4605027735233307
0.7452129125595093
0.845776379108429
0.7709075212478638
0.7755432724952698
0.7987865805625916
0.8276876211166382
0.9682721495628357
0.9681219458580017
0.9746339321136475
0.9821737408638
1.108146071434021
1.1065984964370728
1.104714274406433
1.1061108112335205
0.3528379201889038
0.5529136061668396
0.6632502675056458
0.6984385251998901
0.7183258533477783
0.7940844893455505
0.8572221994400024
0.8980816006660461
0.898342490196228
0.9206772446632385
0.9477190971374512
1.0486019849777222
1.0470198392868042
1.0388870239257812
1.042798638343811
0.4517252445220947
0.6938876509666443
0.7989507913589478
0.7435334324836731
0.7485986948013306
0.7879288792610168
0.8234357237815857
0.9360257983207703
0.9356846213340759
0.9450479745864868
0.9603838324546814
1.0856691598892212
1.08445405960083
1.0829311609268188
1.086789846420288
0.35515066981315613
0.5658046007156372
0.671174168586731
0.7286960482597351
0.736599862575531
0.8023878335952759
0.8505449295043945
0.9187822937965393
0.9199863076210022
0.9312552213668823
0.9537070989608765
1.0656033754348755
1.061850666999817
1.059838891029358
1.0611510276794434
0.42160409688949585
0.6711058616638184
0.7750496864318848
0.7321207523345947
0.7593129277229309
0.8662590980529785
0.9225838780403137
0.9437846541404724
0.9492563009262085
0.9808552265167236
1.007185935974121
1.1215674877166748
1.1205997467041016
1.123255968093872
1.1275264024734497
0.4727570414543152
0.7757807970046997
0.8809817433357239
0.753974199295044
0.763146698474884
0.8009945154190063
0.8469455242156982
0.9509177207946777
0.9513648152351379
0.9629078507423401
0.9755914807319641
1.0890388488769531
1.0883595943450928
1.0900473594665527
1.0909512042999268
0.3740878403186798
0.6041386127471924
0.7169346809387207
0.7556341886520386
0.7681384086608887
0.8172023892402649
0.8712519407272339
0.9575505256652832
0.9610363245010376
0.9703130125999451
0.9914829134941101
1.0941096544265747
1.0931490659713745
1.096501350402832
1.0974178314208984
0.3941749632358551
0.6298747062683105
0.744276225566864
0.7022639513015747
0.7246317267417908
0.8375688791275024
0.9180170893669128
0.898937463760376
0.9017811417579651
0.9372620582580566
0.9765156507492065
1.051788568496704
1.0486356019973755
1.053323745727539
1.0582143068313599
0.4574531614780426
0.7551301717758179
0.8785898685455322
0.7775087356567383
0.784315824508667
0.8130654692649841
0.8559161424636841
0.9755243062973022
0.9734228253364563
0.9751278162002563
0.984720766544342
1.0996094942092896
1.0987811088562012
1.0951710939407349
1.0958086252212524
0.38415223360061646
0.5905609726905823
0.6946272850036621
0.7312299609184265
0.7401559352874756
0.780835747718811
0.8310197591781616
0.9268984198570251
0.9240748286247253
0.9226279854774475
0.9352564811706543
1.0626899003982544
1.0577343702316284
1.0450875759124756
1.0435751676559448
0.3931323289871216
0.6217148303985596
0.7363848686218262
0.7496280670166016
0.7556197047233582
0.7918758392333984
0.8406084775924683
0.9577611088752747
0.9541454315185547
0.9471027255058289
0.9545837640762329
1.1002824306488037
1.096004605293274
1.0801564455032349
1.0734379291534424
0.39818406105041504
0.6192886829376221
0.7327122688293457
0.6822507381439209
0.7063272595405579
0.821549654006958
0.9106684327125549
0.8765739798545837
0.8778610825538635
0.9050755500793457
0.9538458585739136
1.0219790935516357
1.0162794589996338
1.015917420387268
1.0319095849990845
0.4706151783466339
0.7612264752388
0.8579463958740234
0.7472043037414551
0.773832380771637
0.8822890520095825
0.958610475063324
0.9251174926757812
0.9320955276489258
0.9669806957244873
1.0059020519256592
1.0634630918502808
1.0618627071380615
1.0673282146453857
1.086304783821106
0.47766855359077454
0.7945917844772339
0.898969292640686
0.6989803314208984
0.7124918103218079
0.7966868281364441
0.8633500933647156
0.922809898853302
0.9222956299781799
0.9485847353935242
0.9691703915596008
1.0711685419082642
1.069818377494812
1.071353793144226
1.0780911445617676
0.42334023118019104
0.671290397644043
0.7746098637580872
