0.8112947940826416
0.871574342250824
0.8880952000617981
0.9367839694023132
0.966838002204895
0.9827951788902283
0.9879726767539978
1.0160601139068604
1.0790141820907593
1.0809621810913086
1.08680260181427
1.0939843654632568
0.7591850757598877
0.8189159035682678
0.8890507817268372
0.9325186610221863
0.9507282972335815
0.9547868371009827
0.9837430119514465
1.0629827976226807
1.06914484500885
1.0708540678024292
1.0739351511001587
1.1573108434677124
1.1575660705566406
1.158868670463562
1.1598457098007202
0.73675137758255
0.7837116122245789
0.8320969939231873
0.8750306963920593
0.9046976566314697
0.9323027729988098
0.9746253490447998
1.0111877918243408
1.0202125310897827
1.0307179689407349
1.0430368185043335
1.1123417615890503
1.1151564121246338
1.115871787071228
1.1215912103652954
0.7656391263008118
0.8347691297531128
0.9083357453346252
0.8916645646095276
0.918450117111206
0.9304666519165039
0.964979350566864
1.0298752784729004
1.0362871885299683
1.0441642999649048
1.0583443641662598
1.1362347602844238
1.1388452053070068
1.1414637565612793
1.147135615348816
0.7069274187088013
0.796967089176178
0.8590379357337952
0.8774280548095703
0.9211133122444153
0.9341782927513123
0.9781890511512756
1.0105061531066895
1.0226560831069946
1.0272446870803833
1.0511138439178467
1.1174025535583496
1.1205965280532837
1.1214627027511597
1.1285812854766846
0.8028467893600464
0.8458185195922852
0.9194794297218323
0.9123365879058838
0.9407753944396973
0.970392644405365
1.004226803779602
1.0469061136245728
1.0564815998077393
1.0657684803009033
1.0801010131835938
1.1658592224121094
1.1687833070755005
1.1691396236419678
1.1746727228164673
0.7863007187843323
0.8640191555023193
0.938335657119751
0.9057071805000305
0.9333149194717407
0.9530245661735535
0.9604794979095459
1.0438950061798096
1.0512479543685913
1.0596226453781128
1.0616106986999512
1.140743374824524
1.142188549041748
1.1449544429779053
1.1490641832351685
0.7381399273872375
0.7908637523651123
0.8392284512519836
0.9096490144729614
0.9398028254508972
0.9445323944091797
0.9673078656196594
1.0478991270065308
1.0566883087158203
1.0595234632492065
1.066623330116272
1.1427433490753174
1.143028974533081
1.146602749824524
1.148959755897522
0.7386148571968079
0.7976114153862
0.8642070889472961
0.8681957721710205
0.9127795100212097
0.9414082765579224
0.9882963299751282
1.0013582706451416
1.0152332782745361
1.022916316986084
1.0448710918426514
1.1092885732650757
1.111147403717041
1.113860011100769
1.1179544925689697
0.7799076437950134
0.8638282418251038
0.9257449507713318
0.8972451686859131
0.931083083152771
0.9454171061515808
0.9690356254577637
1.0469862222671509
1.0573465824127197
1.0658584833145142
1.0703257322311401
1.1427172422409058
1.1479839086532593
1.1491810083389282
1.1539064645767212
0.7558209896087646
0.8203417658805847
0.8828825354576111
0.8863112330436707
0.9110479950904846
0.9411910772323608
0.9703409671783447
1.018380880355835
1.0248427391052246
1.035407304763794
1.0494894981384277
1.1127251386642456
1.1152855157852173
1.1173700094223022
1.1210631132125854
0.7639790177345276
0.8301120400428772
0.8972504734992981
0.909652829170227
0.9270955920219421
0.9432440400123596
0.9532084465026855
1.0471115112304688
1.052627682685852
1.059067726135254
1.061517357826233
1.1468257904052734
1.1465890407562256
1.149632215499878
1.1459110975265503
0.7477601170539856
0.8217025995254517
0.8522923588752747
0.8521032929420471
0.9045031666755676
0.9304926991462708
0.9659795761108398
0.9855175018310547
1.0036934614181519
1.0150996446609497
1.026814579963684
1.0883229970932007
1.0938694477081299
1.0967847108840942
1.102056622505188
0.8149300217628479
0.8779098987579346
0.9274452328681946
0.8969039916992188
0.9331032037734985
0.9601224660873413
0.9903446435928345
1.0229121446609497
1.0313118696212769
1.0413776636123657
1.0563422441482544
1.12041175365448
1.1204596757888794
1.1232068538665771
1.1238961219787598
0.7817986607551575
0.8558461666107178
0.9274120330810547
0.8766542077064514
0.9091812372207642
0.9441608190536499
0.9731069207191467
1.026943564414978
1.0383833646774292
1.0474107265472412
1.0617488622665405
1.1268585920333862
1.1316401958465576
1.1340974569320679
1.1384817361831665
0.7642027139663696
0.8271085023880005
0.889343798160553
0.8112947940826416
0.8316330909729004
0.9349472522735596
0.9874966740608215
0.966838002204895
0.9663769006729126
1.0012823343276978
1.0290695428848267
1.0790141820907593
1.0748419761657715
1.0873829126358032
1.0960354804992676
0.6673410534858704
0.8805335760116577
0.9627577662467957
0.9325186610221863
0.9336945414543152
0.948203444480896
0.9620704054832458
1.0629827976226807
1.0631296634674072
1.065495252609253
1.0697970390319824
1.1573108434677124
1.1560745239257812
1.1545319557189941
1.1571364402770996
0.609474778175354
0.7661874294281006
0.860663652420044
0.8750306963920593
0.8854333758354187
0.9285454750061035
0.9709264636039734
1.0111877918243408
1.010645866394043
1.0211504697799683
1.0396143198013306
1.1123417615890503
1.1109797954559326
1.104932188987732
1.107736349105835
0.6651925444602966
0.8440016508102417
0.9258531332015991
0.8916645646095276
0.8949308395385742
0.9304063320159912
0.9471709132194519
1.0298752784729004
1.0289034843444824
1.0357162952423096
1.0478026866912842
1.1362347602844238
1.1357700824737549
1.1342008113861084
1.138241171836853
0.5861830711364746
0.7638065814971924
0.840837836265564
0.8774280548095703
0.87776118516922
0.9201360940933228
0.9490028619766235
1.0105061531066895
1.0103832483291626
1.0156750679016113
1.028946042060852
1.1174025535583496
1.1145838499069214
1.111973762512207
1.1112233400344849
0.6204978227615356
0.8275658488273621
0.8972499370574951
0.9123365879058838
0.9300749897956848
0.9899188876152039
1.0257986783981323
1.0469061136245728
1.0508438348770142
1.070583462715149
1.0855083465576172
1.1658592224121094
1.1652977466583252
1.168060302734375
1.1704429388046265
0.7176057696342468
0.9166644215583801
0.9891743063926697
0.9057071805000305
0.9108862280845642
0.9361237287521362
0.9660845398902893
1.0438950061798096
1.0430737733840942
1.0487298965454102
1.056870460510254
1.140743374824524
1.1404004096984863
1.1423982381820679
1.1428728103637695
0.6218556761741638
0.7991770505905151
0.8698504567146301
0.9096490144729614
0.9155161380767822
0.9476858973503113
0.9787974953651428
1.0478991270065308
1.0506312847137451
1.05489182472229
1.068582534790039
1.1427433490753174
1.141913652420044
1.1455215215682983
1.1459782123565674
0.6123404502868652
0.7992620468139648
0.8876746892929077
0.8681957721710205
0.8833790421485901
0.9537957906723022
1.0123969316482544
1.0013582706451416
1.0026274919509888
1.0246866941452026
1.0538133382797241
1.1092885732650757
1.1075812578201294
1.1100670099258423
1.1143860816955566
0.6675533652305603
0.9000096917152405
0.9892868995666504
0.8972451686859131
0.9011001586914062
0.916280210018158
0.9524878263473511
1.0469862222671509
1.0441762208938599
1.0428816080093384
1.0495482683181763
1.1427172422409058
1.1419581174850464
1.138419270515442
1.1375072002410889
0.5930675268173218
0.7634317278862
0.8410962224006653
0.8863112330436707
0.891444742679596
0.9104785323143005
0.948313295841217
1.018380880355835
1.0164058208465576
1.013268232345581
1.0220112800598145
1.1127251386642456
1.1086485385894775
1.0976240634918213
1.0974832773208618
0.6213403940200806
0.7920280694961548
0.8795765042304993
0.909652829170227
0.9093936681747437
0.9317852258682251
0.9606218338012695
1.0471115112304688
1.044979453086853
1.0389667749404907
1.0435454845428467
1.1468257904052734
1.1438300609588623
1.1336461305618286
1.1280832290649414
0.6213539242744446
0.8007575273513794
0.8811052441596985
0.8521032929420471
0.8650772571563721
0.9387132525444031
1.0004143714904785
0.9855175018310547
0.9830556511878967
1.0036208629608154
1.0338950157165527
1.0883229970932007
1.0841017961502075
1.0843309164047241
1.094595193862915
0.6714641451835632
0.8973468542098999
0.9661608338356018
0.8969039916992188
0.912613570690155
0.990271270275116
1.0411064624786377
1.0229121446609497
1.0267529487609863
1.0484317541122437
1.0758593082427979
1.12041175365448
1.1183160543441772
1.1209198236465454
1.134756326675415
0.688185453414917
0.9255831837654114
0.9995842576026917
0.8766542077064514
0.8810360431671143
0.933233916759491
0.9823190569877625
1.026943564414978
1.026281476020813
1.0447646379470825
1.0544912815093994
1.1268585920333862
1.1260201930999756
1.1277307271957397
1.1330888271331787
0.6436664462089539
0.8366349339485168
0.8959003686904907
