0.849162220954895
0.8870633244514465
0.9009516835212708
0.9324341416358948
0.997316837310791
1.0070185661315918
1.0125144720077515
1.0246696472167969
1.1002875566482544
1.10692298412323
1.1086605787277222
1.1103569269180298
0.7146647572517395
0.7807841897010803
0.8373241424560547
0.9898773431777954
1.003334641456604
1.0017155408859253
1.0041190385818481
1.1229451894760132
1.1258001327514648
1.126919150352478
1.1319916248321533
1.188812255859375
1.1888219118118286
1.1903241872787476
1.1910858154296875
0.740365743637085
0.7868797779083252
0.8335677981376648
0.9370196461677551
0.9411224722862244
0.951867401599884
0.9633637070655823
1.05923593044281
1.0583845376968384
1.0638301372528076
1.0689276456832886
1.1260650157928467
1.1265614032745361
1.1288037300109863
1.1268476247787476
0.7152175307273865
0.7494072318077087
0.8205007314682007
0.9724764823913574
0.983656644821167
0.9839237332344055
0.9965230226516724
1.0998179912567139
1.103279948234558
1.1024762392044067
1.1065399646759033
1.1732207536697388
1.1737695932388306
1.1761202812194824
1.1770380735397339
0.7084725499153137
0.7306621074676514
0.8064870834350586
0.9612862467765808
0.9688351154327393
0.9698777794837952
0.9827088713645935
1.085360050201416
1.0864979028701782
1.0907527208328247
1.0921069383621216
1.1603806018829346
1.1613073348999023
1.1616594791412354
1.1598670482635498
0.6643247008323669
0.7206191420555115
0.7951479554176331
0.9486375451087952
0.9578555822372437
0.9617288112640381
0.9734205007553101
1.0838083028793335
1.0900633335113525
1.0902186632156372
1.0936774015426636
1.184221625328064
1.1860408782958984
1.1871311664581299
1.1892650127410889
0.6866947412490845
0.7297385334968567
0.8047825694084167
0.9926992058753967
1.0032445192337036
1.0095038414001465
1.0176324844360352
1.1154788732528687
1.1194339990615845
1.1192882061004639
1.1250710487365723
1.1858179569244385
1.186475396156311
1.1881613731384277
1.1887164115905762
0.6933541297912598
0.7499421238899231
0.8197057843208313
0.9677854776382446
0.975890576839447
0.9895056486129761
1.008123517036438
1.095734715461731
1.100163459777832
1.1035950183868408
1.1078602075576782
1.17604660987854
1.178568720817566
1.1796373128890991
1.1815851926803589
0.7334994673728943
0.7796106934547424
0.8500877618789673
0.9275675415992737
0.9437306523323059
0.9550921320915222
0.9633468389511108
1.0610533952713013
1.0662305355072021
1.0691838264465332
1.0771863460540771
1.1387890577316284
1.1397355794906616
1.1396825313568115
1.1433225870132446
0.697320818901062
0.7354288101196289
0.8146165609359741
0.9892064332962036
0.9967347979545593
1.000852108001709
1.01307213306427
1.099616289138794
1.1023715734481812
1.1045526266098022
1.1050901412963867
1.1724731922149658
1.174214482307434
1.174444556236267
1.1749227046966553
0.6890143752098083
0.7404559850692749
0.8049710392951965
0.945023238658905
0.9536883234977722
0.9624066948890686
0.9633088707923889
1.0790486335754395
1.080580472946167
1.0838664770126343
1.083735466003418
1.1587650775909424
1.1592130661010742
1.1607444286346436
1.1608675718307495
0.6913199424743652
0.7447972297668457
0.8118161559104919
1.0021393299102783
1.0062839984893799
1.0194674730300903
1.0212239027023315
1.1168301105499268
1.1185059547424316
1.1229417324066162
1.1250113248825073
1.1778686046600342
1.1784905195236206
1.1787693500518799
1.177587866783142
0.6994840502738953
0.7504366040229797
0.808354914188385
0.9022277593612671
0.9256848096847534
0.9145756363868713
0.9377543926239014
1.0266239643096924
1.0356898307800293
1.0301828384399414
1.0368436574935913
1.1088626384735107
1.1107407808303833
1.1107215881347656
1.109297275543213
0.7015011310577393
0.7580085396766663
0.8126198053359985
0.9351232647895813
0.9520466923713684
0.9486750364303589
0.9652506113052368
1.0690981149673462
1.0756794214248657
1.0772706270217896
1.0768061876296997
1.1495656967163086
1.1501628160476685
1.151012897491455
1.1473041772842407
0.6815134882926941
0.7472553253173828
0.7912525534629822
0.9517669081687927
0.9629222750663757
0.9624054431915283
0.9866823554039001
1.0775938034057617
1.08285391330719
1.0838382244110107
1.088028073310852
1.156083106994629
1.1576400995254517
1.158842921257019
1.1596819162368774
0.6981031894683838
0.7557047605514526
0.8234251141548157
0.849162220954895
0.8589322566986084
0.9208682775497437
0.9647323489189148
0.997316837310791
0.997302770614624
1.010669469833374
1.0334513187408447
1.1002875566482544
1.1001228094100952
1.1068041324615479
1.1145201921463013
0.6302236318588257
0.8226954340934753
0.9312552213668823
0.9898773431777954
0.9914612174034119
0.9917733669281006
0.9957947134971619
1.1229451894760132
1.1229634284973145
1.1248055696487427
1.1238363981246948
1.188812255859375
1.1884483098983765
1.1884821653366089
1.1876994371414185
0.5742128491401672
0.7444860935211182
0.8205978274345398
0.9370196461677551
0.9372049570083618
0.9472740292549133
0.9619314074516296
1.05923593044281
1.0592520236968994
1.0614368915557861
1.0583442449569702
1.1260650157928467
1.1248372793197632
1.1232730150222778
1.124529480934143
0.5878961086273193
0.7494326233863831
0.8272411823272705
0.9724764823913574
0.9738146662712097
0.9834223389625549
0.9942509531974792
1.0998179912567139
1.0982005596160889
1.0983481407165527
1.1011813879013062
1.1732207536697388
1.1733062267303467
1.173989176750183
1.1728278398513794
0.5602456331253052
0.7173014283180237
0.8165116906166077
0.9612862467765808
0.961615264415741
0.9637755155563354
0.9769408702850342
1.085360050201416
1.0838854312896729
1.0899094343185425
1.0879217386245728
1.1603806018829346
1.1598607301712036
1.1590156555175781
1.1564902067184448
0.5463614463806152
0.7000243663787842
0.7962749600410461
0.9486375451087952
0.9533786177635193
0.9774028062820435
0.9924914240837097
1.0838083028793335
1.085314393043518
1.0945258140563965
1.0975819826126099
1.184221625328064
1.184579849243164
1.186560869216919
1.1892571449279785
0.5630063414573669
0.7661086916923523
0.8324955105781555
0.9926992058753967
0.9952006936073303
1.0063790082931519
1.018778681755066
1.1154788732528687
1.116226077079773
1.1164206266403198
1.1220102310180664
1.1858179569244385
1.1861516237258911
1.186269760131836
1.1865156888961792
0.5622485280036926
0.7329857349395752
0.830120861530304
0.9677854776382446
0.971535325050354
0.9738944172859192
1.000693678855896
1.095734715461731
1.0950186252593994
1.1011731624603271
1.0968201160430908
1.17604660987854
1.1764096021652222
1.1768518686294556
1.174900770187378
0.582577645778656
0.7631424069404602
0.8587271571159363
0.9275675415992737
0.9302306175231934
0.9600418210029602
0.9814438819885254
1.0610533952713013
1.0638681650161743
1.0710896253585815
1.0826468467712402
1.1387890577316284
1.138559103012085
1.1411231756210327
1.1465436220169067
0.5944899916648865
0.7858808040618896
0.870290219783783
0.9892064332962036
0.9905234575271606
0.9916778206825256
1.0048658847808838
1.099616289138794
1.0999153852462769
1.1002819538116455
1.102907419204712
1.1724731922149658
1.1721926927566528
1.1715857982635498
1.1735942363739014
0.5592555999755859
0.7290839552879333
0.808830201625824
0.945023238658905
0.9449051022529602
0.9582872986793518
0.9688443541526794
1.0790486335754395
1.0797926187515259
1.0843496322631836
1.0883439779281616
1.1587650775909424
1.1585544347763062
1.1587698459625244
1.1597518920898438
0.5633640885353088
0.7507656812667847
0.8344414830207825
1.0021393299102783
1.0047154426574707
1.0121443271636963
1.0209306478500366
1.1168301105499268
1.116528034210205
1.1186970472335815
1.1156487464904785
1.1778686046600342
1.1778905391693115
1.1747355461120605
1.1747221946716309
0.5560697317123413
0.7272952198982239
0.811165988445282
0.9022277593612671
0.9035348892211914
0.9288747310638428
0.9432564973831177
1.0266239643096924
1.0289273262023926
1.0283085107803345
1.0504471063613892
1.1088626384735107
1.1092913150787354
1.1114742755889893
1.1100770235061646
0.6190931797027588
0.7925211787223816
0.8540629744529724
0.9351232647895813
0.9402614235877991
0.9608832001686096
0.9647395014762878
1.0690981149673462
1.0710285902023315
1.0721896886825562
1.0755738019943237
1.1495656967163086
1.149423360824585
1.1455442905426025
1.1455883979797363
0.5604738593101501
0.7631050944328308
0.829840362071991
0.9517669081687927
0.9503850340843201
0.9644809365272522
0.9829897284507751
1.0775938034057617
1.0788536071777344
1.0844204425811768
1.0928765535354614
1.156083106994629
1.1571093797683716
1.156598687171936
1.1602370738983154
0.5688960552215576
0.750569224357605
0.8481571078300476
