0.1965746432542801
0.2170834243297577
0.2264072448015213
0.2502199411392212
0.27280348539352417
0.28114670515060425
0.2882917821407318
0.2972008287906647
0.3444003760814667
0.3473091125488281
0.3515346050262451
0.3585391342639923
0.1531323939561844
0.17913801968097687
0.2172721028327942
0.23748835921287537
0.24199128150939941
0.24611365795135498
0.25607550144195557
0.33455365896224976
0.3360424041748047
0.33868566155433655
0.34441474080085754
0.4137260317802429
0.4147990047931671
0.4169033169746399
0.4178829789161682
0.12785623967647552
0.1521947830915451
0.18493998050689697
0.23147891461849213
0.23977060616016388
0.24668332934379578
0.264303982257843
0.3026184141635895
0.3138657212257385
0.3165985643863678
0.3241027593612671
0.3790445923805237
0.38392212986946106
0.385276734828949
0.39276352524757385
0.14636795222759247
0.1784975677728653
0.21082021296024323
0.244855135679245
0.25096505880355835
0.25967761874198914
0.27783915400505066
0.3464893400669098
0.3476639986038208
0.355716347694397
0.37104320526123047
0.424929678440094
0.42707329988479614
0.43278950452804565
0.4365490972995758
0.13637447357177734
0.16935889422893524
0.1996362954378128
0.22614040970802307
0.23964983224868774
0.24688681960105896
0.2581339180469513
0.30712559819221497
0.31329813599586487
0.3182084262371063
0.325626015663147
0.3769463002681732
0.38395974040031433
0.38359031081199646
0.3839215934276581
0.1409650444984436
0.166523739695549
0.20578208565711975
0.23249521851539612
0.24499459564685822
0.2516477406024933
0.2588091492652893
0.31371578574180603
0.32036229968070984
0.32213667035102844
0.3267214000225067
0.39983975887298584
0.406028687953949
0.41006559133529663
0.4111843407154083
0.15605060756206512
0.18113447725772858
0.19655899703502655
0.2287597805261612
0.2353617250919342
0.2355324625968933
0.24455927312374115
0.3026311695575714
0.30531078577041626
0.30875805020332336
0.311342716217041
0.37706565856933594
0.3784330189228058
0.37983059883117676
0.37841740250587463
0.13044238090515137
0.1471220850944519
0.17611001431941986
0.23070837557315826
0.23978137969970703
0.25092560052871704
0.26283320784568787
0.3135703504085541
0.31807559728622437
0.3196622133255005
0.323215126991272
0.37488797307014465
0.37386658787727356
0.37523847818374634
0.37917155027389526
0.14894923567771912
0.16562655568122864
0.20582303404808044
0.22198380529880524
0.239927738904953
0.2546534538269043
0.26955580711364746
0.3007529675960541
0.3112771511077881
0.3227435052394867
0.3298027515411377
0.3885718584060669
0.39771780371665955
0.4023483991622925
0.3993457555770874
0.1590435802936554
0.19325131177902222
0.22640980780124664
0.2331732213497162
0.23862677812576294
0.2438332587480545
0.25554728507995605
0.32018280029296875
0.32226625084877014
0.3253970146179199
0.32992830872535706
0.37405991554260254
0.37652406096458435
0.37802398204803467
0.38198909163475037
0.13676044344902039
0.16498710215091705
0.186771422624588
0.2320137321949005
0.24352334439754486
0.2640611231327057
0.27665048837661743
0.31258347630500793
0.31779745221138
0.3309144079685211
0.3367796838283539
0.3856722116470337
0.38953834772109985
0.3978402018547058
0.40079015493392944
0.14450885355472565
0.18329456448554993
0.21810801327228546
0.22026798129081726
0.23136623203754425
0.23760582506656647
0.2551104724407196
0.2884029150009155
0.29420170187950134
0.2963000237941742
0.3096461296081543
0.36794033646583557
0.3704371750354767
0.3728060722351074
0.38356757164001465
0.13293394446372986
0.16013537347316742
0.1901116669178009
0.2213669717311859
0.23693640530109406
0.2500796318054199
0.2711564600467682
0.29265138506889343
0.299771249294281
0.3170883059501648
0.3167221248149872
0.3622451424598694
0.3724461793899536
0.37325093150138855
0.37583208084106445
0.1601208597421646
0.19236275553703308
0.22281351685523987
0.23227739334106445
0.24272772669792175
0.257864385843277
0.27629438042640686
0.30915358662605286
0.31526419520378113
0.32601282000541687
0.3376772105693817
0.3782114088535309
0.38248899579048157
0.3897091746330261
0.39100590348243713
0.16012811660766602
0.18572555482387543
0.21678924560546875
0.212038055062294
0.2230817675590515
0.24048283696174622
0.25983503460884094
0.28964096307754517
0.2944847345352173
0.30355244874954224
0.310128390789032
0.37283313274383545
0.3733009696006775
0.375656396150589
0.3793545663356781
0.14879576861858368
0.17081132531166077
0.2010204792022705
0.1965746432542801
0.20025794208049774
0.2448268085718155
0.27978676557540894
0.27280348539352417
0.2742185592651367
0.28778523206710815
0.30954861640930176
0.3444003760814667
0.34256765246391296
0.34608468413352966
0.3579844832420349
0.12231768667697906
0.22075046598911285
0.2620999217033386
0.23748835921287537
0.23799021542072296
0.24582035839557648
0.25343337655067444
0.33455365896224976
0.33414027094841003
0.332790732383728
0.33294954895973206
0.4137260317802429
0.4141332507133484
0.4135694205760956
0.417664498090744
0.09807039797306061
0.15806475281715393
0.179396390914917
0.23147891461849213
0.2316368967294693
0.251216322183609
0.25759750604629517
0.3026184141635895
0.3019561171531677
0.3082611560821533
0.3160812556743622
0.3790445923805237
0.3794839084148407
0.3763493597507477
0.3750735819339752
0.11277522146701813
0.1814691573381424
0.22138342261314392
0.244855135679245
0.2438557893037796
0.2590996026992798
0.2816080152988434
0.3464893400669098
0.3459073603153229
0.34448304772377014
0.349845290184021
0.424929678440094
0.4236966073513031
0.424832284450531
0.4287227392196655
0.10082697123289108
0.16117680072784424
0.20947735011577606
0.22614040970802307
0.22760149836540222
0.23773415386676788
0.2695164680480957
0.30712559819221497
0.3064524531364441
0.30565589666366577
0.31115275621414185
0.3769463002681732
0.37290194630622864
0.36862683296203613
0.36739689111709595
0.10108759999275208
0.16247686743736267
0.1993589848279953
0.23249521851539612
0.23593613505363464
0.2643297016620636
0.28803202509880066
0.31371578574180603
0.31579306721687317
0.330427348613739
0.34352725744247437
0.39983975887298584
0.40239426493644714
0.4134494960308075
0.42157554626464844
0.1243814006447792
0.20705048739910126
0.24286259710788727
0.2287597805261612
0.22973906993865967
0.23663876950740814
0.2519804835319519
0.3026311695575714
0.3033716082572937
0.30018630623817444
0.303623229265213
0.37706565856933594
0.37695446610450745
0.37856170535087585
0.37841686606407166
0.09557569772005081
0.151608407497406
0.1821330487728119
0.23070837557315826
0.23822787404060364
0.26330891251564026
0.2897176444530487
0.3135703504085541
0.31463319063186646
0.3315916359424591
0.33663323521614075
0.37488797307014465
0.37186306715011597
0.377776175737381
0.3820236027240753
0.1268610656261444
0.22006182372570038
0.24216297268867493
0.22198380529880524
0.2234797179698944
0.25991109013557434
0.29486849904060364
0.3007529675960541
0.2995889186859131
0.3162138760089874
0.3347334861755371
0.3885718584060669
0.3816205561161041
0.36988991498947144
0.38026660680770874
0.1276848316192627
0.22682103514671326
0.2708257734775543
0.2331732213497162
0.2339683622121811
0.24341222643852234
0.2522324025630951
0.32018280029296875
0.32019713521003723
0.32256972789764404
0.3256729245185852
0.37405991554260254
0.3746097683906555
0.37570762634277344
0.37767863273620605
0.092494435608387
0.1572285145521164
0.18468061089515686
0.2320137321949005
0.23240770399570465
0.24711930751800537
0.26243042945861816
0.31258347630500793
0.31514737010002136
0.3168604075908661
0.32147398591041565
0.3856722116470337
0.38414764404296875
0.3842160105705261
0.3870995342731476
0.10032905638217926
0.16833823919296265
0.19908049702644348
0.22026798129081726
0.22063706815242767
0.2303445041179657
0.24748054146766663
0.2884029150009155
0.2890644073486328
0.29018503427505493
0.29385843873023987
0.36794033646583557
0.36907047033309937
0.37130457162857056
0.3696863055229187
0.09557569772005081
0.15398786962032318
0.19448882341384888
0.2213669717311859
0.2246215045452118
0.2605222463607788
0.2807447016239166
0.29265138506889343
0.29352328181266785
0.30303558707237244
0.3293205201625824
0.3622451424598694
0.36070120334625244
0.3639417886734009
0.3750354051589966
0.12558698654174805
0.2103743851184845
0.2593788802623749
0.23227739334106445
0.2329549342393875
0.2654038071632385
0.29330429434776306
0.30915358662605286
0.31135544180870056
0.3236307203769684
0.3439440429210663
0.3782114088535309
0.3772159218788147
0.38021403551101685
0.3910210132598877
0.12267430126667023
0.211584210395813
0.2560490369796753
0.212038055062294
0.21345266699790955
0.23898014426231384
0.25629258155822754
0.28964096307754517
0.29057058691978455
0.29365304112434387
0.3024989068508148
0.37283313274383545
0.3700747489929199
0.3679996430873871
0.3670973479747772
0.11598067730665207
0.18803320825099945
0.22538092732429504
