0.8641751408576965
0.9235012531280518
0.9471732378005981
0.982365608215332
1.0497820377349854
1.0635651350021362
1.069692850112915
1.0821233987808228
1.1406948566436768
1.1451706886291504
1.1465299129486084
1.1507620811462402
0.679362416267395
0.7638473510742188
0.8468981981277466
1.0419013500213623
1.0555346012115479
1.0650253295898438
1.0782835483551025
1.1768392324447632
1.1815588474273682
1.181854248046875
1.1855425834655762
1.2263251543045044
1.2276604175567627
1.2277724742889404
1.22942316532135
0.6717899441719055
0.7557481527328491
0.8315200805664062
0.9679960608482361
0.9774014353752136
0.9903982281684875
1.0036219358444214
1.0977784395217896
1.0990287065505981
1.1046985387802124
1.10527765750885
1.1514039039611816
1.1518601179122925
1.1526821851730347
1.1538879871368408
0.6581603288650513
0.7295872569084167
0.8029549717903137
1.0092259645462036
1.0224076509475708
1.027725338935852
1.0410953760147095
1.1481287479400635
1.1521543264389038
1.1536403894424438
1.1557018756866455
1.2041093111038208
1.2050871849060059
1.205574631690979
1.206432580947876
0.6389777064323425
0.7151336669921875
0.7764305472373962
0.9821597933769226
0.9932709336280823
1.000895380973816
1.0121738910675049
1.1244479417800903
1.1255548000335693
1.1279245615005493
1.1281262636184692
1.1820852756500244
1.1822214126586914
1.1825785636901855
1.1810301542282104
0.6105591058731079
0.6725295782089233
0.7597417831420898
1.0081353187561035
1.0202791690826416
1.028457760810852
1.0424968004226685
1.135317087173462
1.139064908027649
1.13978910446167
1.1439381837844849
1.1994019746780396
1.201207160949707
1.2019696235656738
1.2047407627105713
0.6345891356468201
0.7238273024559021
0.8246722221374512
1.0447696447372437
1.0542501211166382
1.0615203380584717
1.0714198350906372
1.173393964767456
1.1762752532958984
1.177294135093689
1.1803228855133057
1.2244973182678223
1.2254095077514648
1.2256159782409668
1.2261806726455688
0.6310389637947083
0.7067546844482422
0.7935018539428711
1.031089425086975
1.044646978378296
1.0510512590408325
1.0668185949325562
1.157610535621643
1.1613590717315674
1.1630761623382568
1.1680939197540283
1.2107548713684082
1.2127805948257446
1.2127035856246948
1.2142809629440308
0.6918631792068481
0.7506236433982849
0.8468155264854431
0.9526615738868713
0.9689127206802368
0.9764223098754883
0.9919009208679199
1.09159517288208
1.09573233127594
1.100433111190796
1.1025623083114624
1.1562639474868774
1.1560249328613281
1.154844880104065
1.1555088758468628
0.6080202460289001
0.6751876473426819
0.7699434161186218
1.020720362663269
1.0323231220245361
1.0407978296279907
1.0498536825180054
1.1664386987686157
1.1699433326721191
1.1704622507095337
1.173616886138916
1.2212603092193604
1.2221102714538574
1.2227483987808228
1.2225818634033203
0.6313636302947998
0.7108556032180786
0.7837203145027161
0.9906973838806152
1.0037145614624023
1.0110810995101929
1.0204358100891113
1.1339868307113647
1.1353304386138916
1.1379233598709106
1.137645959854126
1.190356969833374
1.1904199123382568
1.190504550933838
1.1907910108566284
0.6447598934173584
0.7268806099891663
0.8119519352912903
1.0170094966888428
1.025972604751587
1.0349605083465576
1.0460305213928223
1.1463775634765625
1.1484994888305664
1.1517438888549805
1.1541314125061035
1.1984378099441528
1.1990535259246826
1.199223279953003
1.199204444885254
0.649877667427063
0.7346767783164978
0.8007043600082397
0.9043139815330505
0.9310885667800903
0.9416180849075317
0.964458703994751
1.053720235824585
1.0592237710952759
1.0584405660629272
1.0664451122283936
1.1245965957641602
1.125187873840332
1.1243970394134521
1.1264394521713257
0.6413177847862244
0.7134130001068115
0.7989268898963928
0.99871826171875
1.0094552040100098
1.0183353424072266
1.0374577045440674
1.128964900970459
1.1328359842300415
1.134223222732544
1.1365877389907837
1.1806565523147583
1.1806763410568237
1.1810115575790405
1.1822116374969482
0.6471095681190491
0.7109527587890625
0.8168430328369141
0.9641064405441284
0.9899412393569946
0.9998440742492676
1.015639066696167
1.119485855102539
1.125230073928833
1.1289623975753784
1.132936716079712
1.1854832172393799
1.187686800956726
1.188490867614746
1.1901074647903442
0.6529720425605774
0.7118818759918213
0.8041328191757202
0.8641751408576965
0.8778500556945801
0.9570587873458862
1.0052680969238281
1.0497820377349854
1.0521466732025146
1.0746022462844849
1.088909387588501
1.1406948566436768
1.1404579877853394
1.1472934484481812
1.1558934450149536
0.5171201825141907
0.8064280152320862
0.916853666305542
1.0419013500213623
1.0452497005462646
1.0582375526428223
1.074622631072998
1.1768392324447632
1.1775505542755127
1.182051658630371
1.185616374015808
1.2263251543045044
1.2266000509262085
1.2285182476043701
1.2309316396713257
0.44936713576316833
0.7080736756324768
0.8344339728355408
0.9679960608482361
0.9684159159660339
0.9899024367332458
1.0118480920791626
1.0977784395217896
1.0980877876281738
1.106276035308838
1.1126012802124023
1.1514039039611816
1.1498589515686035
1.1536651849746704
1.157546043395996
0.4843742251396179
0.7491891384124756
0.8582820892333984
1.0092259645462036
1.0116347074508667
1.029195785522461
1.041882872581482
1.1481287479400635
1.1487513780593872
1.152709722518921
1.159348487854004
1.2041093111038208
1.2042714357376099
1.2073594331741333
1.2102335691452026
0.4313812851905823
0.6782102584838867
0.7843567728996277
0.9821597933769226
0.984612226486206
0.9996005296707153
1.0102077722549438
1.1244479417800903
1.123730182647705
1.1255340576171875
1.1272403001785278
1.1820852756500244
1.1816240549087524
1.1812968254089355
1.1825230121612549
0.4366993010044098
0.6803809404373169
0.7987105846405029
1.0081353187561035
1.0134354829788208
1.0362499952316284
1.0595768690109253
1.135317087173462
1.1370257139205933
1.146399736404419
1.1560336351394653
1.1994019746780396
1.199965238571167
1.206264615058899
1.2118240594863892
0.5413690805435181
0.7940541505813599
0.8917708992958069
1.0447696447372437
1.0476371049880981
1.0623399019241333
1.0796788930892944
1.173393964767456
1.1743073463439941
1.177872896194458
1.183201551437378
1.2244973182678223
1.2245115041732788
1.2258130311965942
1.2276384830474854
0.4401880204677582
0.7117186784744263
0.8294456005096436
1.031089425086975
1.0340518951416016
1.051971673965454
1.0732982158660889
1.157610535621643
1.1587718725204468
1.161982536315918
1.1695717573165894
1.2107548713684082
1.2110542058944702
1.2136032581329346
1.2161074876785278
0.47372597455978394
0.7461730241775513
0.8604222536087036
0.9526615738868713
0.9568778276443481
0.9938005208969116
1.0247344970703125
1.09159517288208
1.0920734405517578
1.102492332458496
1.1173533201217651
1.1562639474868774
1.1542943716049194
1.156327486038208
1.163111925125122
0.47863516211509705
0.7654995322227478
0.8894006609916687
1.020720362663269
1.0239254236221313
1.0348483324050903
1.0561599731445312
1.1664386987686157
1.16692054271698
1.170642614364624
1.1753599643707275
1.2212603092193604
1.2213858366012573
1.2223024368286133
1.22422456741333
0.447375625371933
0.6894130706787109
0.8156676292419434
0.9906973838806152
0.9952948093414307
1.0114860534667969
1.038670301437378
1.1339868307113647
1.1338258981704712
1.1354562044143677
1.1372612714767456
1.190356969833374
1.1898820400238037
1.1883143186569214
1.1889568567276
0.46309420466423035
0.7134722471237183
0.8193633556365967
1.0170094966888428
1.0182346105575562
1.0326900482177734
1.0466585159301758
1.1463775634765625
1.1465331315994263
1.1493322849273682
1.1513307094573975
1.1984378099441528
1.1979966163635254
1.196905255317688
1.1976896524429321
0.44498246908187866
0.7110764980316162
0.8281760811805725
0.9043139815330505
0.9060667753219604
0.9377946853637695
0.9832801222801208
1.053720235824585
1.0518338680267334
1.0638130903244019
1.0806500911712646
1.1245965957641602
1.122830867767334
1.128084659576416
1.1361794471740723
0.4932551681995392
0.7471418976783752
0.8649624586105347
0.99871826171875
1.001813530921936
1.0208439826965332
1.0434657335281372
1.128964900970459
1.129119634628296
1.1336489915847778
1.141161561012268
1.1806565523147583
1.1798425912857056
1.1813182830810547
1.1861600875854492
0.4734102785587311
0.7426998019218445
0.8714272379875183
0.9641064405441284
0.9672017097473145
0.9996844530105591
1.0296663045883179
1.119485855102539
1.1210182905197144
1.12823486328125
1.1370444297790527
1.1854832172393799
1.186081051826477
1.189764142036438
1.1920337677001953
0.4700962007045746
0.7373737692832947
0.8660340905189514
