0.2773502767086029
0.3987288773059845
0.523769736289978
0.6525061130523682
0.7320885062217712
0.2558631896972656
0.3758249282836914
0.5076465606689453
0.6504656672477722
0.730803906917572
0.2731371521949768
0.41113224625587463
0.5356665253639221
0.6610623002052307
0.73415207862854
0.2797069251537323
0.3999483585357666
0.5204769968986511
0.6270499229431152
0.7161362171173096
0.42119812965393066
0.5798351764678955
0.7013420462608337
0.7744125127792358
0.8203378319740295
0.2624041438102722
0.38206446170806885
0.5196532607078552
0.6311190128326416
0.7174710035324097
0.2325046807527542
0.32577696442604065
0.4649381935596466
0.5926963686943054
0.700593888759613
0.2243666648864746
0.3275603950023651
0.46445173025131226
0.632896363735199
0.7505060434341431
0.22367122769355774
0.33098748326301575
0.4473254382610321
0.6189907789230347
0.7283397912979126
0.37216517329216003
0.5313262939453125
0.6745726466178894
0.7651613354682922
0.8249624371528625
0.2906429171562195
0.4114544093608856
0.5696465969085693
0.6919752955436707
0.7899998426437378
0.20580598711967468
0.2877019941806793
0.4164299964904785
0.5690398216247559
0.6532976627349854
0.20568642020225525
0.30537304282188416
0.4027618169784546
0.5065463781356812
0.618094801902771
0.29991602897644043
0.438668429851532
0.5724946856498718
0.6595392823219299
0.7422332167625427
0.23351234197616577
0.3467616140842438
0.44870027899742126
0.5731894373893738
0.6554731130599976
0.2554476261138916
0.36554619669914246
0.48505720496177673
0.6042363047599792
0.7007089853286743
0.2494068443775177
0.3617684245109558
0.4813195765018463
0.5926830768585205
0.6828803420066833
0.25411078333854675
0.3712068498134613
0.5069122314453125
0.6543457508087158
0.7661069631576538
0.2952266335487366
0.43339234590530396
0.5727322101593018
0.6639065742492676
0.7378053069114685
0.37589311599731445
0.5547062754631042
0.6817936301231384
0.7793121933937073
0.8274056911468506
0.2555810213088989
0.3826671540737152
0.5027327537536621
0.6244099736213684
0.7258439064025879
0.24216297268867493
0.36954379081726074
0.4883923828601837
0.631392240524292
0.7357075214385986
0.283565878868103
0.4143071472644806
0.5427746772766113
0.6481577754020691
0.7106404900550842
0.381188303232193
0.549125075340271
0.684005081653595
0.7565077543258667
0.818276047706604
0.30654993653297424
0.46068644523620605
0.5809966325759888
0.6889170408248901
0.7644526958465576
0.31257668137550354
0.4575220048427582
0.5806613564491272
0.6847323775291443
0.7655040621757507
0.22574613988399506
0.33338576555252075
0.47938427329063416
0.5787482261657715
0.6696388125419617
0.30039262771606445
0.4478551149368286
0.5738368034362793
0.6899514198303223
0.7623605728149414
0.37898990511894226
0.5204944610595703
0.6888527870178223
0.7731536030769348
0.8217604160308838
0.27837076783180237
0.42999759316444397
0.624407172203064
0.7816700339317322
0.8548697829246521
0.2638385593891144
0.3769512176513672
0.5259795188903809
0.7384124398231506
0.9510443806648254
0.29142433404922485
0.41374078392982483
0.5844702124595642
0.7439616322517395
0.9568917751312256
0.2834177315235138
0.40780770778656006
0.5726705193519592
0.7752251625061035
0.9806713461875916
0.2707377076148987
0.38907086849212646
0.5285298228263855
0.7415266633033752
0.9319019913673401
0.33789244294166565
0.48036715388298035
0.7464183568954468
0.9087012410163879
0.9761696457862854
0.2664116322994232
0.3809800446033478
0.5359671115875244
0.73417067527771
0.8697034120559692
0.23672614991664886
0.3267991244792938
0.44774413108825684
0.6227690577507019
0.9114047884941101
0.2992066740989685
0.43003204464912415
0.6204954385757446
0.7908059358596802
0.9157500863075256
0.30143624544143677
0.4214544892311096
0.5978351831436157
0.7697100639343262
0.9382608532905579
0.33032771944999695
0.4931928813457489
0.7334127426147461
0.8680282235145569
0.9426055550575256
0.394930362701416
0.5940015912055969
0.8189789056777954
0.9579204320907593
0.9913879632949829
0.19770486652851105
0.2733999788761139
0.379517525434494
0.507321834564209
0.6583150029182434
0.24409298598766327
0.34140563011169434
0.4617753326892853
0.639076828956604
0.8410640358924866
0.331136018037796
0.48045507073402405
0.6801209449768066
0.8448824286460876
0.9576181173324585
0.23256848752498627
0.322459876537323
0.43000414967536926
0.6052926182746887
0.8142207264900208
0.2223552167415619
0.3050988018512726
0.3981996774673462
0.5148325562477112
0.6907530426979065
0.2769619822502136
0.3915584683418274
0.5636427998542786
0.8156784772872925
0.9441805481910706
0.32244932651519775
0.45944300293922424
0.6592262387275696
0.882967472076416
0.9683763980865479
0.2570681571960449
0.36211562156677246
0.5177527666091919
0.7517795562744141
0.9504525661468506
0.3159260153770447
0.45224687457084656
0.6237602829933167
0.8225456476211548
0.9777697324752808
0.2380012422800064
0.3342112600803375
0.45177391171455383
0.6070311665534973
0.8416101932525635
0.3398859202861786
0.5003700256347656
0.6898645162582397
0.8219391107559204
0.9516492486000061
0.2763252556324005
0.38886743783950806
0.5740947127342224
0.7590789198875427
0.8473805785179138
0.49334806203842163
0.7015402317047119
0.8340805768966675
0.8855645060539246
0.9015023112297058
0.2664915919303894
0.37625783681869507
0.5589534640312195
0.8536950945854187
1.0038578510284424
0.3945710062980652
0.6048697829246521
0.8175799250602722
0.9247942566871643
0.9809258580207825
0.23013265430927277
0.32002905011177063
0.4286854565143585
0.5876534581184387
0.7748700380325317
0.36639603972435
0.5872339010238647
0.7900019884109497
0.9303157925605774
0.980756402015686
0.2736881375312805
0.38640984892845154
0.539276123046875
0.7498053908348083
0.9023410081863403
0.3318054676055908
0.4699748754501343
0.6320171356201172
0.8414807915687561
0.9820708632469177
0.4039488732814789
0.5409391522407532
0.6956765055656433
0.798944354057312
0.8878169655799866
0.43996337056159973
0.5816421508789062
0.7324178218841553
0.827277421951294
0.8896926641464233
0.4289521872997284
0.5837494134902954
0.7147260308265686
0.809299111366272
0.8690902590751648
0.41330403089523315
0.5614340305328369
0.7058455348014832
0.7903298139572144
0.8548843264579773
0.5431970953941345
0.7011476755142212
0.7781471014022827
0.8454951643943787
0.9093596935272217
0.3867166042327881
0.556723952293396
0.674738347530365
0.7813686728477478
0.853256344795227
0.3531181514263153
0.5019919276237488
0.6434279084205627
0.7735249996185303
0.8670360445976257
0.36509644985198975
0.48484259843826294
0.6273057460784912
0.7908620238304138
0.8860534429550171
0.3748857080936432
0.49571511149406433
0.6839535236358643
0.7844101190567017
0.8522339463233948
0.5007449984550476
0.6714354157447815
0.8035402894020081
0.8772950172424316
0.9183895587921143
0.46989500522613525
0.6273547410964966
0.750868022441864
0.8440428376197815
0.9069792032241821
0.33565792441368103
0.465951144695282
0.6106593608856201
0.7374014258384705
0.8507936000823975
0.38197651505470276
0.5605029463768005
0.6478831171989441
0.7407392263412476
0.8496796488761902
0.40624991059303284
0.5706885457038879
0.6873380541801453
0.7899945378303528
0.8516836166381836
0.4025857448577881
0.5405172109603882
0.6668009757995605
0.7381693720817566
0.8096052408218384
0.407217800617218
0.5501587986946106
0.6857633590698242
0.8206950426101685
0.8907883763313293
0.3649236857891083
0.5067892074584961
0.6453459858894348
0.7632372379302979
0.8361983895301819
0.37859076261520386
0.5114537477493286
0.7005115747451782
0.8450453877449036
0.909024178981781
0.448739230632782
0.6090549826622009
0.7049897909164429
0.7891621589660645
0.8478319048881531
0.5296677947044373
0.6820132732391357
0.7839710116386414
0.8842055201530457
0.9264257550239563
0.4008145332336426
0.5773473381996155
0.7211988568305969
0.8235476613044739
0.8626112937927246
0.36324721574783325
0.48809000849723816
0.6298323273658752
0.7827813625335693
0.8843204379081726
0.4136042296886444
0.5440516471862793
0.6629313230514526
0.7483968734741211
0.8212005496025085
0.5101464986801147
0.6957972049713135
0.8166839480400085
0.8657844066619873
0.9033170342445374
0.40437039732933044
0.5472000241279602
0.6841480731964111
0.7942742705345154
0.8888344764709473
0.4226079285144806
0.5858467817306519
0.7312740087509155
0.8122645020484924
0.8852602243423462
0.3936856985092163
0.5510033965110779
0.6722052097320557
0.7988222241401672
0.861836850643158
0.4030303359031677
0.5598616600036621
0.7137979865074158
0.8105404376983643
0.8978476524353027
0.4765167534351349
0.6786161065101624
0.7870559692382812
0.8550372123718262
0.8973931074142456
0.41439539194107056
0.5650247931480408
0.7650086283683777
0.8666240572929382
0.9202733039855957
0.17684131860733032
0.25903478264808655
0.42587196826934814
0.7401149868965149
0.9108182191848755
0.21220944821834564
0.3517027199268341
0.6720555424690247
0.851348876953125
0.9734978079795837
0.21786975860595703
0.3324347138404846
0.6015700101852417
0.9183060526847839
0.9587907195091248
0.19787023961544037
0.33447033166885376
0.572746217250824
0.9028705954551697
0.9571874141693115
0.18432515859603882
0.3262234628200531
0.6055275797843933
0.8155795335769653
0.946103036403656
0.19036240875720978
0.3589892089366913
0.532666802406311
0.7120574712753296
0.8361285924911499
0.1602150797843933
0.2514313757419586
0.40102726221084595
0.6688710451126099
0.8309023380279541
0.19036240875720978
0.2865641117095947
0.49356499314308167
0.7918468713760376
0.9325988292694092
0.16861845552921295
0.3094320595264435
0.5442488789558411
0.8313748836517334
0.907684326171875
0.1866479367017746
0.36600616574287415
0.8393430113792419
0.8820470571517944
0.9254907369613647
0.22966058552265167
0.5138267278671265
0.7881529927253723
0.951424241065979
0.9677075743675232
0.1798638254404068
0.21874430775642395
0.36834147572517395
0.5692119598388672
0.7915655970573425
0.19975587725639343
0.2887575626373291
0.4663608968257904
0.6867722272872925
0.9328038692474365
0.27790266275405884
0.5220314264297485
0.7608814835548401
0.8223702311515808
0.8854658603668213
0.16246990859508514
0.24330921471118927
0.37101513147354126
0.6349968910217285
0.896932065486908
0.17321570217609406
0.2424406260251999
0.3766061067581177
0.5982485413551331
0.8102080225944519
0.19422127306461334
0.3690658509731293
0.6002157926559448
0.7707116007804871
0.9406196475028992
0.17546872794628143
0.337797075510025
0.6099768877029419
0.9011906981468201
0.9747540354728699
0.22298264503479004
0.34722700715065
0.6141071915626526
0.8720638751983643
0.9421260952949524
0.18892230093479156
0.2929401695728302
0.5447192788124084
0.7748604416847229
0.9499567747116089
0.16685809195041656
0.27696898579597473
0.4167044162750244
0.6908553838729858
0.8520001173019409
0.17458581924438477
0.3445836305618286
0.6290431618690491
0.8404154181480408
0.950943648815155
0.19067227840423584
0.30477890372276306
0.5178749561309814
0.702023983001709
0.8397904634475708
0.36766746640205383
0.6707388758659363
0.8174495697021484
0.8966732025146484
0.8966732025146484
0.19803519546985626
0.2289259135723114
0.4885586202144623
0.8071845173835754
0.9177895784378052
0.24294550716876984
0.5816221237182617
0.8746431469917297
0.9090598821640015
0.9837179780006409
0.18674400448799133
0.28218045830726624
0.4217985272407532
0.7063136696815491
0.8477456569671631
0.24287091195583344
0.5083293318748474
0.7677555680274963
0.9230198860168457
0.9573975205421448
0.1735527366399765
0.27543342113494873
0.45329606533050537
0.781643271446228
0.9173410534858704
0.1972023844718933
0.3306361138820648
0.5902248620986938
0.8349019885063171
1.0019214153289795
0.24656853079795837
0.36441290378570557
0.5230890512466431
0.7826970815658569
0.9818301200866699
0.2914339005947113
0.5555316209793091
0.7639857530593872
0.9000245332717896
0.983116626739502
0.2942412197589874
0.45945653319358826
0.6841384768486023
0.8684725761413574
0.9837601780891418
0.3178480267524719
0.5127683877944946
0.6571514010429382
0.8563008904457092
0.9722074866294861
0.32520267367362976
0.49784791469573975
0.6786594390869141
0.8915528655052185
0.9830120801925659
0.31544771790504456
0.39683741331100464
0.5500468015670776
0.7292323112487793
0.9078497290611267
0.2271209955215454
0.3686057925224304
0.5750609636306763
0.7451768517494202
0.9194221496582031
0.2337244153022766
0.37485355138778687
0.5923779606819153
0.7574280500411987
0.9122310876846313
0.23971238732337952
0.39701175689697266
0.6254554986953735
0.842735767364502
0.967121958732605
0.37120169401168823
0.6479024887084961
0.8037007451057434
0.8904770612716675
0.9656729102134705
0.35772666335105896
0.5662325024604797
0.8207717537879944
0.951239287853241
1.0052826404571533
0.20830252766609192
0.3319617211818695
0.5230574011802673
0.6816725134849548
0.8155579566955566
0.22648660838603973
0.36942723393440247
0.5498785376548767
0.6756938099861145
0.8749375939369202
0.4219703674316406
0.575846791267395
0.744693398475647
0.8721137642860413
0.9595103859901428
0.23185892403125763
0.40171706676483154
0.5288247466087341
0.6779716610908508
0.8788898587226868
0.24278171360492706
0.3492147624492645
0.5303925275802612
0.7022222876548767
0.8563576936721802
0.2794927954673767
0.4580078423023224
0.6615936160087585
0.8578274846076965
0.9587084054946899
0.2652927041053772
0.46558141708374023
0.6867468357086182
0.8715204000473022
0.9773565530776978
0.32807138562202454
0.48210203647613525
0.6819813847541809
0.847472608089447
0.9612900614738464
0.2949860990047455
0.4362022280693054
0.6321654915809631
0.8519811630249023
0.991072416305542
0.2814686596393585
0.3898955285549164
0.59445720911026
0.7981886863708496
0.9104891419410706
0.24644365906715393
0.43769848346710205
0.670633852481842
0.800986647605896
0.9651632308959961
0.245628222823143
0.4001352787017822
0.5519394278526306
0.7380946278572083
0.859741747379303
0.5124083757400513
0.6815615296363831
0.8180182576179504
0.8965298533439636
0.9514228105545044
0.35333251953125
0.49661070108413696
0.6352903842926025
0.8284688591957092
1.0017650127410889
0.4620954692363739
0.62381911277771
0.8504300713539124
0.9526614546775818
0.9953669905662537
0.23651987314224243
0.39905479550361633
0.5592231750488281
0.7236849069595337
0.8861329555511475
0.38905006647109985
0.5520325899124146
0.7750626802444458
0.9180393218994141
0.9912565350532532
0.2612456679344177
0.4019967019557953
0.5629125833511353
0.7881622910499573
0.9337230920791626
0.2777382433414459
0.4524765610694885
0.6653660535812378
0.8691774606704712
0.9975391626358032
