0.16210059821605682
0.23420926928520203
0.3100253939628601
0.3876204192638397
0.4406757950782776
0.1509978324174881
0.22227132320404053
0.30113905668258667
0.389331191778183
0.4417788088321686
0.16336524486541748
0.24792398512363434
0.3230622410774231
0.4006127715110779
0.4478875994682312
0.16358338296413422
0.23403330147266388
0.3063703179359436
0.372030109167099
0.42904049158096313
0.25520697236061096
0.34898078441619873
0.4203191101551056
0.46565181016921997
0.49808254837989807
0.1555860936641693
0.22739197313785553
0.30770209431648254
0.37452971935272217
0.42955896258354187
0.1365269124507904
0.19292472302913666
0.2738109230995178
0.3486126661300659
0.4135632812976837
0.13110843300819397
0.19408708810806274
0.27215296030044556
0.3707566261291504
0.44539526104927063
0.1312008649110794
0.19377698004245758
0.26405951380729675
0.36666589975357056
0.4341616928577423
0.2246713489294052
0.3211762607097626
0.4080711901187897
0.4649164080619812
0.5041741132736206
0.17093665897846222
0.2434801459312439
0.33770009875297546
0.4149375557899475
0.47738325595855713
0.12154518067836761
0.16787438094615936
0.24063432216644287
0.32689276337623596
0.3772795796394348
0.12070687115192413
0.17874309420585632
0.2380717247724533
0.2980353534221649
0.3649140000343323
0.1744794100522995
0.25616562366485596
0.33837103843688965
0.3899514973163605
0.4405761957168579
0.13868767023086548
0.2052474468946457
0.2688950002193451
0.3426772952079773
0.39532023668289185
0.15126533806324005
0.21545778214931488
0.2876584827899933
0.36058253049850464
0.4226343333721161
0.1483963131904602
0.21391598880290985
0.28414201736450195
0.35186314582824707
0.40835073590278625
0.1501602977514267
0.2190108448266983
0.30249354243278503
0.39333856105804443
0.46576669812202454
0.17660397291183472
0.2587389647960663
0.34280502796173096
0.3983836770057678
0.445907324552536
0.2314501702785492
0.3374324440956116
0.4115184545516968
0.4723811745643616
0.5049113631248474
0.1532980054616928
0.2287796437740326
0.2997054159641266
0.37343350052833557
0.4373781383037567
0.14113490283489227
0.2170630693435669
0.2864571511745453
0.3749117851257324
0.4389871656894684
0.1691254824399948
0.24730995297431946
0.32413220405578613
0.390036940574646
0.43001681566238403
0.22819159924983978
0.3291364908218384
0.41239359974861145
0.4608984589576721
0.5037065148353577
0.1777707040309906
0.26431363821029663
0.33476799726486206
0.4040408730506897
0.45450925827026367
0.18156374990940094
0.2668589949607849
0.3392166197299957
0.4032650887966156
0.45237845182418823
0.13338817656040192
0.19771257042884827
0.2839016318321228
0.3441050350666046
0.40202710032463074
0.176409050822258
0.2621723413467407
0.33820539712905884
0.4097408354282379
0.4561114013195038
0.22695590555667877
0.31187158823013306
0.4130614995956421
0.46536514163017273
0.4990634620189667
0.16437363624572754
0.2575610280036926
0.3734402358531952
0.46978774666786194
0.5190425515174866
0.1562695950269699
0.2234877049922943
0.3116143047809601
0.4412029981613159
0.5956786870956421
0.17262834310531616
0.24569031596183777
0.3481180965900421
0.44878044724464417
0.6041878461837769
0.1688106805086136
0.24369589984416962
0.34507885575294495
0.4757138788700104
0.6251689791679382
0.15755699574947357
0.22718946635723114
0.31351861357688904
0.44548115134239197
0.5805655121803284
0.1996288299560547
0.28274282813072205
0.44656848907470703
0.5603156685829163
0.6134793758392334
0.15696734189987183
0.2240554541349411
0.3155425786972046
0.4386027753353119
0.5324305891990662
0.13755711913108826
0.19013331830501556
0.2608989179134369
0.3669315576553345
0.5548550486564636
0.1758970320224762
0.2530001699924469
0.36993151903152466
0.48040080070495605
0.5696424841880798
0.17849233746528625
0.2490270882844925
0.3528091609477997
0.4620123505592346
0.5838366746902466
0.19770102202892303
0.291087806224823
0.4408775568008423
0.530782163143158
0.5862793922424316
0.23383602499961853
0.34956517815589905
0.4936002492904663
0.5936923027038574
0.6207635998725891
0.11550021171569824
0.15994645655155182
0.22164873778820038
0.2952427268028259
0.3846742808818817
0.14247216284275055
0.1993890255689621
0.2708272635936737
0.37769976258277893
0.5102827548980713
0.1943024843931198
0.28197064995765686
0.4019819498062134
0.5067105293273926
0.5911983251571655
0.13845255970954895
0.19242124259471893
0.25796645879745483
0.36500194668769836
0.4994921386241913
0.1314639300107956
0.18007832765579224
0.23522715270519257
0.3047841191291809
0.4131493866443634
0.16383451223373413
0.23236742615699768
0.33622294664382935
0.4995979368686676
0.5936769247055054
0.1931564211845398
0.2748430073261261
0.39630505442619324
0.545046865940094
0.6121286749839783
0.15189819037914276
0.214067742228508
0.3070470690727234
0.455907940864563
0.5980767607688904
0.1858740597963333
0.2666168212890625
0.3710724115371704
0.4982754588127136
0.615116536617279
0.13931991159915924
0.19585375487804413
0.2653641402721405
0.36037543416023254
0.5133243203163147
0.19495637714862823
0.2890399098396301
0.4042549133300781
0.49161002039909363
0.5869687795639038
0.16630405187606812
0.23360562324523926
0.3470022976398468
0.4656355082988739
0.5239130258560181
0.2961122691631317
0.426434189081192
0.5132570862770081
0.5484698414802551
0.5598113536834717
0.15628518164157867
0.2216978520154953
0.3296745717525482
0.512325644493103
0.6348051428794861
0.2261943817138672
0.34465327858924866
0.4748307168483734
0.5594032406806946
0.6122196316719055
0.13611532747745514
0.18975545465946198
0.2547055780887604
0.35001176595687866
0.4691712260246277
0.21323828399181366
0.3436330556869507
0.4674200117588043
0.5713554620742798
0.6125256419181824
0.16024404764175415
0.22643542289733887
0.31735628843307495
0.44851037859916687
0.5547598004341125
0.19761240482330322
0.2804524302482605
0.37868544459342957
0.5151851773262024
0.621251106262207
0.23588411509990692
0.31731659173965454
0.4144356846809387
0.48320090770721436
0.547488808631897
0.2584644854068756
0.34615203738212585
0.44205373525619507
0.5067486763000488
0.5518799424171448
0.2552497982978821
0.35102808475494385
0.4336804449558258
0.49723726511001587
0.5401195883750916
0.2421901524066925
0.3309680223464966
0.4215666651725769
0.4787771999835968
0.5232020616531372
0.32804885506629944
0.4178619980812073
0.46720147132873535
0.5135535001754761
0.5614643692970276
0.22916829586029053
0.33087867498397827
0.4020485281944275
0.4725470542907715
0.5225628614425659
0.20719778537750244
0.29617491364479065
0.3799455761909485
0.4602215588092804
0.5227196216583252
0.21627666056156158
0.2864874005317688
0.3702892065048218
0.47126173973083496
0.5382051467895508
0.21960562467575073
0.2903918921947479
0.4060460031032562
0.4704335033893585
0.5185394883155823
0.3011434078216553
0.40599575638771057
0.4905398488044739
0.5398271679878235
0.5710012912750244
0.27524319291114807
0.36826881766319275
0.4496071934700012
0.5128434300422668
0.5586258769035339
0.19282102584838867
0.27054330706596375
0.3607717454433441
0.43694236874580383
0.5075371861457825
0.22281619906425476
0.33188197016716003
0.3854590952396393
0.4444395899772644
0.5175847411155701
0.23639851808547974
0.3357870280742645
0.40683555603027344
0.472591370344162
0.5160869359970093
0.24299725890159607
0.32099008560180664
0.39659854769706726
0.4434990882873535
0.4945210814476013
0.24238643050193787
0.32710006833076477
0.41275927424430847
0.5011163353919983
0.5545035004615784
0.2143189162015915
0.29868656396865845
0.384697824716568
0.4608728289604187
0.5118420720100403
0.22464776039123535
0.30417385697364807
0.4211037755012512
0.5189501643180847
0.5672156810760498
0.2674468159675598
0.3666260838508606
0.4260144531726837
0.4815334677696228
0.5218304395675659
0.3219318687915802
0.4097698926925659
0.47413480281829834
0.5437623262405396
0.573605477809906
0.24027754366397858
0.3473063111305237
0.43759357929229736
0.5057883858680725
0.5331347584724426
0.21158736944198608
0.2846825122833252
0.36945855617523193
0.46714988350868225
0.5382898449897766
0.24564425647258759
0.32430773973464966
0.3975846469402313
0.454787015914917
0.5044309496879578
0.3031756281852722
0.4196182191371918
0.4997445046901703
0.5339952111244202
0.5624476075172424
0.2332107126712799
0.31805452704429626
0.4014134705066681
0.4786473214626312
0.5418437719345093
0.2438598871231079
0.34114232659339905
0.4348694384098053
0.48655590415000916
0.5381854176521301
0.2342948168516159
0.32715728878974915
0.40440064668655396
0.4859263598918915
0.5302621722221375
0.23592710494995117
0.3298265337944031
0.4265608787536621
0.4886302649974823
0.5467150807380676
0.2857429087162018
0.40629228949546814
0.47411036491394043
0.5220794677734375
0.5522640943527222
0.2487575113773346
0.33951908349990845
0.46399787068367004
0.5334146022796631
0.5744621753692627
0.10443682968616486
0.15242241322994232
0.24998843669891357
0.4448220431804657
0.5644691586494446
0.12464379519224167
0.20658643543720245
0.40360942482948303
0.5251657962799072
0.6190760135650635
0.12909263372421265
0.19759312272071838
0.36260512471199036
0.5755448937416077
0.6057409048080444
0.11551955342292786
0.1965511441230774
0.339788556098938
0.5605100393295288
0.6015235781669617
0.1083451583981514
0.19133856892585754
0.35726398229599
0.4916076362133026
0.5875932574272156
0.11269203573465347
0.2125013768672943
0.3148168623447418
0.4263218343257904
0.5102867484092712
0.09338530898094177
0.14655755460262299
0.23349833488464355
0.3986091613769531
0.5034434199333191
0.11122706532478333
0.16825078427791595
0.29043295979499817
0.47720423340797424
0.5802751779556274
0.09863419085741043
0.18159358203411102
0.3187243938446045
0.5036380290985107
0.5565783977508545
0.1077069416642189
0.2138916701078415
0.5079323649406433
0.539553165435791
0.5736105442047119
0.13483326137065887
0.3039647042751312
0.4732734262943268
0.5937100648880005
0.6057125329971313
0.10454130917787552
0.12715193629264832
0.21537446975708008
0.3313733637332916
0.46793079376220703
0.11690541356801987
0.16919314861297607
0.27203822135925293
0.40768882632255554
0.5782180428504944
0.160062775015831
0.30284956097602844
0.4500214755535126
0.48932701349258423
0.5357747077941895
0.09655053913593292
0.1434004306793213
0.22083887457847595
0.3807052969932556
0.5588317513465881
0.10313069075345993
0.1436925083398819
0.2232048660516739
0.35721254348754883
0.4959758222103119
0.11343422532081604
0.21768838167190552
0.35888397693634033
0.4711138904094696
0.5897446274757385
0.10356264561414719
0.20013555884361267
0.3633144199848175
0.5604972839355469
0.6170980930328369
0.13276876509189606
0.20557010173797607
0.3679080009460449
0.5388526320457458
0.5906172394752502
0.1111186295747757
0.17174173891544342
0.32038745284080505
0.4663897752761841
0.5931586623191833
0.09847855567932129
0.16365818679332733
0.24595418572425842
0.41488003730773926
0.5209069848060608
0.10076876729726791
0.19995343685150146
0.36587539315223694
0.5055372714996338
0.5883316397666931
0.11304433643817902
0.1801394522190094
0.30849888920783997
0.4243045449256897
0.5138565897941589
0.21827690303325653
0.4049833118915558
0.49842172861099243
0.5514576435089111
0.5514576435089111
0.11645523458719254
0.13418443500995636
0.28714603185653687
0.48209720849990845
0.5630275011062622
0.1405162215232849
0.33754342794418335
0.5215725898742676
0.5477727055549622
0.6115339398384094
0.11032838374376297
0.16660109162330627
0.24886739253997803
0.4239501655101776
0.5189393162727356
0.1401713639497757
0.29675033688545227
0.4612082540988922
0.566669225692749
0.5923542976379395
0.10157448053359985
0.16091297566890717
0.2676032483577728
0.47200602293014526
0.568723738193512
0.1172211766242981
0.19636669754981995
0.352155864238739
0.5104185342788696
0.6391072273254395
0.14560197293758392
0.21506720781326294
0.3098399341106415
0.47309714555740356
0.6207804083824158
0.17151792347431183
0.33330073952674866
0.4643869996070862
0.5582175254821777
0.6217028498649597
0.17636564373970032
0.2755255401134491
0.41510307788848877
0.5384485721588135
0.6254716515541077
0.18664336204528809
0.30490508675575256
0.3917488753795624
0.5247354507446289
0.6129904985427856
0.1903451532125473
0.2941727042198181
0.4026030898094177
0.5459275841712952
0.6192681193351746
0.18822543323040009
0.23503516614437103
0.32501569390296936
0.4376916289329529
0.5615939497947693
0.13308587670326233
0.21762493252754211
0.34349536895751953
0.44582587480545044
0.564545750617981
0.13769426941871643
0.22011199593544006
0.3467475175857544
0.45583412051200867
0.5649933218955994
0.1409544199705124
0.23414450883865356
0.37025579810142517
0.5106639862060547
0.6065153479576111
0.2205151617527008
0.3863699436187744
0.4852811396121979
0.5470373034477234
0.606975793838501
0.21019203960895538
0.3343310058116913
0.49522092938423157
0.592806875705719
0.6336829662322998
0.12090965360403061
0.19244632124900818
0.30153870582580566
0.3947261869907379
0.4852784276008606
0.13318687677383423
0.21784386038780212
0.3238583505153656
0.39951351284980774
0.5358071327209473
0.24287298321723938
0.33450254797935486
0.44002169370651245
0.5257302522659302
0.5902512669563293
0.1392868459224701
0.23822569847106934
0.3127582371234894
0.4073178172111511
0.5451906323432922
0.14500968158245087
0.20740817487239838
0.31626424193382263
0.4222410321235657
0.5288388729095459
0.16631700098514557
0.2721382677555084
0.39870136976242065
0.5287307500839233
0.6038524508476257
0.15639430284500122
0.27716121077537537
0.41246458888053894
0.5360434055328369
0.6170601844787598
0.19449691474437714
0.2861923277378082
0.4095688760280609
0.5233964920043945
0.6068572998046875
0.17441770434379578
0.2571275234222412
0.37544184923171997
0.5203286409378052
0.6253455877304077
0.1688106805086136
0.2301253378391266
0.3527563810348511
0.484274685382843
0.5639911890029907
0.1442515105009079
0.2539007067680359
0.39034968614578247
0.4785306751728058
0.6000391840934753
0.14649128913879395
0.23825645446777344
0.32945817708969116
0.4478656053543091
0.5307514071464539
0.30419695377349854
0.41058430075645447
0.5011174082756042
0.5563876628875732
0.5956295728683472
0.20591168105602264
0.2873857617378235
0.36709320545196533
0.4958067536354065
0.6298040151596069
0.2670491635799408
0.3593478798866272
0.5012387633323669
0.5845946073532104
0.6250082850456238
0.13952875137329102
0.23674629628658295
0.33274760842323303
0.4355200231075287
0.5462189316749573
0.22661443054676056
0.32319939136505127
0.4640448987483978
0.5592076778411865
0.6209137439727783
0.1538080871105194
0.2377120554447174
0.3326764702796936
0.4760422706604004
0.5805276036262512
0.16588158905506134
0.2700479328632355
0.3995581865310669
0.5343419909477234
0.6312389373779297
