0.4494194984436035
0.6557668447494507
0.8273345828056335
0.9798942804336548
1.0639796257019043
0.4428999423980713
0.6036208868026733
0.7973319888114929
0.9419704675674438
1.0505177974700928
0.43071988224983215
0.5865962505340576
0.7718921899795532
0.9552878141403198
1.0844461917877197
0.44044387340545654
0.6135709881782532
0.8023029565811157
0.9394127726554871
1.056496500968933
0.4696466624736786
0.6363563537597656
0.8250877857208252
0.991445779800415
1.0999525785446167
0.42924460768699646
0.5971748232841492
0.7851716876029968
0.9412742853164673
1.0598983764648438
0.41622602939605713
0.570536196231842
0.7583446502685547
0.9086862206459045
1.0349295139312744
0.39973387122154236
0.5535715222358704
0.7384189367294312
0.912056028842926
1.0440906286239624
0.4242584705352783
0.5600728988647461
0.7368691563606262
0.8945724964141846
1.0175389051437378
0.49553602933883667
0.7102527022361755
0.8901573419570923
1.0010573863983154
1.0727860927581787
0.45503664016723633
0.6513367891311646
0.8442405462265015
0.9868740439414978
1.0947630405426025
0.3885703384876251
0.536104679107666
0.6826702952384949
0.83144611120224
0.9682400226593018
0.39170482754707336
0.5297009944915771
0.6788831949234009
0.8252328634262085
0.9631516933441162
0.4491026699542999
0.66811203956604
0.8473003506660461
0.9978975057601929
1.094321608543396
0.4161858856678009
0.5736489295959473
0.7423926591873169
0.8689703941345215
0.9889237880706787
0.3874672055244446
0.5431343913078308
0.7102440595626831
0.8706572651863098
1.0044465065002441
0.42236945033073425
0.5850772261619568
0.7601053714752197
0.9221919178962708
1.0607415437698364
0.47615405917167664
0.6421253085136414
0.836003303527832
0.9968852996826172
1.1131715774536133
0.4420384168624878
0.6096040606498718
0.7832489609718323
0.9357460141181946
1.0483752489089966
0.4524984657764435
0.6066296696662903
0.7834242582321167
0.9605141282081604
1.0804613828659058
0.4339408278465271
0.6008216738700867
0.7809606194496155
0.9263774156570435
1.0424038171768188
0.41725876927375793
0.5801761150360107
0.7596168518066406
0.928817629814148
1.0592336654663086
0.39577561616897583
0.554862380027771
0.7237020134925842
0.9057691097259521
1.0327953100204468
0.5311664342880249
0.7721417546272278
0.9212603569030762
1.034850835800171
1.1075252294540405
0.4344113767147064
0.6713847517967224
0.8394297957420349
1.0065295696258545
1.100299596786499
0.4494440257549286
0.6909210681915283
0.9091038703918457
1.0413568019866943
1.1314054727554321
0.41704487800598145
0.5667897462844849
0.7444373369216919
0.9078865051269531
1.035028100013733
0.4710194766521454
0.702454149723053
0.8843914866447449
1.0131688117980957
1.1104286909103394
0.410275936126709
0.5703638792037964
0.7358422875404358
0.9078625440597534
1.0383833646774292
0.44461971521377563
0.6243410706520081
0.821990430355072
0.9744372963905334
1.101292371749878
0.5341567993164062
0.7301241159439087
0.92937833070755
1.124922752380371
1.221201777458191
0.6022341251373291
0.7913287281990051
0.9697291254997253
1.1249958276748657
1.2231637239456177
0.5710130929946899
0.7756614685058594
0.9930604100227356
1.182274341583252
1.2503252029418945
0.5122745633125305
0.708304762840271
0.942350447177887
1.1450309753417969
1.2317657470703125
0.6020188331604004
0.8177630305290222
1.0783445835113525
1.190278172492981
1.2175253629684448
0.5074610114097595
0.7136229276657104
0.9217276573181152
1.096419334411621
1.2091779708862305
0.5055857300758362
0.6800518035888672
0.881427526473999
1.0788429975509644
1.2230758666992188
0.6087498664855957
0.822746217250824
1.0347479581832886
1.1659023761749268
1.2201170921325684
0.5483376383781433
0.7486862540245056
0.97501140832901
1.146081566810608
1.2208737134933472
0.545516312122345
0.7668788433074951
1.0170252323150635
1.1586582660675049
1.1888692378997803
0.6945881247520447
0.9696726202964783
1.1692482233047485
1.2153263092041016
1.2241231203079224
0.43574222922325134
0.5840535759925842
0.7589693665504456
0.9305852651596069
1.094334363937378
0.5079021453857422
0.6910889148712158
0.8864572048187256
1.0675076246261597
1.1904573440551758
0.5952684879302979
0.8488349914550781
1.082830786705017
1.1909654140472412
1.2133840322494507
0.46781209111213684
0.6370785236358643
0.8236197233200073
1.0228385925292969
1.1814079284667969
0.42374515533447266
0.5936057567596436
0.7667116522789001
0.9411736726760864
1.1117658615112305
0.6105465888977051
0.8189012408256531
1.0330517292022705
1.1936659812927246
1.2395535707473755
0.6872859001159668
0.9177344441413879
1.127107858657837
1.217166781425476
1.2413431406021118
0.517206609249115
0.7044106721878052
0.9218433499336243
1.1384246349334717
1.218518614768982
0.6081558465957642
0.8158217072486877
1.041348934173584
1.1876317262649536
1.234624981880188
0.4626745879650116
0.6331654787063599
0.8185678124427795
1.010388970375061
1.189908742904663
0.6144386529922485
0.8533148169517517
1.0656230449676514
1.1844536066055298
1.2314188480377197
0.5791673064231873
0.7797822952270508
0.9982979893684387
1.1538712978363037
1.2155218124389648
0.6924696564674377
0.9937571883201599
1.1386951208114624
1.1554583311080933
1.157971739768982
0.5645197629928589
0.7705821394920349
0.9955321550369263
1.180829405784607
1.2334390878677368
0.7018938064575195
0.961040735244751
1.144984483718872
1.2040868997573853
1.209765911102295
0.5037904381752014
0.6777065396308899
0.8597138524055481
1.0405473709106445
1.1880650520324707
0.6193553805351257
0.8989640474319458
1.1153322458267212
1.1880745887756348
1.2122665643692017
0.5508073568344116
0.7470314502716064
0.9686189293861389
1.1453702449798584
1.2304425239562988
0.6002774834632874
0.8283663988113403
1.0545365810394287
1.1972788572311401
1.2435654401779175
0.7099106311798096
0.8794887065887451
1.0307930707931519
1.1261255741119385
1.186477780342102
0.7122514247894287
0.9009857773780823
1.052099585533142
1.1433143615722656
1.191237449645996
0.6408258080482483
0.8629986047744751
1.0312272310256958
1.1387157440185547
1.1919317245483398
0.6562557816505432
0.8597580790519714
1.011378526687622
1.126440167427063
1.1731358766555786
0.6961755156517029
0.885499119758606
1.0269373655319214
1.1310831308364868
1.1867178678512573
0.6637288928031921
0.8844379782676697
1.0509778261184692
1.1320184469223022
1.1991665363311768
0.6458460688591003
0.8423324823379517
1.0075781345367432
1.123261570930481
1.1775246858596802
0.6328988671302795
0.79939866065979
0.9862735867500305
1.095094919204712
1.1624983549118042
0.6483665108680725
0.8294472694396973
1.002524733543396
1.1021807193756104
1.1670857667922974
0.7335416674613953
0.9354261755943298
1.064011573791504
1.137279748916626
1.1829419136047363
0.7078292369842529
0.921492874622345
1.0655083656311035
1.1530684232711792
1.2014133930206299
0.611760139465332
0.8249205350875854
0.9863997101783752
1.0848324298858643
1.1514465808868408
0.6478714942932129
0.8347761034965515
0.9990678429603577
1.0943843126296997
1.1660771369934082
0.6869416832923889
0.8990867733955383
1.0404542684555054
1.1424099206924438
1.1917610168457031
0.6542008519172668
0.8526151180267334
0.9927823543548584
1.0911229848861694
1.15379798412323
0.6103870868682861
0.8129060864448547
0.9803555607795715
1.1079068183898926
1.1690539121627808
0.6171233057975769
0.8220322728157043
0.9879952669143677
1.1034144163131714
1.1712816953659058
0.6905444860458374
0.8892400860786438
1.035591959953308
1.1477103233337402
1.2012131214141846
0.6895800828933716
0.8703899383544922
1.021301507949829
1.1203773021697998
1.1738148927688599
0.6716625094413757
0.867717444896698
1.0206912755966187
1.1300500631332397
1.1891642808914185
0.6830622553825378
0.8699641227722168
1.036963939666748
1.1287153959274292
1.1803535223007202
0.6334003806114197
0.8320810794830322
0.9882583618164062
1.1071945428848267
1.1642650365829468
0.6363799571990967
0.8224356174468994
0.9684988856315613
1.0910747051239014
1.1586096286773682
0.7734072804450989
0.966938316822052
1.0971107482910156
1.1569222211837769
1.192055344581604
0.7038081884384155
0.8950764536857605
1.0437968969345093
1.137719750404358
1.1877787113189697
0.7196053862571716
0.9480271935462952
1.0991426706314087
1.1651448011398315
1.2081774473190308
0.6351394057273865
0.8595293164253235
1.0202829837799072
1.110953450202942
1.1764888763427734
0.7263602018356323
0.9209913015365601
1.0717962980270386
1.146976113319397
1.1999857425689697
0.6361640095710754
0.843816876411438
0.9972745776176453
1.1224991083145142
1.1877331733703613
0.6868480443954468
0.882891058921814
1.0379294157028198
1.1415128707885742
1.1975091695785522
0.41983118653297424
0.5656086802482605
0.827967643737793
1.0869258642196655
1.176175832748413
0.3994200825691223
0.6119394302368164
0.9191575050354004
1.0884478092193604
1.1865888833999634
0.4123676121234894
0.6014161109924316
0.9116626977920532
1.1899057626724243
1.2208423614501953
0.3800264596939087
0.5993265509605408
0.9133322834968567
1.1518219709396362
1.1927613019943237
0.3763619661331177
0.6522517800331116
0.9977840781211853
1.1507971286773682
1.2067830562591553
0.3784707188606262
0.6226798892021179
0.8444753289222717
1.0789631605148315
1.1752355098724365
0.336618572473526
0.5187054872512817
0.7734979391098022
1.0417600870132446
1.1642037630081177
0.39987748861312866
0.5775286555290222
0.8934065103530884
1.1457304954528809
1.196481704711914
0.3169132471084595
0.6010933518409729
0.9003744125366211
1.1312874555587769
1.1902443170547485
0.3612263798713684
0.638145923614502
1.0623549222946167
1.1393017768859863
1.182680606842041
0.450808048248291
0.8326327800750732
1.0919119119644165
1.2203686237335205
1.223427414894104
0.3947437107563019
0.46474361419677734
0.6954159736633301
0.9262295365333557
1.104503870010376
0.37792882323265076
0.5206665992736816
0.8081201314926147
1.0343916416168213
1.2113085985183716
0.4822719991207123
0.8266282677650452
1.08322012424469
1.1772927045822144
1.2333884239196777
0.3319995105266571
0.5107162594795227
0.6859356760978699
0.9660094976425171
1.1392276287078857
0.3393002152442932
0.4668373763561249
0.6963534355163574
0.9342697262763977
1.1243085861206055
0.41322487592697144
0.6718977093696594
0.9556519985198975
1.0791867971420288
1.1779838800430298
0.4056125283241272
0.7062211036682129
1.0234363079071045
1.200654149055481
1.2466607093811035
0.4213224947452545
0.6343845725059509
0.9112502932548523
1.0908282995224
1.1812119483947754
0.3598483204841614
0.5767183899879456
0.9049566984176636
1.1133708953857422
1.213963508605957
0.351641982793808
0.5170515179634094
0.7394997477531433
1.031625509262085
1.1392261981964111
0.370918333530426
0.6708996295928955
0.9676719903945923
1.1523503065109253
1.2224161624908447
0.3964759111404419
0.6148613095283508
0.9016838669776917
1.0964922904968262
1.1749211549758911
0.5976697206497192
0.9933035373687744
1.1045457124710083
1.1657413244247437
1.1657413244247437
0.4346006512641907
0.4737136662006378
0.806054949760437
1.1473323106765747
1.2220885753631592
0.4349355101585388
0.8347488641738892
1.1594468355178833
1.1812130212783813
1.2254477739334106
0.3735221326351166
0.5419846773147583
0.7647108435630798
1.0409479141235352
1.129751205444336
0.45456188917160034
0.8255400061607361
1.109316110610962
1.2085241079330444
1.2329189777374268
0.36823543906211853
0.5589810013771057
0.8474181890487671
1.1303437948226929
1.2048325538635254
0.3886934220790863
0.6124002933502197
0.9698675870895386
1.1422069072723389
1.2297345399856567
0.47753429412841797
0.6809072494506836
0.9227802157402039
1.110323429107666
1.2346577644348145
0.5194041132926941
0.779789924621582
1.0279231071472168
1.1738688945770264
1.2326332330703735
0.48956936597824097
0.7413945198059082
1.019513726234436
1.1979731321334839
1.256747841835022
0.5058015584945679
0.8213664889335632
1.0106875896453857
1.1615811586380005
1.243491291999817
0.58713299036026
0.8902625441551208
1.0780644416809082
1.198993444442749
1.2224197387695312
0.5328322052955627
0.7086097598075867
0.916804850101471
1.1011440753936768
1.213903784751892
0.46287107467651367
0.6617734432220459
0.9174787402153015
1.1066019535064697
1.2364345788955688
0.4503061771392822
0.6952770352363586
0.9681061506271362
1.1500071287155151
1.2259289026260376
0.45964306592941284
0.6921550035476685
0.9483675360679626
1.1584585905075073
1.2364665269851685
0.6095183491706848
0.8893328905105591
1.0843498706817627
1.173592448234558
1.2025412321090698
0.545495331287384
0.9424334168434143
1.1575859785079956
1.2242600917816162
1.2340890169143677
0.41154295206069946
0.5974916815757751
0.8728373646736145
1.0378867387771606
1.1442432403564453
0.4292325973510742
0.6263343095779419
0.8558555245399475
1.0360240936279297
1.1981101036071777
0.7062059044837952
0.9357613325119019
1.130584478378296
1.2068382501602173
1.2200360298156738
0.44829991459846497
0.658213198184967
0.8373715281486511
1.0161330699920654
1.1875823736190796
0.42427054047584534
0.5867279767990112
0.8189521431922913
1.0194807052612305
1.1512877941131592
0.487504780292511
0.7920570969581604
1.0414783954620361
1.1964633464813232
1.2462592124938965
0.5211764574050903
0.8390406370162964
1.1056013107299805
1.2197123765945435
1.2498866319656372
0.5273407697677612
0.7687605619430542
1.0055828094482422
1.1742174625396729
1.2253754138946533
0.4961172044277191
0.7379809021949768
0.9920429587364197
1.1808518171310425
1.2445683479309082
0.49296584725379944
0.670637309551239
0.9045060276985168
1.0826730728149414
1.2153674364089966
0.45284444093704224
0.7370228171348572
1.0465314388275146
1.1839241981506348
1.237648367881775
0.4538229703903198
0.7269037365913391
0.9835522174835205
1.1532318592071533
1.228132963180542
0.7522710561752319
1.0248876810073853
1.1343600749969482
1.1738011837005615
1.1764171123504639
0.46941518783569336
0.729080080986023
0.9790877103805542
1.1900540590286255
1.244819164276123
0.5455867052078247
0.9236505627632141
1.1438429355621338
1.2166403532028198
1.2205699682235718
0.4738016426563263
0.683381199836731
0.9225667119026184
1.1015028953552246
1.2070871591567993
0.5790244936943054
0.9307419657707214
1.1216561794281006
1.2036192417144775
1.2107949256896973
0.4761742055416107
0.6924753785133362
0.9577696323394775
1.1519110202789307
1.2359654903411865
0.4871184825897217
0.7465625405311584
1.0362975597381592
1.1992363929748535
1.2513138055801392
