0.24043798446655273
0.3453516364097595
0.44110843539237976
0.5272459983825684
0.5874778032302856
0.25173336267471313
0.35837239027023315
0.47181737422943115
0.5475349426269531
0.6104374527931213
0.23248575627803802
0.33316710591316223
0.4387398362159729
0.534114420413971
0.5920957326889038
0.2462291121482849
0.35457634925842285
0.466160386800766
0.5513463020324707
0.6085972189903259
0.26631906628608704
0.3879232108592987
0.5028665661811829
0.5817464590072632
0.6260060667991638
0.38451385498046875
0.47404229640960693
0.5432572364807129
0.5954341888427734
0.6302417516708374
0.22119136154651642
0.3065129816532135
0.40413716435432434
0.49496543407440186
0.559121310710907
0.20706725120544434
0.2963295876979828
0.3851068615913391
0.48097217082977295
0.551101565361023
0.2161354124546051
0.2966529428958893
0.397196501493454
0.48085686564445496
0.5578469038009644
0.2799637019634247
0.41837605834007263
0.5522424578666687
0.612113356590271
0.6471376419067383
0.26883548498153687
0.37444737553596497
0.4847562313079834
0.5596175193786621
0.6088542938232422
0.19068516790866852
0.27090778946876526
0.35822898149490356
0.4382663667201996
0.5245795249938965
0.1972954273223877
0.27088990807533264
0.3563201427459717
0.4352545738220215
0.5101895332336426
0.27709436416625977
0.3970029354095459
0.48966285586357117
0.5550141930580139
0.607247531414032
0.23298782110214233
0.3276751935482025
0.42577818036079407
0.4955618381500244
0.5538927912712097
0.21774889528751373
0.3206561207771301
0.4177367091178894
0.5086948275566101
0.5716075897216797
0.2453492283821106
0.35872918367385864
0.4649364948272705
0.5521529316902161
0.5991750955581665
0.24713504314422607
0.353566437959671
0.445627897977829
0.534340500831604
0.5995044708251953
0.25597119331359863
0.36364617943763733
0.4664824604988098
0.5398234724998474
0.5989725589752197
0.2356415092945099
0.3380638360977173
0.44588279724121094
0.5360099077224731
0.5938107967376709
0.2745800018310547
0.4000745117664337
0.47990864515304565
0.5485498905181885
0.6055024862289429
0.22658886015415192
0.3141440749168396
0.40703219175338745
0.4997049868106842
0.5724263787269592
0.2262842208147049
0.3423847258090973
0.4457243084907532
0.5400876402854919
0.5940907001495361
0.326768696308136
0.4775974452495575
0.5855646133422852
0.6246362328529358
0.654766857624054
0.2569720447063446
0.37063780426979065
0.4816902279853821
0.5653792023658752
0.6116350889205933
0.2788870632648468
0.39557987451553345
0.4963825047016144
0.5613561272621155
0.6267308592796326
0.218027725815773
0.3069429099559784
0.41078630089759827
0.5032075643539429
0.5695491433143616
0.26962390542030334
0.3758287727832794
0.4837527275085449
0.556850790977478
0.6007210612297058
0.23333944380283356
0.32677969336509705
0.43007656931877136
0.5198663473129272
0.5834873914718628
0.23117884993553162
0.326385498046875
0.43240776658058167
0.5254915356636047
0.5841056108474731
0.23954184353351593
0.33908015489578247
0.4576919674873352
0.6119215488433838
0.7397676706314087
0.2445937544107437
0.3458101153373718
0.45578739047050476
0.5957575440406799
0.7554405331611633
0.23874692618846893
0.3402164876461029
0.4769788682460785
0.6559023261070251
0.773884117603302
0.2168184220790863
0.3094300627708435
0.43283674120903015
0.588883101940155
0.7214194536209106
0.27734193205833435
0.39270633459091187
0.5850825905799866
0.7278491258621216
0.7597591280937195
0.24123534560203552
0.3565286695957184
0.4680677056312561
0.600245475769043
0.7037487030029297
0.2085849791765213
0.2908908724784851
0.4002581238746643
0.5461337566375732
0.7414098978042603
0.2501649856567383
0.3573276102542877
0.501180112361908
0.642618715763092
0.7287545800209045
0.23257793486118317
0.3321024477481842
0.46684688329696655
0.6395936012268066
0.7534200549125671
0.27281808853149414
0.3808675706386566
0.5497354865074158
0.6681464910507202
0.7292085886001587
0.30142760276794434
0.45018523931503296
0.6397515535354614
0.7339301109313965
0.755730390548706
0.1693650335073471
0.23320835828781128
0.3187626898288727
0.4180627167224884
0.5511568188667297
0.2026917189359665
0.2864634394645691
0.3921911120414734
0.5255497694015503
0.6917922496795654
0.274240106344223
0.39585113525390625
0.5601465702056885
0.7050963044166565
0.7516056895256042
0.19165220856666565
0.2693224549293518
0.3666795492172241
0.4895605146884918
0.6600506901741028
0.17868050932884216
0.2521972358226776
0.3355458080768585
0.4335777461528778
0.5659853219985962
0.23607853055000305
0.332257479429245
0.4713706076145172
0.6529625654220581
0.7407896518707275
0.272370308637619
0.3982245624065399
0.5842610597610474
0.718445360660553
0.7661733627319336
0.2230924814939499
0.3135119378566742
0.43974748253822327
0.6244248151779175
0.756980836391449
0.24665167927742004
0.35234251618385315
0.5064985156059265
0.671741783618927
0.7655069828033447
0.1995764523744583
0.28174716234207153
0.3828731179237366
0.5068556070327759
0.6798592805862427
0.3028697669506073
0.42117685079574585
0.548147976398468
0.667377233505249
0.7513514161109924
0.23519746959209442
0.3300454914569855
0.47097793221473694
0.6260995864868164
0.7209802865982056
0.3858072757720947
0.5279865264892578
0.6652750372886658
0.7023811340332031
0.7034674882888794
0.2357390820980072
0.33533763885498047
0.4715892970561981
0.6866454482078552
0.768482506275177
0.2973921298980713
0.4369775056838989
0.6237338781356812
0.7137807011604309
0.7581274509429932
0.19538865983486176
0.2705223560333252
0.3616272807121277
0.48525571823120117
0.6500256061553955
0.2856743633747101
0.44221073389053345
0.6316658854484558
0.7163036465644836
0.7593150734901428
0.2210373431444168
0.3175361156463623
0.460584431886673
0.6248304843902588
0.7410156726837158
0.25891178846359253
0.3730844557285309
0.5286722183227539
0.6933702230453491
0.7658461928367615
0.3791758418083191
0.4761739671230316
0.568671464920044
0.6346796751022339
0.6833934783935547
0.43390312790870667
0.5440329909324646
0.6144954562187195
0.6576300263404846
0.689862847328186
0.3807777464389801
0.5093230605125427
0.5903770327568054
0.6474941372871399
0.6887615323066711
0.3971872329711914
0.5227064490318298
0.5843988060951233
0.644443929195404
0.673611581325531
0.366910845041275
0.49412548542022705
0.5792573094367981
0.64893639087677
0.6904325485229492
0.4667638838291168
0.5664589405059814
0.6151828765869141
0.6507803201675415
0.673517644405365
0.33541643619537354
0.44476407766342163
0.5357224345207214
0.6190991401672363
0.6596851944923401
0.29090648889541626
0.3865088224411011
0.5030831694602966
0.5779385566711426
0.6377975940704346
0.330142080783844
0.4396640658378601
0.5291597843170166
0.5949810147285461
0.6453425288200378
0.4550187289714813
0.5704147219657898
0.63297039270401
0.6680794358253479
0.698739230632782
0.43182846903800964
0.5428625345230103
0.605208694934845
0.6590529680252075
0.6900396943092346
0.2920166552066803
0.39822083711624146
0.5029047727584839
0.5738802552223206
0.6260718107223511
0.3298872411251068
0.4329409599304199
0.5194804072380066
0.5829679369926453
0.6386176347732544
0.41331958770751953
0.5250269770622253
0.5957690477371216
0.6505931615829468
0.6815967559814453
0.3826978802680969
0.4772612452507019
0.5365920662879944
0.6000880599021912
0.6422796845436096
0.35509634017944336
0.47429051995277405
0.5653315186500549
0.6244722008705139
0.6740174889564514
0.3727174401283264
0.4903412461280823
0.5636473298072815
0.6239391565322876
0.6631768345832825
0.35118746757507324
0.46720534563064575
0.5744048953056335
0.6441681981086731
0.6980108022689819
0.41480910778045654
0.5186086893081665
0.5810037851333618
0.637824296951294
0.6839447617530823
0.34985554218292236
0.48270854353904724
0.5627986788749695
0.6259568333625793
0.6816912293434143
0.41786593198776245
0.5349559783935547
0.6033977270126343
0.6506120562553406
0.6784211993217468
0.30540624260902405
0.4179016053676605
0.51805579662323
0.6048659086227417
0.653042733669281
0.35415375232696533
0.4695567488670349
0.5569390058517456
0.6072995662689209
0.6426138877868652
0.4730754494667053
0.5946009159088135
0.6558821797370911
0.6842883229255676
0.710747480392456
0.3855654299259186
0.4832804203033447
0.5726174712181091
0.6305354237556458
0.6756848692893982
0.399689257144928
0.5203328132629395
0.6085825562477112
0.6615453958511353
0.6967755556106567
0.36314207315444946
0.4919876456260681
0.5716875195503235
0.6251152753829956
0.6760004162788391
0.3826051950454712
0.49758556485176086
0.5865724682807922
0.6398849487304688
0.6796975135803223
0.326951801776886
0.45824185013771057
0.540844738483429
0.6115744709968567
0.6588378548622131
0.3452860116958618
0.45311620831489563
0.5541097521781921
0.6363738775253296
0.6965441107749939
0.22554433345794678
0.29794594645500183
0.42898648977279663
0.5854813456535339
0.6771095395088196
0.2325046807527542
0.34615272283554077
0.513863205909729
0.6294695138931274
0.709610104560852
0.2325141429901123
0.32601025700569153
0.49454405903816223
0.6903112530708313
0.7334243655204773
0.21210977435112
0.33098748326301575
0.5094887614250183
0.6552557349205017
0.6799002289772034
0.1817028522491455
0.32197341322898865
0.5135166049003601
0.6421332359313965
0.7036688923835754
0.22643029689788818
0.36707189679145813
0.4882354736328125
0.6007963418960571
0.669768214225769
0.17739859223365784
0.27786263823509216
0.40059876441955566
0.5581136345863342
0.6445939540863037
0.18458129465579987
0.29233691096305847
0.4357689917087555
0.6100629568099976
0.666253924369812
0.16245602071285248
0.3065612018108368
0.4649619460105896
0.6180205941200256
0.667052149772644
0.18314452469348907
0.3537183403968811
0.6026889681816101
0.6340411305427551
0.6693025827407837
0.2578263282775879
0.4670397639274597
0.6124976873397827
0.6816103458404541
0.6942753791809082
0.16502687335014343
0.21874146163463593
0.3258979022502899
0.4619198739528656
0.6093589663505554
0.19684050977230072
0.283094584941864
0.414512038230896
0.5772307515144348
0.710164487361908
0.2835463881492615
0.46473029255867004
0.5974114537239075
0.6475383043289185
0.6942968368530273
0.15529265999794006
0.24734526872634888
0.3494901955127716
0.5114691853523254
0.6558115482330322
0.17680902779102325
0.2547307014465332
0.37051886320114136
0.5294311046600342
0.6370007395744324
0.20966152846813202
0.3526621162891388
0.5235227346420288
0.5953030586242676
0.6774425506591797
0.19358447194099426
0.3357994258403778
0.5221401453018188
0.6778262257575989
0.7277445197105408
0.23982445895671844
0.3466678857803345
0.5122989416122437
0.6383238434791565
0.7028540372848511
0.16367854177951813
0.28662577271461487
0.4696357250213623
0.6128149628639221
0.7061781883239746
0.21488161385059357
0.31043678522109985
0.41797325015068054
0.5952436327934265
0.6635041236877441
0.17710451781749725
0.33344775438308716
0.486958771944046
0.6303911209106445
0.6983509063720703
0.20740817487239838
0.3111360967159271
0.4679224491119385
0.5833109617233276
0.6646032333374023
0.34956517815589905
0.5694140791893005
0.6351179480552673
0.6600484251976013
0.6600484251976013
0.19828377664089203
0.23289379477500916
0.42216894030570984
0.6208953857421875
0.6927036643028259
0.2566584348678589
0.4591517746448517
0.645414412021637
0.6663084626197815
0.7061566710472107
0.19748501479625702
0.2869908809661865
0.39702102541923523
0.5764411091804504
0.6447920799255371
0.2336149364709854
0.42128077149391174
0.5987105965614319
0.6794394850730896
0.7075883746147156
0.1590435802936554
0.25982317328453064
0.4081944227218628
0.6086438894271851
0.6825671195983887
0.20052047073841095
0.31553035974502563
0.49807578325271606
0.6393616199493408
0.7335845232009888
0.2142494022846222
0.3253328204154968
0.4586094617843628
0.6160904169082642
0.7403631806373596
0.27888840436935425
0.40091192722320557
0.5444504022598267
0.675341010093689
0.7626739144325256
0.25699302554130554
0.3856208622455597
0.537118673324585
0.6962591409683228
0.7714129090309143
0.2654513716697693
0.40598103404045105
0.5229932069778442
0.6442426443099976
0.7281987071037292
0.27303093671798706
0.4139159619808197
0.5764981508255005
0.7155275940895081
0.7555384039878845
0.41152551770210266
0.4218023419380188
0.5127516388893127
0.6285077333450317
0.7241834402084351
0.2212654948234558
0.3282414376735687
0.46243816614151
0.5994701981544495
0.7357627749443054
0.21139556169509888
0.3251418173313141
0.47366806864738464
0.6114831566810608
0.7182216644287109
0.21825118362903595
0.34068816900253296
0.4823666214942932
0.639621376991272
0.7577401399612427
0.26146167516708374
0.4313608407974243
0.5768176317214966
0.6732490658760071
0.7303653955459595
0.28767216205596924
0.4713546633720398
0.6438781023025513
0.7356277704238892
0.7588382959365845
0.19264642894268036
0.2752332389354706
0.4097391366958618
0.5236687064170837
0.6191813945770264
0.20515446364879608
0.31247708201408386
0.45092663168907166
0.5617976188659668
0.6924414038658142
0.3451302945613861
0.47923848032951355
0.6171624660491943
0.7119235396385193
0.7477990984916687
0.21347711980342865
0.32401442527770996
0.4258260130882263
0.5305541157722473
0.6816115975379944
0.20649190247058868
0.2994965612888336
0.42507174611091614
0.5439790487289429
0.6534839868545532
0.2472510188817978
0.39147600531578064
0.5358121991157532
0.6679604649543762
0.7346411347389221
0.2571449875831604
0.4005386531352997
0.5766844153404236
0.7098028063774109
0.7592563033103943
0.28368139266967773
0.4108472764492035
0.5448088645935059
0.6646745800971985
0.7452844381332397
0.24287712574005127
0.36040550470352173
0.5103070735931396
0.6743379235267639
0.7631524205207825
0.2851586639881134
0.36881765723228455
0.4895063042640686
0.6185272336006165
0.7036165595054626
0.22005902230739594
0.34661638736724854
0.5296204090118408
0.6640248894691467
0.752887487411499
0.22580039501190186
0.3599419891834259
0.4752325713634491
0.6074714660644531
0.7072296738624573
0.40361207723617554
0.5676081776618958
0.6614744067192078
0.7063681483268738
0.7292153835296631
0.24544766545295715
0.36725345253944397
0.4968395531177521
0.6551622748374939
0.7621003985404968
0.30524325370788574
0.4721962809562683
0.6345529556274414
0.7262415885925293
0.7647657990455627
0.2292620986700058
0.33001187443733215
0.46350863575935364
0.5934094786643982
0.698764443397522
0.2946074604988098
0.4885042607784271
0.6426540613174438
0.7157728672027588
0.7582105994224548
0.21585802733898163
0.3241702914237976
0.47224584221839905
0.6327305436134338
0.7315996289253235
0.2327713668346405
0.3593725264072418
0.5361557602882385
0.6868849992752075
0.7620251178741455
