0.21120640635490417
0.3313353359699249
0.465658575296402
0.5451529622077942
0.6101128458976746
0.2226763218641281
0.33697745203971863
0.4488123953342438
0.535384476184845
0.6092106699943542
0.2103392481803894
0.30990540981292725
0.4313812851905823
0.5373194217681885
0.6265024542808533
0.21115902066230774
0.3326268792152405
0.4603250026702881
0.5481444597244263
0.62485271692276
0.21547560393810272
0.33786118030548096
0.48190030455589294
0.6012154221534729
0.6728217005729675
0.2045905441045761
0.3233773708343506
0.45725518465042114
0.5296944975852966
0.5969156622886658
0.20133838057518005
0.28133174777030945
0.3854575753211975
0.48783454298973083
0.5901361107826233
0.1954365223646164
0.27773135900497437
0.37983059883117676
0.49725258350372314
0.6068192720413208
0.194013774394989
0.2724333703517914
0.3683525621891022
0.4724562466144562
0.5690690279006958
0.23233188688755035
0.3832249939441681
0.5176819562911987
0.5867429375648499
0.6365729570388794
0.22441928088665009
0.348421186208725
0.49010270833969116
0.5779910087585449
0.6476115584373474
0.1848222315311432
0.26311206817626953
0.3513946533203125
0.4548734724521637
0.557465136051178
0.18412995338439941
0.2572652995586395
0.34393686056137085
0.44447845220565796
0.5464979410171509
0.22143271565437317
0.3821742534637451
0.5345585942268372
0.5920994877815247
0.6314882636070251
0.19508075714111328
0.28096795082092285
0.3813636004924774
0.47064027190208435
0.5544105768203735
0.1979777067899704
0.2980174720287323
0.413492888212204
0.5063588619232178
0.5858171582221985
0.2044375091791153
0.307712197303772
0.42995449900627136
0.5454376935958862
0.6369072198867798
0.22324495017528534
0.3328857421875
0.4541234076023102
0.5523918867111206
0.6446952819824219
0.21662560105323792
0.3265802562236786
0.45217856764793396
0.5355888605117798
0.5986570715904236
0.2029733806848526
0.2936997711658478
0.4193403124809265
0.5580844879150391
0.6413232684135437
0.20258444547653198
0.31097227334976196
0.4388105571269989
0.5209208726882935
0.5959301590919495
0.19797387719154358
0.28433799743652344
0.3963419497013092
0.5224579572677612
0.6207966208457947
0.19620931148529053
0.2908174991607666
0.4147478938102722
0.5443432927131653
0.6475396752357483
0.22871506214141846
0.3949468731880188
0.5456089973449707
0.6171969175338745
0.6523979902267456
0.2193891406059265
0.35932832956314087
0.4950808882713318
0.5865920782089233
0.6522667407989502
0.24034389853477478
0.3949463963508606
0.5452315807342529
0.5945543646812439
0.6355821490287781
0.20305871963500977
0.29305070638656616
0.3987426161766052
0.5048826932907104
0.611578106880188
0.23836839199066162
0.39451226592063904
0.5354971289634705
0.5962343215942383
0.641647458076477
0.19544848799705505
0.2782209813594818
0.4001978635787964
0.5364426970481873
0.630083441734314
0.21116849780082703
0.31247320771217346
0.4293338358402252
0.5433182120323181
0.6365638971328735
0.2508823871612549
0.36151447892189026
0.5043283700942993
0.7004069685935974
0.8390489220619202
0.2688645124435425
0.3743371069431305
0.5160440802574158
0.7001535296440125
0.8322581052780151
0.27333036065101624
0.39294591546058655
0.5562605857849121
0.7737841606140137
0.8789447546005249
0.2553015351295471
0.3656522333621979
0.5204968452453613
0.7105425000190735
0.8349692225456238
0.2753979563713074
0.4035012423992157
0.6178661584854126
0.7624842524528503
0.8243216276168823
0.23849329352378845
0.34323108196258545
0.4713728129863739
0.6509929895401001
0.7905207276344299
0.2410743683576584
0.33660390973091125
0.4642537236213684
0.6377121210098267
0.8395701050758362
0.28846704959869385
0.41460224986076355
0.5887654423713684
0.7567307949066162
0.8592509031295776
0.2626500427722931
0.37471702694892883
0.5296717286109924
0.707493007183075
0.8311499357223511
0.278044730424881
0.4098806083202362
0.5896223187446594
0.7207790017127991
0.7783753275871277
0.3325996696949005
0.5084948539733887
0.7094962000846863
0.8016895055770874
0.8285583853721619
0.20303383469581604
0.2800339162349701
0.3819582164287567
0.5040334463119507
0.6724255084991455
0.23587504029273987
0.3314089775085449
0.45414867997169495
0.612363338470459
0.7781689167022705
0.28522253036499023
0.4285965859889984
0.6138376593589783
0.7507314085960388
0.8070124387741089
0.22126001119613647
0.3102203905582428
0.42527925968170166
0.5809423327445984
0.7735812067985535
0.2090976983308792
0.29754266142845154
0.4023239016532898
0.5368565917015076
0.7104833126068115
0.29792359471321106
0.4263106882572174
0.611355721950531
0.8087278008460999
0.8783143758773804
0.31510305404663086
0.45131558179855347
0.6548171639442444
0.8014459609985352
0.8608666658401489
0.2518077790737152
0.35505831241607666
0.49660587310791016
0.6923869848251343
0.8068296313285828
0.27807366847991943
0.3969615697860718
0.5761287212371826
0.762773871421814
0.8568864464759827
0.21732717752456665
0.30688363313674927
0.42444607615470886
0.5801112651824951
0.7759790420532227
0.30556586384773254
0.45068687200546265
0.6087357997894287
0.7569642066955566
0.8492674827575684
0.2916678786277771
0.4112447500228882
0.5829052329063416
0.7597203850746155
0.8604258894920349
0.3329288363456726
0.5409109592437744
0.6752516627311707
0.7075259685516357
0.7163317203521729
0.2520824670791626
0.35818561911582947
0.5179316401481628
0.7577399015426636
0.8657435774803162
0.3231085538864136
0.473981648683548
0.6486092209815979
0.7520915865898132
0.7949337363243103
0.23597460985183716
0.3292677402496338
0.4487481117248535
0.6189739108085632
0.8195822238922119
0.2877231538295746
0.4336740970611572
0.6091309189796448
0.7337225675582886
0.7978715300559998
0.25668129324913025
0.3649815022945404
0.5253053307533264
0.7152414321899414
0.8480265736579895
0.28454381227493286
0.4124847948551178
0.5940004587173462
0.7824985384941101
0.8661167025566101
0.3402000665664673
0.4769180417060852
0.5989039540290833
0.6934787631034851
0.778426468372345
0.35605016350746155
0.48980996012687683
0.609544038772583
0.7040703892707825
0.7787115573883057
0.33274760842323303
0.4708646237850189
0.59470134973526
0.7045314311981201
0.7747058868408203
0.3268480598926544
0.4677138328552246
0.5809547305107117
0.700343132019043
0.7746425867080688
0.3225213885307312
0.46323972940444946
0.5814961791038513
0.6940970420837402
0.7842275500297546
0.3414706289768219
0.48662588000297546
0.6034740209579468
0.6870324015617371
0.776991069316864
0.3156871199607849
0.433429092168808
0.5604204535484314
0.6808159947395325
0.7610532641410828
0.296091765165329
0.4064979553222656
0.5417616367340088
0.6562238931655884
0.7550222873687744
0.2972526252269745
0.4134891927242279
0.5379870533943176
0.6555800437927246
0.7428692579269409
0.35459738969802856
0.5020285844802856
0.6228286027908325
0.7011057138442993
0.7791103720664978
0.34816819429397583
0.500892698764801
0.6212518215179443
0.7150672674179077
0.7821938991546631
0.29541265964508057
0.4114660918712616
0.5443124771118164
0.6503207087516785
0.7558233737945557
0.31016698479652405
0.42432644963264465
0.5559495091438293
0.6554853320121765
0.7511894702911377
0.34220805764198303
0.48813357949256897
0.5953095555305481
0.6925449967384338
0.762732744216919
0.3092534840106964
0.4338045120239258
0.5506709218025208
0.6580638289451599
0.7468361258506775
0.3068171739578247
0.4446907341480255
0.5714088678359985
0.6945532560348511
0.7818717360496521
0.3154720962047577
0.43865445256233215
0.5698785781860352
0.6820996999740601
0.7748132944107056
0.3288883566856384
0.45193538069725037
0.5836133360862732
0.6932540535926819
0.7859048247337341
0.33412444591522217
0.45647966861724854
0.5696999430656433
0.6757141351699829
0.7593237161636353
0.3152933716773987
0.44439026713371277
0.5739666819572449
0.6941074728965759
0.7828509211540222
0.33734971284866333
0.4795522689819336
0.6094179749488831
0.6967576146125793
0.7661606669425964
0.2965793013572693
0.41209933161735535
0.5369369983673096
0.6716653108596802
0.7519967555999756
0.3029325008392334
0.42021676898002625
0.552164614200592
0.6726421117782593
0.7604386806488037
0.3728455603122711
0.5376769304275513
0.6590003967285156
0.7258138060569763
0.7835196256637573
0.34931057691574097
0.4934523403644562
0.6191815137863159
0.7108858227729797
0.7868853211402893
0.36696475744247437
0.5316362977027893
0.6476686596870422
0.7151159644126892
0.7819517850875854
0.3160092830657959
0.45585882663726807
0.5792021155357361
0.6848625540733337
0.7811333537101746
0.3508331775665283
0.48449233174324036
0.6134455800056458
0.7000764608383179
0.7693062424659729
0.30447685718536377
0.440072238445282
0.5665192008018494
0.6802336573600769
0.7716676592826843
0.3235454857349396
0.4385189712047577
0.5748852491378784
0.6902490854263306
0.7835265398025513
0.19161415100097656
0.2704639136791229
0.43151819705963135
0.660516619682312
0.7808175086975098
0.20984847843647003
0.332788348197937
0.5162713527679443
0.6649627685546875
0.7936027646064758
0.22376681864261627
0.34008947014808655
0.5307473540306091
0.777171790599823
0.8330003619194031
0.1942984163761139
0.32613009214401245
0.5009819865226746
0.7529029846191406
0.7947300672531128
0.16571825742721558
0.3047339916229248
0.5375813245773315
0.7076001763343811
0.8185269832611084
0.1909550428390503
0.33114901185035706
0.4632059335708618
0.6373423933982849
0.7642480731010437
0.172870934009552
0.27401426434516907
0.4208192229270935
0.6337890028953552
0.7566267251968384
0.19532880187034607
0.3032402992248535
0.5046640634536743
0.7436034083366394
0.8169331550598145
0.15749603509902954
0.31003430485725403
0.5010173916816711
0.7012681365013123
0.7872787117958069
0.16879209876060486
0.3191753327846527
0.6100341081619263
0.6941908001899719
0.7452358603477478
0.20737145841121674
0.43020862340927124
0.636755645275116
0.8179899454116821
0.8277865648269653
0.19398117065429688
0.23707698285579681
0.37729424238204956
0.5524355173110962
0.726078987121582
0.1970314234495163
0.3099074065685272
0.4768142104148865
0.637686014175415
0.8127874732017517
0.22727559506893158
0.4215346872806549
0.6058796048164368
0.7015076279640198
0.7905918955802917
0.16155953705310822
0.2556343674659729
0.36933261156082153
0.5469071269035339
0.7411890625953674
0.17811943590641022
0.24768009781837463
0.38942447304725647
0.5722686052322388
0.7446958422660828
0.21027207374572754
0.3606874644756317
0.5439035296440125
0.6670991778373718
0.8142904043197632
0.1814243197441101
0.33909448981285095
0.571983814239502
0.7817854285240173
0.870112419128418
0.20817404985427856
0.3228609263896942
0.4829894006252289
0.6691072583198547
0.7834789752960205
0.1742660105228424
0.28953251242637634
0.5090218186378479
0.6856096982955933
0.8194015622138977
0.17125174403190613
0.2799637019634247
0.4040461480617523
0.6022160649299622
0.724543571472168
0.17993028461933136
0.349639356136322
0.559669017791748
0.7447056770324707
0.8594822287559509
0.2078799605369568
0.3293122947216034
0.5070295333862305
0.6841472387313843
0.7988662719726562
0.28457722067832947
0.5207033157348633
0.6584632992744446
0.740128755569458
0.740128755569458
0.1993589848279953
0.22550804913043976
0.4553496241569519
0.7193575501441956
0.8267485499382019
0.224081888794899
0.4667188823223114
0.6927609443664551
0.7205689549446106
0.7878806591033936
0.19611074030399323
0.29618287086486816
0.4335933029651642
0.6515803337097168
0.7539769411087036
0.20688943564891815
0.4249304533004761
0.6339069604873657
0.7654407620429993
0.8135007619857788
0.17399531602859497
0.2763182520866394
0.4490220844745636
0.7026515007019043
0.8090065717697144
0.185380756855011
0.3148669898509979
0.5420874953269958
0.7146466374397278
0.8503698706626892
0.20735813677310944
0.33075422048568726
0.5007108449935913
0.6973663568496704
0.8588851690292358
0.2689788341522217
0.4396204650402069
0.615453839302063
0.7610808610916138
0.8458133935928345
0.25032976269721985
0.4141332507133484
0.6007860898971558
0.7892175912857056
0.8866955041885376
0.2607300579547882
0.445138156414032
0.5908458232879639
0.7482645511627197
0.8527681827545166
0.27132725715637207
0.42908862233161926
0.6119087934494019
0.7817826271057129
0.8363878130912781
0.23327159881591797
0.34279119968414307
0.49885058403015137
0.6741740107536316
0.8234667778015137
0.2158609926700592
0.34116455912590027
0.5239503383636475
0.6897138357162476
0.8515172600746155
0.21259739995002747
0.35968533158302307
0.5595199465751648
0.7546170949935913
0.8738571405410767
0.2062786966562271
0.3526701033115387
0.5452136993408203
0.7419777512550354
0.855701208114624
0.26533243060112
0.44262903928756714
0.6135869026184082
0.7425113320350647
0.8007718920707703
0.26909753680229187
0.5105315446853638
0.7047185897827148
0.8119184374809265
0.8459080457687378
0.20087012648582458
0.29583510756492615
0.47439247369766235
0.6294097900390625
0.7581889033317566
0.20103877782821655
0.33659622073173523
0.5140881538391113
0.6405684351921082
0.7926990389823914
0.32777899503707886
0.4855301082134247
0.6597208380699158
0.779774010181427
0.8173561096191406
0.20537805557250977
0.31825146079063416
0.44739383459091187
0.6009255051612854
0.7881316542625427
0.20142947137355804
0.3127013146877289
0.4743112623691559
0.6393877267837524
0.772152304649353
0.2409067153930664
0.43574851751327515
0.6286499500274658
0.8042737245559692
0.8894302248954773
0.2537537217140198
0.44387921690940857
0.6545552015304565
0.8146928548812866
0.8750789761543274
0.270096093416214
0.4108660817146301
0.5726297497749329
0.7245926260948181
0.8160479068756104
0.22995443642139435
0.3705619275569916
0.5558803677558899
0.7620652318000793
0.8724367022514343
0.2228350043296814
0.3526199460029602
0.5060063600540161
0.6630643010139465
0.8036460876464844
0.20857186615467072
0.38883769512176514
0.6282144784927368
0.781670093536377
0.869066059589386
0.22612498700618744
0.39822083711624146
0.5804017782211304
0.7603729963302612
0.8806523084640503
0.3536454141139984
0.5486336350440979
0.6849079728126526
0.7449065446853638
0.7583367824554443
0.2337988317012787
0.3693639934062958
0.5327368378639221
0.7581031322479248
0.8816165924072266
0.30926546454429626
0.4949362576007843
0.6746870279312134
0.7895401120185852
0.8235446214675903
0.2327101081609726
0.3681868016719818
0.5460667610168457
0.7052947282791138
0.8415564894676208
0.29630914330482483
0.48433923721313477
0.6494520902633667
0.766900360584259
0.8092731237411499
0.21630898118019104
0.3422667384147644
0.5114577412605286
0.7195232510566711
0.8606834411621094
0.22892345488071442
0.3881361484527588
0.5988999009132385
0.7941981554031372
0.8753460645675659
