0.5529869794845581
0.7152784466743469
0.8759964108467102
0.9930311441421509
1.0661224126815796
0.5512275695800781
0.7160745859146118
0.8363731503486633
0.9748921394348145
1.064022421836853
0.5639408826828003
0.7021757960319519
0.8710477948188782
0.9997380375862122
1.0951875448226929
0.5537618398666382
0.7095416188240051
0.8529641628265381
0.984732985496521
1.0775935649871826
0.6578163504600525
0.7804258465766907
0.9327289462089539
1.0459048748016357
1.1308412551879883
0.5466355085372925
0.7122679948806763
0.852971076965332
0.9818419814109802
1.064591884613037
0.5604626536369324
0.6944677829742432
0.8420908451080322
0.9557968974113464
1.0501459836959839
0.5504903197288513
0.6823708415031433
0.8262631893157959
0.963180661201477
1.0661184787750244
0.5638076066970825
0.6749400496482849
0.8075555562973022
0.939927339553833
1.0336792469024658
0.6197582483291626
0.7718039155006409
0.9056679606437683
1.0142203569412231
1.0939545631408691
0.5640850067138672
0.7157496809959412
0.87278151512146
1.0026286840438843
1.0982038974761963
0.5409996509552002
0.659567654132843
0.8068108558654785
0.8962681889533997
1.0069618225097656
0.5349583625793457
0.6525918245315552
0.7569432854652405
0.8804970979690552
0.994723379611969
0.5533959865570068
0.7217525839805603
0.8891973495483398
1.0065196752548218
1.0999375581741333
0.5710771083831787
0.6974904537200928
0.8233896493911743
0.9332364201545715
1.0177874565124512
0.5502853393554688
0.6808105111122131
0.8121490478515625
0.937553882598877
1.0358599424362183
0.5592494010925293
0.7148521542549133
0.8555200695991516
0.9865905046463013
1.080864667892456
0.5962430834770203
0.7531619071960449
0.8878719210624695
1.021384358406067
1.1113669872283936
0.595917284488678
0.7310579419136047
0.8963700532913208
0.9958029985427856
1.0672340393066406
0.5627403259277344
0.6987826228141785
0.8583812117576599
0.990830659866333
1.0825188159942627
0.5411474704742432
0.6993210315704346
0.8381958603858948
0.9653823971748352
1.0615342855453491
0.5571480989456177
0.6978022456169128
0.8421879410743713
0.9895972609519958
1.0778696537017822
0.5974214673042297
0.7337520122528076
0.8707997798919678
0.9945570230484009
1.0880062580108643
0.6514248847961426
0.7963002324104309
0.9481272101402283
1.0427039861679077
1.1126434803009033
0.5724790692329407
0.7308956980705261
0.8831760883331299
1.015526294708252
1.1030845642089844
0.5670139193534851
0.7357183694839478
0.9008756279945374
1.0116231441497803
1.1025793552398682
0.5541929602622986
0.6763334274291992
0.80649733543396
0.9499813318252563
1.0504978895187378
0.5836839079856873
0.7432429790496826
0.9090529680252075
1.0242515802383423
1.1023499965667725
0.5782164931297302
0.7151820063591003
0.8543453812599182
0.9651042222976685
1.0711064338684082
0.5980755686759949
0.7402070164680481
0.8983584046363831
1.0147439241409302
1.102387547492981
0.70762699842453
0.8690000176429749
1.0128123760223389
1.1479393243789673
1.2308353185653687
0.6951209306716919
0.8360654711723328
0.9771507978439331
1.112450122833252
1.2102268934249878
0.7130585312843323
0.8699143528938293
1.025954246520996
1.171573281288147
1.2579580545425415
0.6681526303291321
0.8231210112571716
0.9917544722557068
1.140952467918396
1.2334202527999878
0.747049868106842
0.9121249318122864
1.0824679136276245
1.1927622556686401
1.2341240644454956
0.6775410771369934
0.8410366773605347
0.9891685247421265
1.1176726818084717
1.211961030960083
0.6751121878623962
0.8182139992713928
0.9641570448875427
1.1070787906646729
1.2316224575042725
0.7395576238632202
0.9066569805145264
1.05776047706604
1.1627026796340942
1.2222585678100586
0.6750465631484985
0.8302038908004761
0.9880246520042419
1.128757357597351
1.2163805961608887
0.7480332851409912
0.9206222891807556
1.0658456087112427
1.1612423658370972
1.2010029554367065
0.7880740761756897
0.9835574626922607
1.1455529928207397
1.204306721687317
1.2284880876541138
0.6066471338272095
0.7338336110115051
0.8734421133995056
0.9939938187599182
1.1044273376464844
0.6529591679573059
0.7994900941848755
0.9467421174049377
1.0788670778274536
1.1901414394378662
0.7384681105613708
0.9104174375534058
1.0698835849761963
1.1767878532409668
1.2276610136032104
0.6629089117050171
0.7981474995613098
0.9300897717475891
1.055639624595642
1.1830087900161743
0.6216171979904175
0.766037106513977
0.8995941877365112
1.0267221927642822
1.138636827468872
0.7253555059432983
0.8820716142654419
1.0449835062026978
1.1794685125350952
1.230095386505127
0.7756418585777283
0.9388006925582886
1.1030768156051636
1.2011430263519287
1.2483712434768677
0.6776649951934814
0.8260507583618164
0.9757003784179688
1.128219723701477
1.2231061458587646
0.7322139739990234
0.8940350413322449
1.0490045547485352
1.1752175092697144
1.2431021928787231
0.661404550075531
0.8039863705635071
0.9469723701477051
1.078864336013794
1.1956722736358643
0.7566221356391907
0.9304816722869873
1.0631529092788696
1.1661944389343262
1.2407188415527344
0.7449464797973633
0.8841437101364136
1.0272266864776611
1.1514469385147095
1.2221804857254028
0.86360102891922
1.0501043796539307
1.1420073509216309
1.1633667945861816
1.1691527366638184
0.6998655796051025
0.8564279675483704
1.01593017578125
1.1699347496032715
1.2460670471191406
0.7931936979293823
0.9756383895874023
1.1156848669052124
1.186849594116211
1.2227009534835815
0.6563700437545776
0.7989600300788879
0.9342523217201233
1.0664771795272827
1.1852270364761353
0.7444344162940979
0.9527390003204346
1.09835684299469
1.1787114143371582
1.2236757278442383
0.6814650893211365
0.8370970487594604
0.9952628016471863
1.1272753477096558
1.2225463390350342
0.7448310852050781
0.9071061015129089
1.0612993240356445
1.1801427602767944
1.2470893859863281
0.6747698187828064
0.8287360072135925
0.9784942865371704
1.079563021659851
1.154730200767517
0.6974566578865051
0.8709002137184143
0.9936234951019287
1.0906330347061157
1.1565437316894531
0.6829466819763184
0.8450731635093689
0.9901270866394043
1.1028350591659546
1.1605966091156006
0.675693690776825
0.8390116691589355
0.9854469895362854
1.0875509977340698
1.1541366577148438
0.7247786521911621
0.8929065465927124
1.002411127090454
1.1105732917785645
1.1794734001159668
0.6657012701034546
0.8343886733055115
0.9945746064186096
1.0904639959335327
1.1633919477462769
0.6805285811424255
0.8302196264266968
0.9537911415100098
1.080052375793457
1.1435344219207764
0.6756601929664612
0.808955729007721
0.9451618790626526
1.0543612241744995
1.134061574935913
0.6889280676841736
0.8135650157928467
0.9592011570930481
1.0664422512054443
1.1316601037979126
0.7116338014602661
0.8755587935447693
1.033474087715149
1.1164493560791016
1.176519513130188
0.6887602806091309
0.8730226755142212
1.0078457593917847
1.1053885221481323
1.1679391860961914
0.6685494780540466
0.811940610408783
0.9400239586830139
1.0477944612503052
1.130416989326477
0.6653002500534058
0.8058345913887024
0.9286880493164062
1.0332472324371338
1.1174839735031128
0.6747389435768127
0.8486599326133728
0.9929869771003723
1.1095588207244873
1.1693710088729858
0.6985126733779907
0.8342071771621704
0.9727683067321777
1.071653962135315
1.1280303001403809
0.672137439250946
0.8306300640106201
0.9644649624824524
1.0833168029785156
1.1528576612472534
0.6578092575073242
0.8331243395805359
0.9625383019447327
1.0857739448547363
1.1558481454849243
0.7037697434425354
0.843079686164856
0.9962034821510315
1.0955476760864258
1.1683803796768188
0.722461462020874
0.861730694770813
0.9762586951255798
1.071057915687561
1.1445389986038208
0.6686083674430847
0.8327274322509766
0.9755668044090271
1.0877125263214111
1.1585594415664673
0.6861528754234314
0.8294234871864319
1.0041416883468628
1.0973964929580688
1.1551487445831299
0.6653516888618469
0.8323350548744202
0.9543728828430176
1.0857939720153809
1.1478593349456787
0.7150051593780518
0.8646968007087708
0.9798676371574402
1.079958200454712
1.1516563892364502
0.7333842515945435
0.9154510498046875
1.0536409616470337
1.1322921514511108
1.1875441074371338
0.6786812543869019
0.8592222332954407
0.992070734500885
1.1013652086257935
1.1661832332611084
0.6852907538414001
0.8527635931968689
1.0285258293151855
1.1127724647521973
1.1779035329818726
0.6762608885765076
0.833991527557373
0.9784606695175171
1.0732454061508179
1.146125316619873
0.703887403011322
0.8489242196083069
1.0037785768508911
1.0979481935501099
1.1639118194580078
0.6848861575126648
0.83781498670578
0.9659258723258972
1.0747891664505005
1.1524006128311157
0.7184180617332458
0.8542782068252563
1.0015149116516113
1.1037571430206299
1.1687431335449219
0.5641043186187744
0.6915152072906494
0.8688479065895081
1.061758041381836
1.1634975671768188
0.5649331212043762
0.7220803499221802
0.94937664270401
1.0879676342010498
1.1807059049606323
0.5828468799591064
0.7116045355796814
0.9395997524261475
1.1735032796859741
1.2130069732666016
0.5224383473396301
0.6936082243919373
0.9177754521369934
1.1656841039657593
1.2036352157592773
0.546005368232727
0.7671359181404114
0.989628255367279
1.1190283298492432
1.1926897764205933
0.5427020788192749
0.7289262413978577
0.8797337412834167
1.0543633699417114
1.1598832607269287
0.5320570468902588
0.6716063618659973
0.8338463306427002
1.030925989151001
1.1480786800384521
0.5489727258682251
0.7269059419631958
0.9279649257659912
1.1024763584136963
1.1647257804870605
0.49605536460876465
0.7052368521690369
0.9004604816436768
1.0952082872390747
1.1622604131698608
0.5406432151794434
0.7895363569259644
1.0948312282562256
1.145969271659851
1.174432396888733
0.5885198712348938
0.8713359236717224
1.0844019651412964
1.21012544631958
1.216387391090393
0.5560450553894043
0.6221604943275452
0.8017483949661255
0.9334878921508789
1.0820268392562866
0.5394154191017151
0.6455270051956177
0.816689670085907
1.007117509841919
1.2177200317382812
0.5937659740447998
0.8657847046852112
1.0733222961425781
1.144925594329834
1.2077032327651978
0.5116207003593445
0.6562263369560242
0.7881308794021606
0.9720146656036377
1.136557698249817
0.5337178111076355
0.646211564540863
0.8110316395759583
0.961452305316925
1.1285067796707153
0.5587971806526184
0.7527647614479065
0.9499474167823792
1.0658425092697144
1.1810048818588257
0.5484094619750977
0.7607558369636536
0.9923070073127747
1.167290449142456
1.2307024002075195
0.5780045390129089
0.728001058101654
0.9335656762123108
1.1018493175506592
1.1980010271072388
0.5225950479507446
0.70196533203125
0.9240184426307678
1.0976696014404297
1.2066867351531982
0.513139009475708
0.6446694135665894
0.7984631061553955
1.026155710220337
1.145188331604004
0.528251588344574
0.7669379115104675
0.970973789691925
1.1358073949813843
1.2204267978668213
0.6214482188224792
0.7422841787338257
0.9375951886177063
1.0727578401565552
1.159912347793579
0.7343085408210754
0.9999740123748779
1.1058779954910278
1.1706206798553467
1.1706206798553467
0.5865899324417114
0.6373843550682068
0.8917332291603088
1.1249721050262451
1.20179283618927
0.5828345417976379
0.8683168888092041
1.1397517919540405
1.160723328590393
1.204185962677002
0.5582560896873474
0.6884713172912598
0.8384717702865601
1.050147533416748
1.1266663074493408
0.6067041158676147
0.8634899854660034
1.0987579822540283
1.1875743865966797
1.2122379541397095
0.5252380967140198
0.679532527923584
0.8629863858222961
1.1006516218185425
1.1898993253707886
0.5703573822975159
0.7417308688163757
0.9622722864151001
1.105422854423523
1.21849524974823
0.5838381052017212
0.7619374990463257
0.9349402189254761
1.0915933847427368
1.228793740272522
0.6140828728675842
0.82329261302948
1.0079760551452637
1.129271388053894
1.2148171663284302
0.608941376209259
0.8101518750190735
1.0130093097686768
1.1736953258514404
1.2557364702224731
0.6201180219650269
0.835412323474884
0.9936231374740601
1.1432169675827026
1.2377948760986328
0.7071036100387573
0.9020864367485046
1.059848666191101
1.1820313930511475
1.2259870767593384
0.6252784132957458
0.7601898908615112
0.9348288774490356
1.0888161659240723
1.2096234560012817
0.5740967392921448
0.7387251257896423
0.9351679086685181
1.0945426225662231
1.225459098815918
0.5791868567466736
0.7775012254714966
0.9729052782058716
1.1290452480316162
1.2076481580734253
0.5842307209968567
0.7522632479667664
0.9588909149169922
1.1287798881530762
1.2134956121444702
0.6623896360397339
0.9035358428955078
1.0836403369903564
1.1617112159729004
1.2049083709716797
0.6367154121398926
0.9238141179084778
1.1182185411453247
1.1988110542297363
1.2262189388275146
0.5636412501335144
0.6989616751670837
0.9105574488639832
1.0373764038085938
1.129416584968567
0.5570244193077087
0.7230724692344666
0.8930547833442688
1.0113214254379272
1.1870274543762207
0.7074543237686157
0.9060615301132202
1.0774742364883423
1.1718453168869019
1.216715693473816
0.587614119052887
0.7350445985794067
0.8800715804100037
1.0126683712005615
1.1642110347747803
0.5746920704841614
0.7025519013404846
0.8808631300926208
1.036143183708191
1.148789882659912
0.6144801378250122
0.834396481513977
1.0216470956802368
1.1562938690185547
1.2281628847122192
0.6175676584243774
0.8788102269172668
1.0721101760864258
1.1895781755447388
1.2445579767227173
0.6461312174797058
0.8379433751106262
1.0068129301071167
1.1552542448043823
1.2172951698303223
0.5995131134986877
0.7952235341072083
0.974632740020752
1.1562883853912354
1.2427502870559692
0.6082114577293396
0.7457175850868225
0.9297380447387695
1.0811635255813599
1.2001080513000488
0.567476212978363
0.7922021746635437
1.027830958366394
1.152862787246704
1.2228463888168335
0.628495991230011
0.8180426359176636
0.9945123195648193
1.1327183246612549
1.2195758819580078
0.8575291633605957
1.038368821144104
1.1302589178085327
1.1681362390518188
1.1745918989181519
0.5962075591087341
0.7883957624435425
0.9778506755828857
1.1464531421661377
1.23792564868927
0.7000485062599182
0.9285549521446228
1.117472529411316
1.1970223188400269
1.2251359224319458
0.5964015126228333
0.7573254704475403
0.923578143119812
1.0662068128585815
1.175071358680725
0.6791248917579651
0.906581699848175
1.0889458656311035
1.169285535812378
1.2149096727371216
0.580167829990387
0.7691376805305481
0.9456618428230286
1.1144061088562012
1.2156754732131958
0.6287307143211365
0.807659387588501
1.0178415775299072
1.174046516418457
1.241613745689392
