0.678378701210022
0.8629093766212463
0.9908649325370789
1.0867607593536377
1.1439216136932373
0.6991227865219116
0.8740453124046326
1.0176457166671753
1.0973235368728638
1.1572586297988892
0.6644046902656555
0.8272272348403931
0.9774372577667236
1.0811187028884888
1.1446846723556519
0.6789036989212036
0.863393247127533
1.0170669555664062
1.1064609289169312
1.1620908975601196
0.704307496547699
0.8932772278785706
1.0345945358276367
1.1263506412506104
1.1718271970748901
0.9105107188224792
1.0259363651275635
1.1052064895629883
1.1583096981048584
1.1874773502349854
0.6170146465301514
0.763863742351532
0.9116647243499756
1.027849793434143
1.1013556718826294
0.6155145168304443
0.776115357875824
0.9124804735183716
1.0219424962997437
1.095511794090271
0.6336420774459839
0.7770324349403381
0.9145330190658569
1.0150915384292603
1.1002252101898193
0.7286368608474731
0.9403358697891235
1.0931216478347778
1.1553767919540405
1.193196177482605
0.7402077317237854
0.9035261273384094
1.0374369621276855
1.1202327013015747
1.1706576347351074
0.5893315076828003
0.7320160269737244
0.8626328706741333
0.9736407995223999
1.0650959014892578
0.599689245223999
0.7327316403388977
0.8505696654319763
0.9624316096305847
1.0544310808181763
0.7116703987121582
0.9106127619743347
1.0320278406143188
1.1082608699798584
1.1619471311569214
0.6513556241989136
0.8147026300430298
0.9509721398353577
1.0391509532928467
1.1008024215698242
0.6569124460220337
0.8320127725601196
0.9651719927787781
1.0644620656967163
1.1271936893463135
0.7037983536720276
0.8736354112625122
1.0120621919631958
1.103615641593933
1.1520835161209106
0.6944857239723206
0.8589394688606262
0.9837905764579773
1.0794482231140137
1.1490694284439087
0.6929722428321838
0.8580335378646851
0.9983580708503723
1.0837737321853638
1.1457191705703735
0.6688970327377319
0.8418926000595093
0.987517237663269
1.0889288187026978
1.147169589996338
0.7552344799041748
0.9437416195869446
1.0402361154556274
1.1110810041427612
1.1645315885543823
0.6496014595031738
0.7909096479415894
0.9251379370689392
1.043769359588623
1.1220892667770386
0.6537226438522339
0.8366667032241821
0.9813114404678345
1.0811121463775635
1.1425141096115112
0.8170371055603027
1.015959620475769
1.13554847240448
1.1718991994857788
1.1955879926681519
0.724724292755127
0.9098773002624512
1.0406242609024048
1.1276932954788208
1.1710015535354614
0.7433038949966431
0.9257912635803223
1.05025315284729
1.1212701797485352
1.1800460815429688
0.6333404183387756
0.7917662262916565
0.9309431314468384
1.0434460639953613
1.113395094871521
0.7212585210800171
0.9003294110298157
1.0285872220993042
1.11166512966156
1.157149076461792
0.6700494885444641
0.8165326118469238
0.9678360223770142
1.071170687675476
1.1344407796859741
0.6767616868019104
0.8339713215827942
0.967609703540802
1.0819798707962036
1.138193964958191
0.6866170167922974
0.8340590596199036
0.9865208268165588
1.1496410369873047
1.278499960899353
0.6890775561332703
0.840189516544342
0.9753265380859375
1.1197009086608887
1.2847808599472046
0.6687412858009338
0.8183822631835938
0.9928303360939026
1.186301350593567
1.3131600618362427
0.6269885897636414
0.7717267274856567
0.9436613321304321
1.1263065338134766
1.2663319110870361
0.767415463924408
0.9221000671386719
1.1214865446090698
1.2631829977035522
1.3033233880996704
0.6861630082130432
0.8555929064750671
0.9964749217033386
1.1389669179916382
1.2434998750686646
0.6207215785980225
0.7461187243461609
0.8917756080627441
1.0672791004180908
1.2746775150299072
0.7222461700439453
0.8748453259468079
1.0390175580978394
1.1744413375854492
1.2629374265670776
0.6757400631904602
0.8177947998046875
0.9827149510383606
1.1699318885803223
1.2851303815841675
0.7703853249549866
0.8958235383033752
1.0777727365493774
1.2013225555419922
1.2701398134231567
0.7939052581787109
0.9857169985771179
1.1864303350448608
1.274638295173645
1.2999184131622314
0.560252845287323
0.6668395400047302
0.7913869619369507
0.9196706414222717
1.0741794109344482
0.621915340423584
0.7514902353286743
0.8961911201477051
1.0576635599136353
1.2241016626358032
0.7527914047241211
0.9221457839012146
1.0997836589813232
1.2411397695541382
1.291295051574707
0.5772725939750671
0.7018962502479553
0.8442484736442566
1.0038737058639526
1.1887199878692627
0.5706892609596252
0.6894881725311279
0.8116016387939453
0.9421607851982117
1.09831702709198
0.6717756986618042
0.8199353814125061
1.0022996664047241
1.191430926322937
1.2817778587341309
0.7396396994590759
0.9100732207298279
1.1178685426712036
1.2554683685302734
1.3098114728927612
0.6469342112541199
0.7813037633895874
0.9472823143005371
1.1527293920516968
1.288577914237976
0.6932256817817688
0.8421711325645447
1.0288723707199097
1.1982649564743042
1.3005344867706299
0.6098458766937256
0.7372751235961914
0.8780175447463989
1.028387188911438
1.2109979391098022
0.8136780858039856
0.9522631168365479
1.0769716501235962
1.1967973709106445
1.286292552947998
0.6729621291160583
0.8127209544181824
0.9846622347831726
1.1443841457366943
1.2553980350494385
0.891611635684967
1.050608515739441
1.1996358633041382
1.2306338548660278
1.2314605712890625
0.6604562997817993
0.8138024210929871
0.9946480989456177
1.2128885984420776
1.305907964706421
0.790661633014679
0.9655784964561462
1.154842734336853
1.24660325050354
1.2917580604553223
0.5935291051864624
0.7108113765716553
0.8423280119895935
1.0003893375396729
1.1778485774993896
0.7731751203536987
0.9728792309761047
1.1667559146881104
1.2507057189941406
1.2964712381362915
0.6530777215957642
0.7976742386817932
0.9795003533363342
1.1499842405319214
1.2720439434051514
0.7214073538780212
0.8815861940383911
1.0624197721481323
1.2252610921859741
1.3078906536102295
0.9010359048843384
1.0370731353759766
1.130883812904358
1.1945583820343018
1.2381916046142578
0.9697989821434021
1.0921928882598877
1.1665722131729126
1.209248423576355
1.240108847618103
0.9075902700424194
1.0595908164978027
1.144380807876587
1.2016780376434326
1.238695740699768
0.9261902570724487
1.0845246315002441
1.1487752199172974
1.20665442943573
1.236352801322937
0.874473512172699
1.0373591184616089
1.1372804641723633
1.2041748762130737
1.2411019802093506
1.0219063758850098
1.1295806169509888
1.1827670335769653
1.2158632278442383
1.2405734062194824
0.8124871850013733
0.9733341932296753
1.0829704999923706
1.1722469329833984
1.2138992547988892
0.79006427526474
0.920077383518219
1.0598938465118408
1.1331602334976196
1.1938570737838745
0.8314969539642334
0.971782386302948
1.083634614944458
1.1509616374969482
1.1991575956344604
0.9641768336296082
1.114174723625183
1.1921837329864502
1.229514241218567
1.2610188722610474
0.9643331170082092
1.1008930206298828
1.170140027999878
1.2214223146438599
1.2515573501586914
0.7736591100692749
0.9232000112533569
1.0527863502502441
1.1330068111419678
1.185388445854187
0.8262907266616821
0.9718052744865417
1.0743087530136108
1.1462918519973755
1.2028236389160156
0.9037845730781555
1.0697367191314697
1.1534005403518677
1.2105839252471924
1.2410839796066284
0.9092152714729309
1.021058201789856
1.0852669477462769
1.1526473760604858
1.1935646533966064
0.8766840696334839
1.0309979915618896
1.1243020296096802
1.1847349405288696
1.2268357276916504
0.893206775188446
1.0502065420150757
1.1270315647125244
1.1837502717971802
1.2238434553146362
0.8651441931724548
1.0156924724578857
1.1326662302017212
1.1985148191452026
1.247973918914795
0.9372914433479309
1.061772108078003
1.1355241537094116
1.1917893886566162
1.2354753017425537
0.8685864806175232
1.0384613275527954
1.1271421909332275
1.1911898851394653
1.2389323711395264
0.9502997398376465
1.086488127708435
1.1620253324508667
1.2054944038391113
1.2331167459487915
0.7954409122467041
0.9458568096160889
1.0684362649917603
1.16045343875885
1.207963228225708
0.8478432893753052
1.0084565877914429
1.107042670249939
1.1651155948638916
1.1983593702316284
1.0000661611557007
1.141391634941101
1.205939769744873
1.233458399772644
1.2591995000839233
0.9189909100532532
1.0570387840270996
1.151423454284668
1.2023026943206787
1.2381839752197266
0.9259918928146362
1.0795519351959229
1.174417495727539
1.2229503393173218
1.255373239517212
0.8593981266021729
1.0324218273162842
1.1170082092285156
1.1755372285842896
1.2257859706878662
0.8927663564682007
1.0469262599945068
1.1506966352462769
1.204343557357788
1.2416728734970093
0.8254424929618835
1.0050017833709717
1.1030117273330688
1.1718531847000122
1.2166213989257812
0.8504414558410645
0.9961276650428772
1.1047719717025757
1.1894999742507935
1.2431379556655884
0.6672850251197815
0.7779059410095215
0.9559640884399414
1.140777587890625
1.2279415130615234
0.6606373190879822
0.8378409743309021
1.0636932849884033
1.17842698097229
1.2471165657043457
0.669917643070221
0.8159874677658081
1.0399490594863892
1.2390166521072388
1.2769520282745361
0.6258699893951416
0.8099687099456787
1.0563970804214478
1.2129193544387817
1.2351011037826538
0.6193524599075317
0.8209024667739868
1.0617387294769287
1.1841208934783936
1.240990161895752
0.6754422187805176
0.8795827627182007
1.0402820110321045
1.1574121713638306
1.2214242219924927
0.5906267762184143
0.7311495542526245
0.9092368483543396
1.1098668575286865
1.2026575803756714
0.6040551662445068
0.766623854637146
0.978207528591156
1.1639398336410522
1.2176399230957031
0.5588109493255615
0.7877466082572937
1.0043901205062866
1.1683599948883057
1.2167106866836548
0.6087398529052734
0.858531653881073
1.162204623222351
1.1934552192687988
1.2181990146636963
0.7249287366867065
1.0051261186599731
1.1690012216567993
1.244597315788269
1.2544468641281128
0.5723414421081543
0.6516530513763428
0.818069577217102
1.0008410215377808
1.1583187580108643
0.6147883534431458
0.7584827542304993
0.9370843172073364
1.1279665231704712
1.2547208070755005
0.7259728908538818
1.0007225275039673
1.1597704887390137
1.205659031867981
1.2424978017807007
0.5309882164001465
0.6812092065811157
0.8384512662887573
1.0508867502212524
1.193524956703186
0.5943328142166138
0.7127998471260071
0.8839359283447266
1.0784155130386353
1.1922118663787842
0.6373825669288635
0.8596150279045105
1.0745853185653687
1.1517664194107056
1.227931022644043
0.6189639568328857
0.832179844379425
1.072343111038208
1.2302587032318115
1.2768821716308594
0.6651711463928223
0.8297098875045776
1.049443244934082
1.1843219995498657
1.2466808557510376
0.5542401075363159
0.7521378993988037
1.0042929649353027
1.160017490386963
1.2452030181884766
0.6451137661933899
0.8003565073013306
0.9414090514183044
1.1505696773529053
1.214612364768982
0.5789703130722046
0.8407522439956665
1.0400530099868774
1.1826305389404297
1.2451229095458984
0.6192945241928101
0.7902050018310547
1.010925531387329
1.1323469877243042
1.2027827501296997
0.8467327356338501
1.1090213060379028
1.1837482452392578
1.2034803628921509
1.2034803628921509
0.6125580668449402
0.6743487119674683
0.9556198716163635
1.1826324462890625
1.2438850402832031
0.7107316255569458
0.9978687167167664
1.202355146408081
1.2193164825439453
1.2536746263504028
0.6102550625801086
0.7608940005302429
0.9103438258171082
1.1231311559677124
1.1948634386062622
0.6779776215553284
0.958733320236206
1.1536133289337158
1.2306948900222778
1.2533683776855469
0.5596369504928589
0.7188819646835327
0.9363136887550354
1.1545242071151733
1.2271682024002075
0.6116312146186829
0.7928257584571838
1.0460220575332642
1.1945853233337402
1.277687668800354
0.634078323841095
0.8146775364875793
0.9960786700248718
1.1675623655319214
1.288008689880371
0.745991051197052
0.9228907227516174
1.0870102643966675
1.2142283916473389
1.2966513633728027
0.7046841979026794
0.8972423672676086
1.0844630002975464
1.2429932355880737
1.3119828701019287
0.7043811678886414
0.9286973476409912
1.0727660655975342
1.1978003978729248
1.2796680927276611
0.7205742001533508
0.9285440444946289
1.1180305480957031
1.253308653831482
1.3002384901046753
0.9379346370697021
0.9564928412437439
1.0542585849761963
1.1715179681777954
1.2685445547103882
0.6316117644309998
0.7983748316764832
0.9936267733573914
1.150164008140564
1.2765859365463257
0.6239753365516663
0.814629316329956
1.0185761451721191
1.1613348722457886
1.2626638412475586
0.6367121934890747
0.8288044929504395
1.0144764184951782
1.1904469728469849
1.295870065689087
0.7178414463996887
0.9601263999938965
1.1199806928634644
1.218273639678955
1.2751741409301758
0.7578209638595581
1.0131503343582153
1.1953939199447632
1.2822962999343872
1.305191159248352
0.5905466675758362
0.7415227293968201
0.9292115569114685
1.0665326118469238
1.165980339050293
0.6179839968681335
0.789826512336731
0.9819665551185608
1.101233720779419
1.2364720106124878
0.8231229186058044
1.0168976783752441
1.1656725406646729
1.254063606262207
1.2938109636306763
0.6256393790245056
0.7956715226173401
0.933369517326355
1.0629392862319946
1.2183247804641724
0.6245679259300232
0.7834792733192444
0.9630246162414551
1.0946834087371826
1.2007144689559937
0.6903302073478699
0.9091212749481201
1.0846525430679321
1.2177841663360596
1.2809395790100098
0.7104004621505737
0.9197984933853149
1.1229257583618164
1.2532252073287964
1.3088628053665161
0.7352960109710693
0.9167329668998718
1.0813045501708984
1.2054134607315063
1.2838928699493408
0.6755646467208862
0.8544943332672119
1.0449036359786987
1.2087571620941162
1.3039343357086182
0.7503046989440918
0.8779408931732178
1.025655746459961
1.1648527383804321
1.2483956813812256
0.6324359774589539
0.8453901410102844
1.0759679079055786
1.2085860967636108
1.2952455282211304
0.6461573839187622
0.8555253744125366
1.0151283740997314
1.1504058837890625
1.2546848058700562
0.9108489155769348
1.097489833831787
1.2014743089675903
1.2441550493240356
1.2626521587371826
0.6974195837974548
0.8906910419464111
1.0413782596588135
1.1986091136932373
1.3031998872756958
0.7919989824295044
1.0080652236938477
1.1789782047271729
1.2636425495147705
1.302336573600769
0.6542950868606567
0.8134084343910217
0.9978931546211243
1.134718418121338
1.2365353107452393
0.7714477181434631
1.027086853981018
1.1812238693237305
1.2583680152893066
1.299159049987793
0.6310668587684631
0.8126092553138733
1.0101550817489624
1.1745761632919312
1.27354097366333
0.6843996644020081
0.8650281429290771
1.0874487161636353
1.2338532209396362
1.3084385395050049
