0.1715297508281175
0.25959793014580157
0.35901322366731847
0.42551558590816185
0.4804426052875357
0.1831978042494633
0.2678550323764739
0.3523297248200521
0.41908928116305333
0.47853247978436286
0.17304931241202226
0.24778163026528333
0.340556453411466
0.4230779023875044
0.4944348906764304
0.17404616609297818
0.2632780001051884
0.3598785169109
0.4292434639974232
0.4916182600964589
0.1775530031057002
0.2665855320856316
0.37479193178639036
0.46924656132194187
0.5280213480508031
0.16767260574955944
0.2535463882317721
0.3544920461304315
0.4136606706634929
0.469762305708489
0.16537036033576502
0.22747788136672753
0.30687137945621146
0.3861124023184779
0.4668194990835026
0.1626916757505379
0.22634316609195881
0.3053014443196531
0.3967187188245589
0.48379149491697504
0.1623934807107652
0.22138617209071754
0.29599712388341004
0.3755201900076486
0.4503405974711292
0.1852216999032521
0.2940889514556524
0.40010223619760055
0.4575359974944071
0.5011391859856218
0.1839532700532942
0.27587336768432635
0.3799785774938904
0.4499536489481706
0.5075671214246178
0.15495755015587065
0.21327507573700188
0.2803046157496283
0.3603040049257835
0.43983553253055163
0.1545799063555373
0.21048608032728922
0.2768727617670983
0.35391304517498057
0.4325450664039323
0.18081302228526752
0.2983397545264985
0.4129094043792634
0.46276445662842036
0.49858089533250904
0.16032360687472025
0.22437979096243144
0.30010868092409737
0.3694991767934006
0.4354396246731653
0.16301577307136572
0.2348151578962785
0.3218248511672108
0.3949407574761068
0.45972631648743345
0.17021670967864466
0.24826423668179132
0.34134580256454683
0.4307955007689088
0.5035922658696599
0.18307666898380237
0.26569202140400705
0.35658815564412194
0.43467558546996443
0.5095627062291932
0.17783428392228107
0.2584627652540803
0.3508420234371421
0.41640397554169795
0.4679002161401655
0.1671266554525097
0.23547328561707914
0.3307045036659453
0.4351398104793134
0.5025731468780492
0.1663299518055661
0.24575835090253495
0.340013141579508
0.40577586527962595
0.467866702564411
0.16474784357706085
0.22987377645848994
0.31521426113159023
0.41092490389225134
0.48881884315414936
0.1648543100329789
0.23785345605457398
0.3330930259943585
0.4335001343849889
0.5157507513192883
0.184595467869074
0.304675492472839
0.41793056422350006
0.4767869864195404
0.5082183971676422
0.17948914252146153
0.28295748259985487
0.3858965802642764
0.46099667143950285
0.5174485300153187
0.19416030251964234
0.30732019981064695
0.41983703145604423
0.46336020446246096
0.5001974182072821
0.16913163268491704
0.23750388070158923
0.31802152087779234
0.39956455873506513
0.4836020500263203
0.19339548879893087
0.3074991190758034
0.41273163134920665
0.463837711920835
0.502874978530631
0.1628987635414525
0.2253808959305923
0.3179113467325898
0.42232572088167686
0.49869167445672247
0.1733987517585689
0.2500397578786284
0.3390515024132448
0.42826673041077257
0.5032086116911536
0.20282023742449784
0.28593561757611496
0.39587356554058317
0.5552759263103759
0.6787582465494815
0.21688548413590159
0.29500454960555444
0.4017945087963568
0.5456496468742991
0.6600298569505334
0.21871302080683463
0.3080825708345891
0.43375902731853344
0.6147743874749381
0.7130492902808925
0.20471548574821785
0.28698709546938517
0.4053379031975055
0.5572987591705356
0.6656989828600359
0.2219294279907027
0.3182377569777515
0.4834677614626912
0.6051890285707628
0.6601847264261238
0.1931976898056611
0.27089884818002474
0.3684204825922279
0.5113738782538348
0.6294554533657362
0.19354343245834205
0.2635700924707294
0.35955427623412106
0.4968190095276128
0.6759690289769082
0.23245737475619777
0.32855918219992475
0.46547404013337257
0.6049479349545805
0.6971798733860766
0.211272679551314
0.2942586100666098
0.4119784550067038
0.5534610842915413
0.6609099198488231
0.2224876035276404
0.32186468468127316
0.46117661687370415
0.569451008145311
0.6231925137652219
0.2667668893573172
0.39855410476229736
0.5553349116568462
0.6332553782498316
0.657048271104955
0.16671045762965608
0.22237954385449488
0.29769184469785515
0.3900492079539255
0.5233909488425503
0.1906121691380145
0.2614052272906662
0.3547584702191422
0.4793714263097435
0.6189493314253447
0.23175871265506487
0.3389827866895736
0.481542277999214
0.5927208078376225
0.643746559781281
0.1795354580410482
0.24554000705743206
0.3323032498340126
0.4523782133659928
0.6109706764040226
0.17128732178131045
0.23564833426836262
0.3133240223833269
0.4149083603265922
0.5542772047690256
0.236137200299936
0.3313976003869925
0.4715513867289509
0.6358227070329328
0.7023503939449824
0.25278361317901954
0.3562099033160848
0.5141402960564392
0.6379970605810428
0.6923847129403384
0.20147678853703965
0.27778253858210533
0.38452204061067974
0.5379864932245972
0.6331138496862856
0.22379598210065765
0.3129317189398684
0.45030363902407444
0.6038664798039441
0.6899276878257297
0.1772811300783994
0.24338957558200125
0.33141063933796033
0.45222805045695225
0.6150826871533042
0.2442724861482768
0.35328130335517827
0.4744491858618858
0.5951692875570735
0.678845855106406
0.2385151844988096
0.3299685110338011
0.4630717737714498
0.6065413402402555
0.6968226825225408
0.2621493349880808
0.416480057846659
0.5225739442394115
0.5517224382695076
0.5612622163781111
0.2057069365635158
0.28601402895846206
0.4108794368939961
0.6070952638442897
0.709537365907412
0.2581942938580859
0.37202723062606324
0.5096668690009132
0.5955904773271783
0.633830761683388
0.1912067084291813
0.2601557438673616
0.3505050830825809
0.4834922967461921
0.6545813264610842
0.2323200576482174
0.34026349930377364
0.47666763897667863
0.5757948528409997
0.6290649991480599
0.2088956792575667
0.29017050975841485
0.41352313397911544
0.5667042319967095
0.6863588729568768
0.22855593135493368
0.32565500688237137
0.4670144263631215
0.6227104035693607
0.699607588991146
0.25919339036670763
0.36039417083316394
0.4604437796508911
0.5407231612361016
0.614958348390303
0.28186759598396804
0.38205709975569846
0.47501444672617765
0.5509172265759652
0.6138478039757764
0.26622484779312927
0.3695965011283988
0.4674614545840541
0.5544349266429549
0.6130005974319239
0.25779690231571806
0.3607379781419837
0.4528245198389982
0.5485447614860028
0.6115922483659553
0.25471451437732995
0.35754653288563887
0.4504094786239108
0.5411132274125272
0.6181400360708587
0.2592853449133514
0.36697244802871865
0.46385476160793715
0.5351551674515953
0.6134270219347151
0.2518003095366481
0.34090138542427795
0.4376363961150709
0.5328671337426982
0.5993183955470158
0.23976626845552662
0.32550216545473987
0.4298552201746588
0.5207786428042347
0.602160032019615
0.24131354092640223
0.32966878570207214
0.42493979714004126
0.5146786021214211
0.5848373719237578
0.2717388564270209
0.3798391186661867
0.47712247387540074
0.5456109902552839
0.6137378787233416
0.27010666662463123
0.3823971541820015
0.47883286177329865
0.5583406376545099
0.6160479082996204
0.23833767731709088
0.3251889084967843
0.42751556035364047
0.5111277996255161
0.5962960439049461
0.24942791445077805
0.33440186654107507
0.4327053344329812
0.5108014340966385
0.5885966525806943
0.26663557462194376
0.3755781217621781
0.4607551804525798
0.5433484903115051
0.6041853755694468
0.2457263510066845
0.3401963295937236
0.42829497160116503
0.511924040127326
0.5843222214028607
0.24416238097369902
0.3461541069992222
0.44461281039446376
0.5435687192568004
0.6177021386552184
0.2548724092636725
0.3489456090773366
0.44867673298555033
0.5390890273969404
0.6162607889841674
0.26224803912925054
0.3553554300576742
0.4570058158244592
0.5451485378947076
0.6223584417420547
0.2651496002863638
0.35677041465342896
0.44325206623770796
0.5264250453515196
0.5950478058151845
0.2508448335195368
0.34511385183606436
0.4438371879654177
0.54084755681831
0.6183699638606868
0.262101546152568
0.3666628558503362
0.47035796120227147
0.5443095289873021
0.6037003019605756
0.23836619508443846
0.32577862585094763
0.4224020323330393
0.5283106236016124
0.5931807930012134
0.24923636308067731
0.3394221320491262
0.4413662722844016
0.5375532421777827
0.6087954773596529
0.2781659298173089
0.3977251910014843
0.49891124877490256
0.5600348955997703
0.6136443052542404
0.2671471640076142
0.37431595999102285
0.47692898818002405
0.558092500058379
0.6259257318572828
0.28115869190629894
0.4022204219609513
0.49740710730819515
0.5579445878412379
0.6174274660600219
0.2551212049598348
0.36099492054439963
0.4572364074833537
0.5400761668924225
0.6209979014229816
0.2740027282834525
0.37409616957353364
0.47439507580580553
0.5472483578806795
0.6060582913406165
0.24389673445604476
0.34371192413438223
0.4420148183996595
0.5359499155347613
0.6134930338978393
0.25731581648871327
0.3455269491071391
0.45068657645885324
0.5434593901326288
0.6207268172955906
0.1597422827789794
0.21989982264045693
0.34219408190944023
0.5184343740439203
0.6216114876256285
0.17641989153668192
0.268086135317791
0.4048159070989641
0.5180749655155523
0.6241243313776614
0.1867531385356367
0.2743392322233973
0.41913520014361794
0.6133010768544409
0.66286891142353
0.16372606830147163
0.26289364454351016
0.39463680580462324
0.5935853895459822
0.6306650313584363
0.1404087183639149
0.24541352370417346
0.422665650388808
0.5552126804435922
0.6500965967093499
0.1634471433961302
0.26787668825960864
0.3669564164954551
0.5013086547649124
0.6078203429639792
0.1495049950801297
0.22373231731309318
0.3342403696038332
0.4985782017684528
0.5975692726445381
0.16235867828509587
0.24464044916430172
0.4005961352860119
0.5934017153714457
0.6575097569153208
0.13945191156651138
0.2530990924589247
0.39873068001851664
0.5525472008792498
0.6242971584556614
0.14434075066971275
0.2549977851976024
0.4696405729922084
0.536645170712692
0.5851016888255032
0.17670656265380913
0.3391887464704837
0.49410593903121836
0.6508489277582754
0.6596946108027204
0.16267092853973963
0.194626189265116
0.30129370550008616
0.4351258919194301
0.572844124060353
0.16529787039372934
0.24965524646235338
0.3739403718783798
0.5016704752984538
0.6484604709499422
0.1900423301951628
0.3336888310629007
0.4694974551051736
0.5441230042117837
0.624148346788175
0.137431041770256
0.20814767534500422
0.29393304317327207
0.4297601076401101
0.5836422642716208
0.15101514203992394
0.20372696803230284
0.3112056703061086
0.44912608355653916
0.5871843919800455
0.17863872385608293
0.2912867395083687
0.4303947549503029
0.5268454827388247
0.6486235779271432
0.1530825670741729
0.27277282636507394
0.44869677564953747
0.6184938032645313
0.6988127298402311
0.17359257621699786
0.2584524018877552
0.37792609748557027
0.5195963521226901
0.6140071523590827
0.14765240275806946
0.23420000558191134
0.40140681045456006
0.5397053035702051
0.6540916566169841
0.14603431320538451
0.2272426702384145
0.3197975543591838
0.4712427411482736
0.5696080850982277
0.1530742883111067
0.28230693390876027
0.44175188830536527
0.5888916397431245
0.6891813969378155
0.17686284450335066
0.2705477817219162
0.408438772804832
0.547831690876265
0.6440591693900934
0.225482125258182
0.39429419534423005
0.5010190223016622
0.5755114847521305
0.5755114847521305
0.16852521634763562
0.18884723804575376
0.35747725069515823
0.5678384903097857
0.6657330254538465
0.1871766872548699
0.3626542819419889
0.5351840332657645
0.5585235252405916
0.6229599974435729
0.16732408683575173
0.24223193089060047
0.3459534752042295
0.5133956310039913
0.5948649168773024
0.17474227354714245
0.33599659251351355
0.4922266903300887
0.5982974020617462
0.6412213042932855
0.1489943031635912
0.2252041599411001
0.35816002994403107
0.560072453994426
0.650228956200877
0.1548694116059659
0.2533659224187801
0.4266047176930101
0.5640753793670683
0.6826609203199077
0.17091281222612054
0.26545931185752636
0.3949469006331583
0.5517865476536485
0.6946557258643793
0.21859072169081983
0.34398447445895286
0.47641837448324864
0.5949993453251388
0.6718950005168978
0.20411991753142988
0.3277304421021796
0.4694143064423919
0.6260551359638988
0.7190402980569424
0.21309088101496432
0.3495466109015979
0.4616610168844524
0.5882313368489491
0.6807091685327329
0.21854229088661725
0.33724008834633423
0.47774873069398893
0.6199035955559253
0.6696462179423044
0.18948042735960158
0.2753965249474142
0.39544023215569624
0.5317399499947584
0.6586622936418429
0.17625154387070907
0.27238937600272095
0.41102379374569864
0.5419588971546183
0.6837301040278021
0.17519252205124847
0.28789317852698915
0.4429811515034352
0.6029953657981793
0.7102632492366325
0.17126361617464259
0.28296135073830797
0.42924166765417127
0.5846186877761284
0.6823878219871062
0.20981625733215026
0.3413812542135908
0.4776254731670093
0.5874859692657743
0.6400628677547502
0.21718507353240568
0.3984181248216636
0.5484797812793865
0.6426033309589094
0.672736100320126
0.16708837700807866
0.23841226361217682
0.37454413190461366
0.49507072690218834
0.6009867133728939
0.16786181193450123
0.27010363082844435
0.40374656356476635
0.502193851648375
0.6316091433547086
0.2576321742213281
0.3760580385351773
0.5111103283343823
0.6153216772367074
0.6502395301618549
0.1684691874688724
0.25464087892260423
0.35312813147811895
0.4707707605016118
0.6252578912015139
0.16677468834246056
0.25226753201659236
0.3744552037002826
0.5024663315113145
0.610507010134004
0.19940779123504004
0.3456323470206968
0.49270503650308584
0.6370873858429924
0.7124536910637858
0.2055118540028822
0.3485169603800955
0.5122970939018536
0.6489392899435451
0.7053228072658477
0.21907306509686553
0.3229169371318221
0.44453229278593653
0.5637091630889337
0.6410184712731279
0.18759741122874463
0.2942679220162212
0.43619772125058276
0.6033450508127238
0.7039038748628776
0.1812695736048795
0.28169148841161373
0.3982870582099487
0.5215665212099339
0.6390385045519373
0.17265148154024246
0.3079046725506487
0.4921739174984765
0.6173686423554869
0.696688349101354
0.1884793481704614
0.3215218860796085
0.4625164225417997
0.6093133934055004
0.716912014317618
0.27704145868825947
0.4221116982410109
0.5296105243995477
0.5797250348320091
0.5939832333847903
0.19124077485707236
0.2952634029866772
0.4228673326341692
0.6081369342084066
0.7205456342407821
0.24366715599569844
0.3864669287139719
0.5282270989564495
0.6260740949774259
0.6569322244655531
0.19180000686732512
0.2953380945724895
0.4280575249603693
0.5543430600206456
0.6746405591967211
0.23634002255745745
0.3765492343213772
0.5056137652311499
0.6011178574318023
0.6402675526760646
0.17894085685201677
0.27501698564380206
0.4059689199883145
0.5727825920587293
0.6976783418858226
0.18769653298603828
0.30784593572229824
0.4700141545825751
0.6328310296741826
0.7073936253499511
