0.545382022857666
0.7660995721817017
0.9300958514213562
1.0457009077072144
1.111082911491394
0.5770361423492432
0.7832629084587097
0.9650801420211792
1.0667773485183716
1.1331260204315186
0.5214181542396545
0.7290371060371399
0.9107827544212341
1.0426143407821655
1.1142547130584717
0.5645945072174072
0.7867629528045654
0.9702557921409607
1.075074315071106
1.1376333236694336
0.5796541571617126
0.8128180503845215
0.9920567870140076
1.0970182418823242
1.1466162204742432
0.8000244498252869
0.9645336270332336
1.06658136844635
1.1258224248886108
1.1600865125656128
0.482162743806839
0.6582265496253967
0.843442976474762
0.9851065278053284
1.0701675415039062
0.4501369595527649
0.6315482258796692
0.8072813153266907
0.9619903564453125
1.0593560934066772
0.47321006655693054
0.6397362351417542
0.8272784948348999
0.9665343165397644
1.068943977355957
0.6419317722320557
0.8831593990325928
1.0636802911758423
1.1324222087860107
1.1695585250854492
0.6183018088340759
0.8167181611061096
0.9897703528404236
1.0870436429977417
1.142155408859253
0.41820189356803894
0.5883172154426575
0.7617464661598206
0.9032918214797974
1.0263404846191406
0.4293859004974365
0.5874158143997192
0.7542022466659546
0.8997970819473267
1.0131547451019287
0.6278817057609558
0.8569449186325073
0.9957865476608276
1.0777207612991333
1.13491690158844
0.49703165888786316
0.6893936395645142
0.8666691780090332
0.9831346869468689
1.0626013278961182
0.49577292799949646
0.7158697843551636
0.8881976008415222
1.017408013343811
1.0931687355041504
0.5362887382507324
0.7604901194572449
0.9456548094749451
1.0682989358901978
1.1254690885543823
0.5476422905921936
0.75203937292099
0.9138571619987488
1.0401660203933716
1.1200761795043945
0.5575288534164429
0.7705666422843933
0.9447847008705139
1.0483407974243164
1.1182740926742554
0.5236155986785889
0.7393882274627686
0.9283064603805542
1.0513859987258911
1.119568109512329
0.6038228869438171
0.8551448583602905
0.9860348701477051
1.0764272212982178
1.1374425888061523
0.4965497851371765
0.6745572686195374
0.8530565500259399
0.9944560527801514
1.0892486572265625
0.4964299499988556
0.7272486090660095
0.9170382022857666
1.0471683740615845
1.1180654764175415
0.7008520364761353
0.9615490436553955
1.1048204898834229
1.1462340354919434
1.1729497909545898
0.6090176105499268
0.8246681094169617
0.9956818222999573
1.0983442068099976
1.1464569568634033
0.6463441848754883
0.8608472943305969
1.0100771188735962
1.0879930257797241
1.1522114276885986
0.4925210177898407
0.6782845258712769
0.8660593032836914
1.0039958953857422
1.0876250267028809
0.6252489686012268
0.8226242065429688
0.9834641814231873
1.0800341367721558
1.130629062652588
0.5089960694313049
0.70482337474823
0.8960525989532471
1.025956392288208
1.103931188583374
0.5129421353340149
0.707076907157898
0.892019510269165
1.032687783241272
1.1043965816497803
0.4908376634120941
0.6908690929412842
0.9054140448570251
1.120613694190979
1.2504773139953613
0.49741482734680176
0.6945322751998901
0.893072783946991
1.0905559062957764
1.2558540105819702
0.4949299991130829
0.6970608234405518
0.9335634112358093
1.1630632877349854
1.2757036685943604
0.44991347193717957
0.638249397277832
0.869072675704956
1.0966390371322632
1.2376255989074707
0.5624799132347107
0.7857600450515747
1.0776355266571045
1.2340320348739624
1.2644407749176025
0.5025846362113953
0.7314414381980896
0.929328203201294
1.111287236213684
1.2206943035125732
0.4280935227870941
0.5929684042930603
0.7983394861221313
1.0284979343414307
1.2478314638137817
0.5186110734939575
0.7286460399627686
0.9706314206123352
1.1495078802108765
1.2383451461791992
0.47893890738487244
0.6778886318206787
0.9181414246559143
1.1460083723068237
1.2567459344863892
0.5685853362083435
0.7749578356742859
1.0341739654541016
1.1775994300842285
1.2379568815231323
0.6328225135803223
0.9057180285453796
1.1595276594161987
1.2464544773101807
1.266271948814392
0.34927335381507874
0.47965165972709656
0.649333119392395
0.8314897418022156
1.0359032154083252
0.42166227102279663
0.5920443534851074
0.7952648997306824
1.0108741521835327
1.204445242881775
0.5673057436943054
0.8008266091346741
1.060707688331604
1.2173938751220703
1.257310390472412
0.39340072870254517
0.5506623387336731
0.7414701581001282
0.9534856677055359
1.1684058904647827
0.3667774498462677
0.5171452760696411
0.6843057870864868
0.8679474592208862
1.0664278268814087
0.4928417205810547
0.688127875328064
0.9357976317405701
1.1691184043884277
1.2532881498336792
0.5617519021034241
0.8018398284912109
1.0832509994506836
1.2307746410369873
1.2740154266357422
0.454097181558609
0.6352179050445557
0.8679389953613281
1.1273330450057983
1.257275938987732
0.5029524564743042
0.7091646194458008
0.97084641456604
1.1768732070922852
1.2669906616210938
0.41417402029037476
0.5812727212905884
0.7757984399795532
0.9797433018684387
1.1890374422073364
0.6289849877357483
0.8494645357131958
1.0381189584732056
1.1798611879348755
1.2569382190704346
0.4831143319606781
0.6706884503364563
0.9161995649337769
1.1233909130096436
1.230320692062378
0.7614102363586426
0.9989915490150452
1.1787935495376587
1.2103372812271118
1.2080408334732056
0.48910990357398987
0.685571014881134
0.9261168837547302
1.1928197145462036
1.2700178623199463
0.6265897154808044
0.8732258677482605
1.1266697645187378
1.2243568897247314
1.260779619216919
0.40241923928260803
0.5548076033592224
0.7341663837432861
0.9490399956703186
1.1571550369262695
0.599125862121582
0.8764317035675049
1.1421796083450317
1.2268402576446533
1.2632875442504883
0.4521166980266571
0.6452295184135437
0.9028938412666321
1.1227787733078003
1.2459744215011597
0.5335251688957214
0.7555792331695557
1.0093249082565308
1.2027686834335327
1.270237922668457
0.8244496583938599
0.9884790778160095
1.0993114709854126
1.1678788661956787
1.212281584739685
0.9035096764564514
1.0615978240966797
1.1441881656646729
1.1861472129821777
1.2145522832870483
0.8185751438140869
1.0164824724197388
1.1152456998825073
1.1762911081314087
1.214952826499939
0.8587226867675781
1.0450342893600464
1.1219556331634521
1.1801140308380127
1.2091078758239746
0.775351881980896
0.9929689168930054
1.1028937101364136
1.1739879846572876
1.2120907306671143
0.9622640013694763
1.0971215963363647
1.155234456062317
1.1891337633132935
1.212435245513916
0.7155356407165527
0.9181848764419556
1.0493122339248657
1.1452361345291138
1.188320279121399
0.6291069388389587
0.8172051310539246
1.003716230392456
1.1004118919372559
1.1678210496902466
0.7062342166900635
0.9074568748474121
1.0430409908294678
1.1238518953323364
1.1750922203063965
0.9164628982543945
1.088322639465332
1.164003610610962
1.2013847827911377
1.2285672426223755
0.9050161838531494
1.0668787956237793
1.1429401636123657
1.1926484107971191
1.2203911542892456
0.6344313621520996
0.8415824770927429
1.0065577030181885
1.1001746654510498
1.1614147424697876
0.7099684476852417
0.8960249423980713
1.0340750217437744
1.1154634952545166
1.1759939193725586
0.8601192831993103
1.0358248949050903
1.1233254671096802
1.180069088935852
1.208777666091919
0.7841877341270447
0.9532498121261597
1.0464296340942383
1.122046709060669
1.1678355932235718
0.7613850235939026
0.9721720218658447
1.0875535011291504
1.1562198400497437
1.2012161016464233
0.7933265566825867
0.9949787855148315
1.0957903861999512
1.1584805250167847
1.199047327041626
0.755205512046814
0.9522714614868164
1.0964933633804321
1.1706589460372925
1.2208850383758545
0.8611286878585815
1.0204640626907349
1.1043312549591064
1.1635782718658447
1.207338809967041
0.7688486576080322
0.9868970513343811
1.0931357145309448
1.1637682914733887
1.2128316164016724
0.8819583058357239
1.0539261102676392
1.1367298364639282
1.1814504861831665
1.207641363143921
0.6573149561882019
0.8710391521453857
1.0292452573776245
1.135058045387268
1.185126543045044
0.7500988841056824
0.950203537940979
1.0750515460968018
1.140573263168335
1.1739211082458496
0.9414886236190796
1.112882137298584
1.180014729499817
1.2047853469848633
1.227519154548645
0.8503645062446594
1.021810531616211
1.1249327659606934
1.178024411201477
1.2116984128952026
0.857280433177948
1.0425803661346436
1.1458981037139893
1.1934739351272583
1.2237650156021118
0.7752012014389038
0.9825292825698853
1.0901316404342651
1.153870701789856
1.2022274732589722
0.820652961730957
1.009523868560791
1.1240980625152588
1.179052472114563
1.2131657600402832
0.700918972492218
0.9453402757644653
1.0653607845306396
1.1432770490646362
1.1911766529083252
0.7307641506195068
0.9287444353103638
1.0715105533599854
1.1612629890441895
1.2183706760406494
0.47459766268730164
0.6297095417976379
0.8814367055892944
1.107576847076416
1.2012747526168823
0.5274571180343628
0.7488287091255188
1.0196980237960815
1.1543526649475098
1.2199807167053223
0.5143168568611145
0.7145785093307495
0.9952924251556396
1.2126226425170898
1.2465074062347412
0.47566863894462585
0.722347617149353
1.0170141458511353
1.1872504949569702
1.207557201385498
0.3818932771682739
0.6771909594535828
1.006973385810852
1.1561347246170044
1.2126978635787964
0.509069561958313
0.7859764695167542
0.9873635768890381
1.1277503967285156
1.1961369514465332
0.3745425343513489
0.5978026986122131
0.8384433388710022
1.0802024602890015
1.1725739240646362
0.39171743392944336
0.6229166388511658
0.9000884890556335
1.1365691423416138
1.1934633255004883
0.34810972213745117
0.6600125432014465
0.9441611170768738
1.1429390907287598
1.1922518014907837
0.39254143834114075
0.7462480068206787
1.130375623703003
1.1631979942321777
1.1901236772537231
0.5758671760559082
0.9513729214668274
1.1403155326843262
1.2133104801177979
1.2227250337600708
0.3543938994407654
0.4800609350204468
0.7047632336616516
0.9461441040039062
1.1317757368087769
0.43712759017944336
0.6248119473457336
0.8715493083000183
1.0989137887954712
1.229284405708313
0.6131895780563354
0.9491565823554993
1.1276942491531372
1.1756709814071655
1.2138581275939941
0.33638226985931396
0.541405439376831
0.74009108543396
1.008408546447754
1.170526146888733
0.3788723647594452
0.5532764792442322
0.7849200367927551
1.036007285118103
1.1640030145645142
0.4687795042991638
0.7547788023948669
1.0339837074279785
1.119889736175537
1.2026379108428955
0.41808363795280457
0.718282163143158
1.0287061929702759
1.2023353576660156
1.2448710203170776
0.5249446630477905
0.7379761338233948
1.007733941078186
1.157369613647461
1.2178620100021362
0.3480609953403473
0.6103673577308655
0.9437431693077087
1.13176429271698
1.2207881212234497
0.47424453496932983
0.6769979596138
0.877124011516571
1.1207520961761475
1.1891732215881348
0.38385820388793945
0.7183613777160645
0.9890421032905579
1.1573436260223389
1.218446969985962
0.4537324905395508
0.6758998036384583
0.9536170959472656
1.106438398361206
1.1819782257080078
0.7201878428459167
1.077895164489746
1.158036470413208
1.1764988899230957
1.1764988899230957
0.4233452081680298
0.5189642906188965
0.885953426361084
1.157238245010376
1.215698003768921
0.590539813041687
0.9489637613296509
1.1745296716690063
1.1902668476104736
1.223500370979309
0.4352141320705414
0.6229884028434753
0.8354485630989075
1.0943025350570679
1.1697355508804321
0.5372492671012878
0.8953940272331238
1.128645658493042
1.2031893730163574
1.2265781164169312
0.33621519804000854
0.5591424703598022
0.8503901958465576
1.1259591579437256
1.201601505279541
0.43544241786003113
0.6849707365036011
0.9982996582984924
1.166416049003601
1.2462611198425293
0.47127145528793335
0.697920560836792
0.9299206733703613
1.1394445896148682
1.2549883127212524
0.6292225122451782
0.856507420539856
1.0537208318710327
1.1903984546661377
1.2630339860916138
0.5785574913024902
0.8197625875473022
1.046134114265442
1.2174503803253174
1.2735507488250732
0.5895640850067139
0.8578182458877563
1.0335755348205566
1.1710758209228516
1.2464584112167358
0.5882094502449036
0.847077488899231
1.0796469449996948
1.2239168882369995
1.2617695331573486
0.8477674126625061
0.8744620084762573
1.01160728931427
1.1480039358139038
1.2404297590255737
0.48736685514450073
0.7097004055976868
0.9481106400489807
1.119165062904358
1.2467589378356934
0.45859381556510925
0.694545567035675
0.9536601901054382
1.1321922540664673
1.2358598709106445
0.4763945937156677
0.728749692440033
0.9660369157791138
1.1637064218521118
1.2634472846984863
0.6004548072814941
0.8878283500671387
1.0872758626937866
1.1912201642990112
1.2421694993972778
0.6537567973136902
0.9589874148368835
1.169482946395874
1.2505323886871338
1.2679142951965332
0.4239092767238617
0.5986250638961792
0.8544484972953796
1.0257937908172607
1.1410287618637085
0.4479512870311737
0.6838690638542175
0.9222925901412964
1.0717105865478516
1.2126940488815308
0.7468500733375549
0.9691308736801147
1.1382168531417847
1.2268238067626953
1.2582441568374634
0.4690738916397095
0.6890254616737366
0.8690574169158936
1.0259143114089966
1.1942038536071777
0.46472495794296265
0.661167323589325
0.8825700283050537
1.0542601346969604
1.174269676208496
0.5475324392318726
0.8233969807624817
1.0448997020721436
1.1940299272537231
1.2509593963623047
0.5685524344444275
0.8383907079696655
1.0877842903137207
1.2254282236099243
1.27106511592865
0.6221467852592468
0.848868727684021
1.0471104383468628
1.1813691854476929
1.2513413429260254
0.5290781855583191
0.7555100321769714
0.9981833696365356
1.1864036321640015
1.267918348312378
0.6252685785293579
0.7948235869407654
0.9820984601974487
1.1386665105819702
1.2221157550811768
0.48741772770881653
0.7464700937271118
1.0365657806396484
1.1880542039871216
1.2600826025009155
0.4995673894882202
0.763144314289093
0.9636366963386536
1.126032829284668
1.22585928440094
0.8193678259849548
1.0638108253479004
1.1774028539657593
1.2180675268173218
1.234941840171814
0.5833079814910889
0.7890695929527283
0.9884740114212036
1.1766105890274048
1.2661727666854858
0.6940857172012329
0.9523254632949829
1.1503270864486694
1.236741065979004
1.2671581506729126
0.5169118046760559
0.7208572030067444
0.9460490345954895
1.1080578565597534
1.2117663621902466
0.6631160378456116
0.9731280207633972
1.1570338010787964
1.232183575630188
1.264171838760376
0.4746212661266327
0.6967597603797913
0.9444188475608826
1.1475071907043457
1.2440634965896606
0.5173214673995972
0.7690132260322571
1.041462779045105
1.2072198390960693
1.268962025642395
