0.23813334107398987
0.33034735918045044
0.4359283447265625
0.5014392733573914
0.5493505597114563
0.2680354118347168
0.3718744218349457
0.45126211643218994
0.5029232501983643
0.551496684551239
0.23681792616844177
0.31955018639564514
0.42085567116737366
0.4998878240585327
0.564431369304657
0.2447357028722763
0.34542152285575867
0.44133758544921875
0.5101880431175232
0.5680206418037415
0.25658294558525085
0.35624557733535767
0.46030011773109436
0.5552001595497131
0.604389488697052
0.2338453233242035
0.3362275958061218
0.43335840106010437
0.4896755814552307
0.5448712706565857
0.22141355276107788
0.2893054783344269
0.3761189579963684
0.4605284333229065
0.5447913408279419
0.21392510831356049
0.281588077545166
0.36286288499832153
0.45879438519477844
0.5437729954719543
0.22397081553936005
0.2845798134803772
0.3663347065448761
0.44435274600982666
0.524076521396637
0.27303528785705566
0.4052255153656006
0.5080691576004028
0.5548352003097534
0.5875079035758972
0.2662844955921173
0.3688066005706787
0.4757591187953949
0.5425572395324707
0.5962606072425842
0.21477364003658295
0.27263835072517395
0.33623918890953064
0.4353288412094116
0.5162943601608276
0.2099096029996872
0.27495142817497253
0.34976500272750854
0.4473801255226135
0.5363888144493103
0.2584180533885956
0.390971839427948
0.5107066631317139
0.5564109086990356
0.5802558660507202
0.21671916544437408
0.28299927711486816
0.36126118898391724
0.4326207637786865
0.49450135231018066
0.22893336415290833
0.3054041862487793
0.3974032402038574
0.46677619218826294
0.5270696878433228
0.23542550206184387
0.3179260790348053
0.4154488742351532
0.5019446015357971
0.5690652132034302
0.25428062677383423
0.35574764013290405
0.4454691708087921
0.518707275390625
0.5868847966194153
0.24954833090305328
0.3354748785495758
0.4262644946575165
0.4908517003059387
0.5364752411842346
0.22881190478801727
0.30423054099082947
0.40845537185668945
0.5203650593757629
0.5787798762321472
0.22487029433250427
0.3080846071243286
0.41078755259513855
0.47271546721458435
0.5313800573348999
0.22417691349983215
0.29704976081848145
0.3934924602508545
0.4876139163970947
0.5684653520584106
0.22216838598251343
0.30395209789276123
0.4037598669528961
0.5056846141815186
0.5797989964485168
0.2990078330039978
0.42708146572113037
0.5360330939292908
0.580251932144165
0.597559928894043
0.24838054180145264
0.36441290378570557
0.4727688431739807
0.545432448387146
0.5947220921516418
0.2714473605155945
0.39385154843330383
0.5166984796524048
0.5516992211341858
0.5788158178329468
0.23644347488880157
0.3068315088748932
0.38728275895118713
0.4674948751926422
0.5512202978134155
0.2777576148509979
0.4005725383758545
0.5048206448554993
0.5497885346412659
0.5772767663002014
0.21894288063049316
0.28626301884651184
0.38430750370025635
0.4910620152950287
0.5623941421508789
0.22870264947414398
0.31260377168655396
0.406985342502594
0.496327668428421
0.5717625617980957
0.27636176347732544
0.3616662919521332
0.47006043791770935
0.6254351139068604
0.7370977997779846
0.3133115768432617
0.391575425863266
0.49332141876220703
0.6282715797424316
0.7309849262237549
0.2988550662994385
0.3882800340652466
0.5093755125999451
0.6772361397743225
0.7722958326339722
0.2849503457546234
0.3681463599205017
0.4878527820110321
0.6283751130104065
0.7328426837921143
0.3101333677768707
0.4066412150859833
0.5627011656761169
0.6828393340110779
0.7348403334617615
0.26768675446510315
0.3494778573513031
0.4542142450809479
0.6257579326629639
0.7185916304588318
0.27547454833984375
0.34560245275497437
0.44013819098472595
0.5785711407661438
0.7559471130371094
0.30273139476776123
0.3993503451347351
0.5374549627304077
0.6712320446968079
0.752091646194458
0.2975819408893585
0.3851277828216553
0.5058149695396423
0.6421003937721252
0.7387229204177856
0.3116786777973175
0.4126715660095215
0.5453406572341919
0.644822895526886
0.7033606171607971
0.37882834672927856
0.5165289640426636
0.66204833984375
0.7197333574295044
0.746577262878418
0.24344927072525024
0.30228620767593384
0.376894474029541
0.4692666232585907
0.6206586956977844
0.2636105716228485
0.3365445137023926
0.43361902236938477
0.5745169520378113
0.7162743210792542
0.32714468240737915
0.44034743309020996
0.5788254737854004
0.6823940277099609
0.7444902062416077
0.25617268681526184
0.32265573740005493
0.40728694200515747
0.5240346193313599
0.6716809868812561
0.25931596755981445
0.32599154114723206
0.4007960557937622
0.4945032000541687
0.6274051666259766
0.3179609775543213
0.41168412566185
0.5467707514762878
0.700229287147522
0.7653117775917053
0.33866825699806213
0.43977412581443787
0.5869935154914856
0.6981396675109863
0.7538104057312012
0.282978355884552
0.36055126786231995
0.4648614823818207
0.6058799028396606
0.705683171749115
0.30650171637535095
0.39546895027160645
0.5281786322593689
0.6730526089668274
0.7561743855476379
0.24815550446510315
0.3172787129878998
0.4071877598762512
0.5355885028839111
0.6801168918609619
0.32932552695274353
0.4439811110496521
0.5579584240913391
0.6700846552848816
0.7521867752075195
0.33002910017967224
0.42174580693244934
0.5411146283149719
0.6646968722343445
0.7451955676078796
0.3645767271518707
0.5188122987747192
0.624992311000824
0.6593714952468872
0.682148814201355
0.29176682233810425
0.3710162937641144
0.49116358160972595
0.6764752864837646
0.7806050181388855
0.35070663690567017
0.4671114385128021
0.5956833958625793
0.6761015057563782
0.7244076132774353
0.27753061056137085
0.3471013605594635
0.4344569146633148
0.5581147074699402
0.717350423336029
0.334804892539978
0.44921666383743286
0.6030542254447937
0.6825440526008606
0.732941210269928
0.283516526222229
0.36383056640625
0.48331618309020996
0.6288760900497437
0.7366779446601868
0.29892927408218384
0.39734718203544617
0.5408817529678345
0.6843481659889221
0.7586950063705444
0.32794028520584106
0.4355541467666626
0.5352162718772888
0.6103013753890991
0.6772348284721375
0.38096684217453003
0.47587189078330994
0.5583388805389404
0.6279569864273071
0.6818268895149231
0.3358856737613678
0.4442860782146454
0.5367260575294495
0.6200324892997742
0.6713911890983582
0.3339254558086395
0.4323543608188629
0.5257104635238647
0.6161388158798218
0.6766566038131714
0.33374980092048645
0.4476551413536072
0.5307492017745972
0.6042329668998718
0.6740448474884033
0.3278341591358185
0.4387061595916748
0.536013662815094
0.5977153778076172
0.6904793977737427
0.31913450360298157
0.4041363000869751
0.5111933350563049
0.6070355176925659
0.6734460592269897
0.29149842262268066
0.3813709616661072
0.4892212748527527
0.5860312581062317
0.6606389880180359
0.30814313888549805
0.3941478729248047
0.49843546748161316
0.5872925519943237
0.6531006097793579
0.38217008113861084
0.49371302127838135
0.5625995993614197
0.6188871264457703
0.6795237064361572
0.3528766334056854
0.47460854053497314
0.5689682364463806
0.6426543593406677
0.688677966594696
0.30969586968421936
0.395682692527771
0.5306196808815002
0.6230770349502563
0.7005212903022766
0.3201756179332733
0.42117106914520264
0.5258141756057739
0.6076638102531433
0.6820589900016785
0.35537832975387573
0.468135803937912
0.5454199910163879
0.6256682276725769
0.6812078952789307
0.309420108795166
0.4094308912754059
0.4955770969390869
0.5816456079483032
0.6461551189422607
0.3145696818828583
0.42221418023109436
0.519595742225647
0.616084098815918
0.6839352250099182
0.32254865765571594
0.4225941598415375
0.5325619578361511
0.6225072741508484
0.6923816800117493
0.3263023793697357
0.42730626463890076
0.5209635496139526
0.613903820514679
0.684990406036377
0.33793511986732483
0.43476417660713196
0.5156148672103882
0.5985848903656006
0.6578369736671448
0.32410621643066406
0.4173777401447296
0.5156545042991638
0.6160715222358704
0.6870715022087097
0.33252763748168945
0.4403548240661621
0.5371832847595215
0.6107611060142517
0.6640870571136475
0.2931165397167206
0.38242071866989136
0.4857053756713867
0.5987821221351624
0.6615495681762695
0.30201512575149536
0.3928355276584625
0.5011005401611328
0.5888278484344482
0.6563965678215027
0.423400342464447
0.5300307869911194
0.5936529040336609
0.645723283290863
0.6928249597549438
0.3464667797088623
0.46016040444374084
0.5553494095802307
0.6364034414291382
0.6889073848724365
0.3690046966075897
0.49672403931617737
0.5814047455787659
0.6332125663757324
0.6916965842247009
0.3321908414363861
0.4435276985168457
0.5395312309265137
0.6138283610343933
0.6899317502975464
0.36297807097435
0.4574740529060364
0.5501929521560669
0.6298923492431641
0.6877270340919495
0.3029877543449402
0.40577152371406555
0.5065940022468567
0.5945483446121216
0.6670039892196655
0.3176107704639435
0.40227973461151123
0.5124955773353577
0.6091083288192749
0.6807349324226379
0.22929169237613678
0.28633490204811096
0.40676063299179077
0.58493572473526
0.6981487274169922
0.2586155831813812
0.3607555031776428
0.4989902377128601
0.6153836250305176
0.7124311327934265
0.2648596167564392
0.35585832595825195
0.4956750273704529
0.6867544651031494
0.7349733114242554
0.23010826110839844
0.3378809988498688
0.46822601556777954
0.6655426621437073
0.7062656283378601
0.2132137268781662
0.31477048993110657
0.4955662488937378
0.6294019222259521
0.7202913761138916
0.23260390758514404
0.3349185585975647
0.4598580002784729
0.6044335961341858
0.7052497267723083
0.2262842208147049
0.2981804609298706
0.40630269050598145
0.5714088678359985
0.6757140755653381
0.22417691349983215
0.2981860339641571
0.4507478177547455
0.6512482166290283
0.7145918011665344
0.21926231682300568
0.3303285241127014
0.4865720868110657
0.627979576587677
0.6937968730926514
0.22939515113830566
0.34506309032440186
0.5552223324775696
0.6242725253105164
0.6709454655647278
0.259353369474411
0.43105995655059814
0.5870813131332397
0.7407574653625488
0.749526858329773
0.236285999417305
0.26162251830101013
0.3742005527019501
0.5202891230583191
0.6729640364646912
0.22777020931243896
0.32371246814727783
0.462133526802063
0.5981588959693909
0.7438229322433472
0.2617085874080658
0.41800689697265625
0.5529303550720215
0.6306161880493164
0.7143195271492004
0.20846688747406006
0.27410927414894104
0.3586764335632324
0.48895013332366943
0.642880380153656
0.22869271039962769
0.2775638699531555
0.3829427659511566
0.5226190686225891
0.6506965160369873
0.25963184237480164
0.3753076195716858
0.5058509111404419
0.6117091178894043
0.728805422782898
0.21947355568408966
0.3392716348171234
0.5101330876350403
0.6849088668823242
0.7629464864730835
0.2457483559846878
0.3337181508541107
0.4489291310310364
0.5894602537155151
0.6881021857261658
0.2192171812057495
0.302333265542984
0.47669824957847595
0.6152566075325012
0.727575957775116
0.20998674631118774
0.29913491010665894
0.3909796178340912
0.5441697835922241
0.6393517851829529
0.22077256441116333
0.3515433669090271
0.5127409100532532
0.6674579381942749
0.7651900053024292
0.2494431883096695
0.3440588712692261
0.47208985686302185
0.6100669503211975
0.6992242336273193
0.3323545753955841
0.49996066093444824
0.6069678068161011
0.6750880479812622
0.6750880479812622
0.24510557949543
0.2652609348297119
0.4419330954551697
0.6434898376464844
0.7331745624542236
0.2611474394798279
0.45862188935279846
0.6254816055297852
0.6497377157211304
0.7152026295661926
0.24926704168319702
0.32446664571762085
0.43523508310317993
0.5984711647033691
0.6715244650840759
0.25063014030456543
0.43826672434806824
0.5985842943191528
0.6990609765052795
0.7373331189155579
0.21602046489715576
0.2829548418521881
0.4149399995803833
0.6230342984199524
0.7079253196716309
0.2121128886938095
0.3091176450252533
0.49119967222213745
0.6315276622772217
0.7464541792869568
0.22872500121593475
0.33189812302589417
0.46323516964912415
0.6232866048812866
0.7515667080879211
0.3051300048828125
0.4475826919078827
0.5801160931587219
0.6731264591217041
0.7403981685638428
0.2720838487148285
0.40989068150520325
0.5462109446525574
0.6917501091957092
0.772231936454773
0.2911333739757538
0.4330406188964844
0.544597864151001
0.6611259579658508
0.749467670917511
0.3061255216598511
0.4264768958091736
0.5568830966949463
0.6881037950515747
0.7369341254234314
0.25227123498916626
0.34439533948898315
0.4884091019630432
0.62785404920578
0.7384691834449768
0.23339322209358215
0.3379945456981659
0.4834795594215393
0.6174752116203308
0.7548326253890991
0.22232545912265778
0.3490733504295349
0.5062621235847473
0.6614764332771301
0.7594636678695679
0.2288714051246643
0.35627928376197815
0.5196844935417175
0.6636135578155518
0.7507637143135071
0.29989081621170044
0.4307248890399933
0.5610672235488892
0.660803496837616
0.715010404586792
0.30352604389190674
0.5044940710067749
0.6421526670455933
0.723838746547699
0.7540695667266846
0.2322607934474945
0.30660322308540344
0.47116467356681824
0.591577410697937
0.700993001461029
0.22585199773311615
0.3499809801578522
0.5078570246696472
0.5966801643371582
0.7234734892845154
0.3562701940536499
0.47490692138671875
0.5959687232971191
0.699403703212738
0.733081579208374
0.22406603395938873
0.32063376903533936
0.4251895844936371
0.5448146462440491
0.6853844523429871
0.23058970272541046
0.3245873749256134
0.450287401676178
0.5756177306175232
0.681746244430542
0.2743205428123474
0.43204453587532043
0.5737894177436829
0.7076441645622253
0.7721643447875977
0.2747430205345154
0.42457395792007446
0.5811336040496826
0.7060886025428772
0.761691153049469
0.29991602897644043
0.40650874376296997
0.5210567712783813
0.6303457021713257
0.7067474126815796
0.24664971232414246
0.3667786121368408
0.5171783566474915
0.6727725267410278
0.7663822174072266
0.24413588643074036
0.3566347658634186
0.47493332624435425
0.5944820046424866
0.6983845233917236
0.2290966659784317
0.38028785586357117
0.5705711245536804
0.6888290047645569
0.7625030279159546
0.2514425814151764
0.39602822065353394
0.5332468152046204
0.6663066744804382
0.7598787546157837
0.3850502073764801
0.5234599709510803
0.6315714120864868
0.676642656326294
0.6843377947807312
0.26458626985549927
0.38400453329086304
0.5068992972373962
0.6788458824157715
0.7836042642593384
0.3263871669769287
0.48376867175102234
0.6091339588165283
0.7012621164321899
0.7446109056472778
0.2594316005706787
0.39050766825675964
0.5244395732879639
0.6307571530342102
0.733189582824707
0.32833218574523926
0.4804431200027466
0.6174398064613342
0.6995797753334045
0.7361763715744019
0.23517920076847076
0.3354179859161377
0.4718397557735443
0.6366321444511414
0.7451156377792358
0.24562621116638184
0.37170544266700745
0.5352466702461243
0.6915255784988403
0.7610952854156494
