0.41362589597702026
0.6039392948150635
0.7732492685317993
0.9407137632369995
1.0337470769882202
0.40736761689186096
0.5548128485679626
0.7395510673522949
0.8865020275115967
1.0084646940231323
0.4021258056163788
0.5469620823860168
0.7255586981773376
0.9151712656021118
1.0608434677124023
0.4028932452201843
0.561262845993042
0.7493932247161865
0.8932987451553345
1.0215004682540894
0.42894673347473145
0.5816610455513
0.7635044455528259
0.9381961226463318
1.063302993774414
0.39639145135879517
0.5513190627098083
0.7335231304168701
0.8942691683769226
1.0306110382080078
0.3854942321777344
0.529564380645752
0.7115429639816284
0.8655251264572144
1.0047860145568848
0.373589426279068
0.5163187980651855
0.6921260952949524
0.866790235042572
1.010528326034546
0.39499834179878235
0.5188940763473511
0.6907352805137634
0.8449517488479614
0.9799638986587524
0.44182872772216797
0.6321104764938354
0.8134747743606567
0.9392990469932556
1.0260089635849
0.4179122745990753
0.5955631732940674
0.783033549785614
0.9351165890693665
1.0579649209976196
0.3592885136604309
0.49618053436279297
0.6329888105392456
0.7798231840133667
0.9255712032318115
0.3666498363018036
0.49576207995414734
0.6382728815078735
0.7821010947227478
0.9273719787597656
0.40910330414772034
0.5966909527778625
0.7723513245582581
0.9414581656455994
1.0554075241088867
0.3829256296157837
0.5241644382476807
0.6849798560142517
0.8098552227020264
0.9346656799316406
0.36146238446235657
0.5003705024719238
0.6609796285629272
0.8239486217498779
0.9690676331520081
0.3930005729198456
0.5433168411254883
0.711941123008728
0.8758417367935181
1.0297181606292725
0.44769251346588135
0.6018570065498352
0.7874658703804016
0.9579395055770874
1.0914701223373413
0.405129998922348
0.5592888593673706
0.7241050601005554
0.8791678547859192
1.002926230430603
0.41823506355285645
0.5648126602172852
0.7331909537315369
0.9163917899131775
1.0531983375549316
0.39859265089035034
0.5522438287734985
0.7260856628417969
0.878411054611206
1.0074020624160767
0.38427871465682983
0.5366018414497375
0.7066454291343689
0.8779482841491699
1.0260008573532104
0.3655228316783905
0.5112637281417847
0.670271098613739
0.8530120849609375
0.9897993803024292
0.4641075134277344
0.6839717626571655
0.839969277381897
0.9689945578575134
1.0596020221710205
0.4015606641769409
0.6158561706542969
0.7809059619903564
0.9619504809379578
1.0706303119659424
0.4145689308643341
0.6223045587539673
0.8427831530570984
0.9926178455352783
1.1032390594482422
0.38585394620895386
0.524878978729248
0.6939280033111572
0.8606633543968201
0.998213529586792
0.4276295304298401
0.633528470993042
0.8158480525016785
0.9576562643051147
1.074709177017212
0.3849894106388092
0.5336476564407349
0.6939534544944763
0.8679441809654236
1.0106521844863892
0.41706523299217224
0.585739254951477
0.7758105397224426
0.9338534474372864
1.0809773206710815
0.4981079697608948
0.6854429841041565
0.88857501745224
1.1107254028320312
1.235391616821289
0.5574068427085876
0.741852879524231
0.9287811517715454
1.103417992591858
1.2351765632629395
0.5304559469223022
0.727561891078949
0.9540716409683228
1.1803243160247803
1.2812837362289429
0.4789513051509857
0.6634615659713745
0.8984993100166321
1.1290313005447388
1.2438551187515259
0.5603810548782349
0.7734016180038452
1.05741548538208
1.1922630071640015
1.2218040227890015
0.4806766211986542
0.6808757185935974
0.9002383351325989
1.1027854681015015
1.235351800918579
0.47097358107566833
0.6349987983703613
0.8373991250991821
1.058339238166809
1.2457733154296875
0.5670888423919678
0.7766087651252747
1.0047485828399658
1.1597157716751099
1.2317227125167847
0.5091968774795532
0.7011007070541382
0.9344413876533508
1.1329476833343506
1.2312054634094238
0.5003631114959717
0.7132511138916016
0.9792419672012329
1.1577073335647583
1.2037684917449951
0.6515872478485107
0.9347037076950073
1.1793144941329956
1.245373249053955
1.2624138593673706
0.40181422233581543
0.5403389930725098
0.7079000473022461
0.8820895552635193
1.0650620460510254
0.47539108991622925
0.6470950841903687
0.8419079780578613
1.0379390716552734
1.1891640424728394
0.566217839717865
0.8209004402160645
1.081592321395874
1.2249888181686401
1.2669130563735962
0.4277901351451874
0.5838004946708679
0.7621667981147766
0.9690837860107422
1.1582906246185303
0.39171063899993896
0.5486977100372314
0.7134550213813782
0.8912095427513123
1.086016297340393
0.5698760151863098
0.7715458869934082
0.997437596321106
1.1906447410583496
1.2562388181686401
0.6429073214530945
0.874779224395752
1.113001823425293
1.232364535331726
1.2693790197372437
0.47402048110961914
0.647486686706543
0.8631371259689331
1.1085764169692993
1.2063896656036377
0.5702138543128967
0.7721667885780334
1.0121251344680786
1.1931179761886597
1.2602348327636719
0.42845192551612854
0.5856581330299377
0.7642185688018799
0.9684241414070129
1.185239553451538
0.5796805620193481
0.8144787549972534
1.0470051765441895
1.188965082168579
1.2532148361206055
0.5336494445800781
0.7251749634742737
0.9545596837997437
1.1346685886383057
1.2136322259902954
0.6289601922035217
0.9409965872764587
1.1176326274871826
1.1432989835739136
1.149073839187622
0.5256791114807129
0.7277021408081055
0.9655883312225342
1.1889032125473022
1.2727763652801514
0.6698957681655884
0.9400680661201477
1.1603899002075195
1.2460342645645142
1.2657397985458374
0.471647173166275
0.63625568151474
0.814333975315094
1.0067365169525146
1.1852645874023438
0.5895951986312866
0.8728991150856018
1.1335806846618652
1.2305209636688232
1.253092646598816
0.5142443180084229
0.7044898271560669
0.9331892132759094
1.136225938796997
1.2520053386688232
0.5615208148956299
0.7813733220100403
1.0206891298294067
1.1961106061935425
1.264417052268982
0.6595112085342407
0.8287314772605896
0.9945394396781921
1.1078133583068848
1.1838352680206299
0.659424364566803
0.8432881832122803
1.0084320306777954
1.1201364994049072
1.1829681396484375
0.6013443470001221
0.8180159330368042
0.9967496395111084
1.1231509447097778
1.1903904676437378
0.6053849458694458
0.8080989718437195
0.9681994915008545
1.1047381162643433
1.1610630750656128
0.6368404030799866
0.8263497948646545
0.978000819683075
1.101544737815857
1.1722111701965332
0.6190521717071533
0.8360719084739685
1.0183584690093994
1.1132739782333374
1.2020045518875122
0.6006200909614563
0.7960662245750427
0.9678550362586975
1.1013059616088867
1.174493432044983
0.5898107886314392
0.7517174482345581
0.9468493461608887
1.0693439245224
1.1545885801315308
0.6051062345504761
0.7788600921630859
0.9602609872817993
1.073793888092041
1.1519660949707031
0.6603104472160339
0.8657864928245544
1.0132993459701538
1.106607437133789
1.1667978763580322
0.6521207690238953
0.8655268549919128
1.0241905450820923
1.1314681768417358
1.1952658891677856
0.5675439834594727
0.7760767936706543
0.9421202540397644
1.054072380065918
1.1367764472961426
0.6072894334793091
0.7905645370483398
0.9578642249107361
1.064901351928711
1.1557456254959106
0.6256572008132935
0.8326612710952759
0.990195631980896
1.112068772315979
1.1820995807647705
0.604558527469635
0.7923051714897156
0.9415636658668518
1.0535708665847778
1.1310267448425293
0.570185661315918
0.7659522294998169
0.9399691820144653
1.0837609767913818
1.161406397819519
0.5776689052581787
0.7739673852920532
0.9489372372627258
1.0793037414550781
1.161780595779419
0.6462673544883728
0.8443049788475037
1.0019469261169434
1.1344243288040161
1.2023817300796509
0.6339839100837708
0.8106443285942078
0.970258891582489
1.083644986152649
1.1527364253997803
0.6279276609420776
0.8217400908470154
0.9822598099708557
1.109569787979126
1.1847590208053589
0.6324865818023682
0.8174352645874023
0.999259889125824
1.1076595783233643
1.169969081878662
0.5857584476470947
0.7781676054000854
0.9426916837692261
1.0788493156433105
1.1518595218658447
0.5881280303001404
0.770514726638794
0.9222299456596375
1.0593502521514893
1.143136978149414
0.6849262714385986
0.889032781124115
1.0453112125396729
1.1217554807662964
1.1692012548446655
0.6495819091796875
0.8403862118721008
1.005307674407959
1.1182334423065186
1.1809413433074951
0.6629803776741028
0.8873497247695923
1.0610918998718262
1.1460717916488647
1.2085044384002686
0.5924085378646851
0.8080055713653564
0.9803731441497803
1.0873950719833374
1.1675670146942139
0.6636648774147034
0.8572591543197632
1.0243033170700073
1.121099829673767
1.2008448839187622
0.5966767072677612
0.8021203279495239
0.9600805640220642
1.1044665575027466
1.1892591714859009
0.6419239640235901
0.8372306227684021
1.0044516324996948
1.1259422302246094
1.1974974870681763
0.38930752873420715
0.5256074070930481
0.7804690599441528
1.0598688125610352
1.1738841533660889
0.37049123644828796
0.5651903748512268
0.8659844994544983
1.05488920211792
1.181663155555725
0.38466861844062805
0.5643687844276428
0.8682302236557007
1.1900466680526733
1.2316453456878662
0.35229888558387756
0.5563761591911316
0.8641857504844666
1.1407108306884766
1.1954675912857056
0.34957408905029297
0.6055774688720703
0.9499444961547852
1.1303035020828247
1.2135698795318604
0.35607877373695374
0.5855095386505127
0.8036271333694458
1.05992591381073
1.1836985349655151
0.31473076343536377
0.4836123287677765
0.7269253730773926
1.0110701322555542
1.1606636047363281
0.3709676265716553
0.5348485708236694
0.8468997478485107
1.1317081451416016
1.1978418827056885
0.2947195768356323
0.5586740970611572
0.8528606295585632
1.1109789609909058
1.1902432441711426
0.3336167335510254
0.5891122817993164
1.0167150497436523
1.1154266595840454
1.1792606115341187
0.42100009322166443
0.7814776301383972
1.0614956617355347
1.230647325515747
1.238258719444275
0.3680272400379181
0.4323831796646118
0.6507962346076965
0.8773170113563538
1.0744974613189697
0.3521874248981476
0.4855862855911255
0.7609065175056458
1.0017759799957275
1.227476716041565
0.443962424993515
0.766787052154541
1.0420825481414795
1.1646372079849243
1.249494194984436
0.30336740612983704
0.46765798330307007
0.6303447484970093
0.9084069132804871
1.108538031578064
0.31518882513046265
0.43790560960769653
0.6496899127960205
0.8872424364089966
1.10829758644104
0.38262131810188293
0.6269091367721558
0.9112040996551514
1.0530531406402588
1.1682904958724976
0.3805333077907562
0.6629780530929565
0.989007294178009
1.203395962715149
1.2686482667922974
0.386064350605011
0.5810677409172058
0.8531482219696045
1.051621675491333
1.1647695302963257
0.3367404043674469
0.5378813743591309
0.8621898293495178
1.093267798423767
1.230786919593811
0.325269490480423
0.48053279519081116
0.6882044672966003
0.9924712777137756
1.1238795518875122
0.34682783484458923
0.6271708011627197
0.9187871217727661
1.13523268699646
1.2300400733947754
0.3658233880996704
0.5683877468109131
0.8482288718223572
1.0640088319778442
1.160130262374878
0.5405977964401245
0.9251648783683777
1.0585592985153198
1.152807354927063
1.152807354927063
0.40566205978393555
0.4425866901874542
0.7596768736839294
1.1295685768127441
1.2366100549697876
0.4065234363079071
0.7818591594696045
1.1437181234359741
1.1722450256347656
1.2452284097671509
0.34825584292411804
0.506721019744873
0.7174440026283264
1.0045350790023804
1.1111280918121338
0.4215373694896698
0.7719829082489014
1.0740211009979248
1.2147897481918335
1.257764220237732
0.3455590307712555
0.5238157510757446
0.8069558143615723
1.1176837682724
1.2126078605651855
0.3605237603187561
0.5709185600280762
0.9274951815605164
1.1291110515594482
1.2459052801132202
0.44263434410095215
0.6354371905326843
0.8812358975410461
1.0877642631530762
1.25159752368927
0.47683873772621155
0.7197607159614563
0.9799447059631348
1.1637967824935913
1.2470883131027222
0.4569714367389679
0.6971417665481567
0.9938744306564331
1.2071301937103271
1.2893201112747192
0.4689037799835205
0.7740487456321716
0.975757360458374
1.150140404701233
1.2611260414123535
0.5374507308006287
0.8343808650970459
1.0425808429718018
1.194220781326294
1.2310034036636353
0.48708754777908325
0.6592180132865906
0.8782784342765808
1.0862619876861572
1.244532823562622
0.4297201931476593
0.6184093952178955
0.8742675185203552
1.088089942932129
1.2588149309158325
0.41941750049591064
0.6486195921897888
0.9229540824890137
1.1389926671981812
1.2369308471679688
0.4267450273036957
0.6465919017791748
0.9064679145812988
1.1483800411224365
1.2480179071426392
0.5372135043144226
0.8202783465385437
1.0537950992584229
1.1765385866165161
1.2163668870925903
0.501888632774353
0.8966594934463501
1.1587343215942383
1.2536296844482422
1.265971302986145
0.38109394907951355
0.5556938052177429
0.8315650820732117
1.0119951963424683
1.137999176979065
0.40127378702163696
0.5824369788169861
0.8130953311920166
1.0043703317642212
1.194956660270691
0.6371063590049744
0.8765285015106201
1.1139037609100342
1.2272039651870728
1.264318585395813
0.4091307818889618
0.6027567982673645
0.7766822576522827
0.9667630791664124
1.1709463596343994
0.3931112587451935
0.5474584102630615
0.771850049495697
0.9879302978515625
1.141222357749939
0.4550384283065796
0.7427338361740112
1.0076792240142822
1.1962153911590576
1.2650742530822754
0.4870258569717407
0.7912628650665283
1.0857088565826416
1.2313910722732544
1.2766907215118408
0.48289763927459717
0.7086963653564453
0.9540496468544006
1.1577461957931519
1.2199230194091797
0.46070101857185364
0.6897284388542175
0.9536014795303345
1.1780929565429688
1.2737590074539185
0.45276597142219543
0.6220499873161316
0.8570842146873474
1.0542271137237549
1.221936821937561
0.4202965199947357
0.6859691143035889
1.0088616609573364
1.1744309663772583
1.2601503133773804
0.4189683198928833
0.6711676716804504
0.9348066449165344
1.1327170133590698
1.233782172203064
0.6858212351799011
0.9761192202568054
1.1137640476226807
1.1621567010879517
1.164372444152832
0.4328462779521942
0.681922197341919
0.9447164535522461
1.2019712924957275
1.282305121421814
0.505232572555542
0.8880215883255005
1.1461549997329712
1.2608064413070679
1.2723652124404907
0.4388577938079834
0.6366468071937561
0.8763741254806519
1.0766140222549438
1.2119808197021484
0.5308833718299866
0.8795418739318848
1.1050113439559937
1.2364805936813354
1.2529048919677734
0.4427572786808014
0.6490053534507751
0.9171277284622192
1.1422325372695923
1.2568846940994263
0.4536404311656952
0.701494574546814
1.005159616470337
1.200038194656372
1.2727559804916382
