1.5778672695159912
1.6251496076583862
1.6568890810012817
1.6850941181182861
1.7040036916732788
1.558369755744934
1.6121515035629272
1.6555718183517456
1.6910055875778198
1.708855390548706
1.571425437927246
1.6261807680130005
1.6616179943084717
1.6922991275787354
1.710095763206482
1.5790904760360718
1.6235417127609253
1.658876657485962
1.683496117591858
1.7053276300430298
1.6192336082458496
1.6657776832580566
1.6963738203048706
1.7157092094421387
1.7260825634002686
1.566211462020874
1.6106420755386353
1.6575727462768555
1.6897778511047363
1.7130407094955444
1.5493360757827759
1.5957627296447754
1.6438775062561035
1.6727386713027954
1.6959706544876099
1.5330044031143188
1.586566686630249
1.6306172609329224
1.6748148202896118
1.6999980211257935
1.538125991821289
1.5911734104156494
1.6340490579605103
1.6757558584213257
1.7030800580978394
1.612220287322998
1.6568424701690674
1.68890380859375
1.7082849740982056
1.7221914529800415
1.578477144241333
1.623419165611267
1.6726957559585571
1.7050532102584839
1.7270525693893433
1.523945689201355
1.5759484767913818
1.6157671213150024
1.6572833061218262
1.6821588277816772
1.5288853645324707
1.5908011198043823
1.6273871660232544
1.6580655574798584
1.6863880157470703
1.5920788049697876
1.6444361209869385
1.6797839403152466
1.698407530784607
1.715072751045227
1.5533435344696045
1.6102988719940186
1.6446226835250854
1.6737127304077148
1.696811318397522
1.5647544860839844
1.6133196353912354
1.6528798341751099
1.682786226272583
1.7039220333099365
1.5580856800079346
1.6061557531356812
1.6495171785354614
1.678411602973938
1.7015985250473022
1.5565834045410156
1.6076240539550781
1.6489994525909424
1.6869487762451172
1.7129110097885132
1.5888667106628418
1.6403056383132935
1.6781237125396729
1.6960868835449219
1.720114827156067
1.604238510131836
1.660399079322815
1.6942347288131714
1.7117202281951904
1.7251625061035156
1.5622690916061401
1.6211086511611938
1.6564223766326904
1.686510443687439
1.7120765447616577
1.553156852722168
1.6082427501678467
1.6421375274658203
1.6842224597930908
1.7054266929626465
1.5760418176651
1.627017617225647
1.6665242910385132
1.6908868551254272
1.7069510221481323
1.6292392015457153
1.67759108543396
1.704406499862671
1.718908429145813
1.7285516262054443
1.5899419784545898
1.6396727561950684
1.6692848205566406
1.6977565288543701
1.7155370712280273
1.5863875150680542
1.6383289098739624
1.6726055145263672
1.6927990913391113
1.7142550945281982
1.546520709991455
1.6009968519210815
1.6493124961853027
1.6748884916305542
1.7004597187042236
1.5848675966262817
1.6363940238952637
1.6686557531356812
1.6947659254074097
1.7137426137924194
1.607858657836914
1.648848533630371
1.6899670362472534
1.708797574043274
1.7203612327575684
1.5686677694320679
1.6249806880950928
1.6753863096237183
1.7134366035461426
1.727637529373169
1.5649869441986084
1.6109424829483032
1.6556687355041504
1.706651210784912
1.7488925457000732
1.572067141532898
1.618687391281128
1.668745994567871
1.7105494737625122
1.7612402439117432
1.5815147161483765
1.6295465230941772
1.6718848943710327
1.7130887508392334
1.7618037462234497
1.5715522766113281
1.6204252243041992
1.661402940750122
1.7117571830749512
1.746707558631897
1.5819604396820068
1.6297260522842407
1.7016055583953857
1.7436350584030151
1.7574729919433594
1.5610778331756592
1.6131023168563843
1.6603981256484985
1.7036833763122559
1.7289514541625977
1.5512548685073853
1.5951224565505981
1.637436866760254
1.6812680959701538
1.735094428062439
1.5687074661254883
1.6190807819366455
1.6709812879562378
1.71072256565094
1.7347798347473145
1.5770609378814697
1.6257649660110474
1.6798981428146362
1.7188811302185059
1.751952886581421
1.5865137577056885
1.649158239364624
1.7131586074829102
1.7319055795669556
1.7467254400253296
1.6166024208068848
1.6743552684783936
1.7246739864349365
1.7515450716018677
1.7604080438613892
1.5239806175231934
1.567286729812622
1.6089305877685547
1.6459814310073853
1.6871918439865112
1.5616005659103394
1.6061252355575562
1.6457048654556274
1.6878697872161865
1.722708821296692
1.5875402688980103
1.6411868333816528
1.691827416419983
1.720108985900879
1.7517300844192505
1.5613096952438354
1.6045573949813843
1.6403796672821045
1.6897391080856323
1.731377124786377
1.5477491617202759
1.591613531112671
1.627245306968689
1.6597144603729248
1.7028464078903198
1.5671603679656982
1.616507887840271
1.670419454574585
1.7191760540008545
1.7512729167938232
1.590463638305664
1.6390020847320557
1.6917966604232788
1.7278193235397339
1.749880075454712
1.578637719154358
1.6239954233169556
1.6760318279266357
1.7300773859024048
1.7608685493469238
1.5815688371658325
1.6284035444259644
1.668979525566101
1.7173740863800049
1.7578390836715698
1.5525134801864624
1.5974980592727661
1.6349589824676514
1.676112174987793
1.723225474357605
1.5871996879577637
1.6382579803466797
1.6865814924240112
1.7181402444839478
1.7544065713882446
1.5730974674224854
1.618209719657898
1.6745936870574951
1.7157130241394043
1.7354462146759033
1.6601697206497192
1.6994621753692627
1.7263253927230835
1.7345600128173828
1.7376395463943481
1.5627951622009277
1.6099963188171387
1.6651214361190796
1.7215059995651245
1.7590217590332031
1.615865707397461
1.6758882999420166
1.7209434509277344
1.7405271530151367
1.757665991783142
1.5498521327972412
1.59268057346344
1.6309701204299927
1.6742123365402222
1.717173457145691
1.6030206680297852
1.6640949249267578
1.7132320404052734
1.7473149299621582
1.7624882459640503
1.5625698566436768
1.6110029220581055
1.6556861400604248
1.7077302932739258
1.7362468242645264
1.5962436199188232
1.6428444385528564
1.6847165822982788
1.7230849266052246
1.7564117908477783
1.623745083808899
1.6669111251831055
1.7010630369186401
1.7188917398452759
1.7348685264587402
1.6297075748443604
1.6699057817459106
1.7050846815109253
1.7224911451339722
1.7377047538757324
1.638490080833435
1.6745661497116089
1.6991093158721924
1.717918872833252
1.7350190877914429
1.634355068206787
1.6711195707321167
1.7006831169128418
1.7166510820388794
1.730525016784668
1.6572462320327759
1.698264718055725
1.716820240020752
1.7290276288986206
1.7442662715911865
1.6175655126571655
1.6676559448242188
1.6913114786148071
1.7128664255142212
1.7272133827209473
1.6084178686141968
1.657185673713684
1.6862714290618896
1.7126485109329224
1.7286756038665771
1.5971757173538208
1.6428430080413818
1.6761486530303955
1.713279128074646
1.7334840297698975
1.6101937294006348
1.646628499031067
1.695627212524414
1.7186214923858643
1.733010172843933
1.6496623754501343
1.688948154449463
1.7166383266448975
1.7299271821975708
1.7427176237106323
1.6444897651672363
1.6799488067626953
1.7048662900924683
1.7290563583374023
1.7397528886795044
1.5931934118270874
1.6355383396148682
1.67324697971344
1.7015870809555054
1.7280222177505493
1.6204081773757935
1.6680867671966553
1.6899409294128418
1.7062444686889648
1.7278276681900024
1.6323504447937012
1.6792693138122559
1.6959264278411865
1.718376874923706
1.7288448810577393
1.627827763557434
1.669015884399414
1.7006019353866577
1.7124578952789307
1.731245517730713
1.6251744031906128
1.6713011264801025
1.69853675365448
1.7288365364074707
1.7406120300292969
1.6118268966674805
1.6646820306777954
1.6917760372161865
1.7113611698150635
1.7304253578186035
1.6132938861846924
1.6556326150894165
1.6992151737213135
1.7289940118789673
1.740684151649475
1.6501771211624146
1.6922199726104736
1.7145065069198608
1.729339361190796
1.7456223964691162
1.6519660949707031
1.6930346488952637
1.7161659002304077
1.7349354028701782
1.7456512451171875
1.620404839515686
1.6679291725158691
1.701990008354187
1.7244513034820557
1.7344812154769897
1.6137710809707642
1.650639295578003
1.6786854267120361
1.7121226787567139
1.7368983030319214
1.6317410469055176
1.66812264919281
1.698573350906372
1.7126296758651733
1.7280325889587402
1.6725407838821411
1.7108964920043945
1.7279807329177856
1.734315037727356
1.7422467470169067
1.6276901960372925
1.669213891029358
1.6956735849380493
1.7175939083099365
1.7326606512069702
1.632702112197876
1.6773992776870728
1.7087759971618652
1.7230379581451416
1.7345377206802368
1.6217399835586548
1.6686688661575317
1.6902531385421753
1.7207305431365967
1.7340105772018433
1.6248886585235596
1.6669355630874634
1.7010031938552856
1.7209277153015137
1.7413904666900635
1.6403926610946655
1.6897627115249634
1.7125996351242065
1.7280012369155884
1.7367931604385376
1.6255844831466675
1.6634247303009033
1.7113620042800903
1.7321112155914307
1.741735577583313
1.5121862888336182
1.5653194189071655
1.6313254833221436
1.6972910165786743
1.7352031469345093
1.531270980834961
1.6006319522857666
1.6993863582611084
1.7295511960983276
1.7603731155395508
1.5413168668746948
1.6026448011398315
1.670310616493225
1.7432365417480469
1.7583543062210083
1.5312891006469727
1.6051276922225952
1.6713535785675049
1.73859703540802
1.7481850385665894
1.5029113292694092
1.5943537950515747
1.6763402223587036
1.7244096994400024
1.7592411041259766
1.520551323890686
1.6133372783660889
1.6607335805892944
1.7024539709091187
1.7257763147354126
1.4964277744293213
1.5646098852157593
1.628666877746582
1.687254786491394
1.7229071855545044
1.513580083847046
1.5757019519805908
1.648224949836731
1.7170617580413818
1.7460224628448486
1.4948949813842773
1.5825244188308716
1.658994436264038
1.7231061458587646
1.7444654703140259
1.504709005355835
1.606305718421936
1.7277950048446655
1.7392692565917969
1.750564455986023
1.5439881086349487
1.6543807983398438
1.7228866815567017
1.7515677213668823
1.7549123764038086
1.5098721981048584
1.540603518486023
1.6077330112457275
1.664982557296753
1.7130539417266846
1.5284080505371094
1.575508952140808
1.6441458463668823
1.6938570737838745
1.747188687324524
1.5731722116470337
1.662716269493103
1.7111101150512695
1.7197574377059937
1.7316088676452637
1.509411096572876
1.567336082458496
1.6199209690093994
1.690877079963684
1.7447187900543213
1.5059000253677368
1.554513931274414
1.6149609088897705
1.668726921081543
1.7219990491867065
1.5211451053619385
1.6060792207717896
1.6732754707336426
1.7056411504745483
1.748926043510437
1.500891923904419
1.5948151350021362
1.6775895357131958
1.7377715110778809
1.7632197141647339
1.5534296035766602
1.6122931241989136
1.68459951877594
1.743221402168274
1.7642122507095337
1.5174508094787598
1.5773683786392212
1.6620457172393799
1.7087337970733643
1.7509766817092896
1.5003743171691895
1.5725734233856201
1.626079797744751
1.6927344799041748
1.723075270652771
1.5086437463760376
1.60125732421875
1.6780954599380493
1.7248173952102661
1.7554503679275513
1.5288243293762207
1.589514136314392
1.6617470979690552
1.6979632377624512
1.7404698133468628
1.6213128566741943
1.6956658363342285
1.7231940031051636
1.7385752201080322
1.7385752201080322
1.5217598676681519
1.5399975776672363
1.647139549255371
1.712377905845642
1.73501455783844
1.5501142740249634
1.6712530851364136
1.7330479621887207
1.7405437231063843
1.761252522468567
1.5176316499710083
1.5740711688995361
1.627800464630127
1.7053574323654175
1.733056902885437
1.5553226470947266
1.6524240970611572
1.70936918258667
1.7438278198242188
1.7567883729934692
1.4944313764572144
1.5652676820755005
1.6332393884658813
1.7078042030334473
1.7407875061035156
1.5296006202697754
1.5989116430282593
1.676260232925415
1.725351095199585
1.7630150318145752
1.5563386678695679
1.6084887981414795
1.65079927444458
1.7047369480133057
1.7494347095489502
1.5799403190612793
1.6688398122787476
1.7121695280075073
1.73941171169281
1.7607017755508423
1.582736611366272
1.63904869556427
1.6885701417922974
1.731499195098877
1.7595431804656982
1.594860553741455
1.6536575555801392
1.6895928382873535
1.7283011674880981
1.7499504089355469
1.598739504814148
1.6501721143722534
1.69159734249115
1.7400363683700562
1.7575619220733643
1.589202642440796
1.6266467571258545
1.668022871017456
1.7087827920913696
1.7347006797790527
1.5478951930999756
1.6097540855407715
1.6696200370788574
1.710496425628662
1.737669587135315
1.5439321994781494
1.6093367338180542
1.667165756225586
1.7074931859970093
1.7358181476593018
1.5420726537704468
1.6154226064682007
1.677846908569336
1.7234466075897217
1.7551575899124146
1.6097389459609985
1.688093900680542
1.7190710306167603
1.7339502573013306
1.7502355575561523
1.6115713119506836
1.6701675653457642
1.7272651195526123
1.7496354579925537
1.7588783502578735
1.528165578842163
1.5883548259735107
1.6469823122024536
1.6849937438964844
1.7156167030334473
1.5479027032852173
1.609795331954956
1.6626269817352295
1.6973662376403809
1.7288504838943481
1.6375154256820679
1.6739636659622192
1.7027935981750488
1.728751540184021
1.7435239553451538
1.5553487539291382
1.6184579133987427
1.6651357412338257
1.697166919708252
1.7373056411743164
1.5539233684539795
1.6005531549453735
1.6496398448944092
1.6932882070541382
1.7289328575134277
1.567684531211853
1.6402283906936646
1.6868393421173096
1.729798674583435
1.7493841648101807
1.5649076700210571
1.634966492652893
1.6913490295410156
1.7269806861877441
1.747650146484375
1.602698802947998
1.6520951986312866
1.704604148864746
1.7418456077575684
1.7609646320343018
1.5812736749649048
1.630538821220398
1.6810634136199951
1.7241219282150269
1.7569609880447388
1.5714293718338013
1.6114863157272339
1.669111967086792
1.7128673791885376
1.737943172454834
1.5510770082473755
1.6252959966659546
1.6843267679214478
1.7125682830810547
1.7503306865692139
1.561082124710083
1.6310114860534668
1.667620301246643
1.7106741666793823
1.7336558103561401
1.6632124185562134
1.6975536346435547
1.7196508646011353
1.7324750423431396
1.7455648183822632
1.605515956878662
1.643365740776062
1.6747549772262573
1.7170372009277344
1.7502669095993042
1.6429322957992554
1.6803035736083984
1.7269366979599
1.7454185485839844
1.7619496583938599
1.554763913154602
1.6267420053482056
1.6689890623092651
1.7089840173721313
1.7374727725982666
1.618239402770996
1.659784197807312
1.7075293064117432
1.7338207960128784
1.7619801759719849
1.5635483264923096
1.6203827857971191
1.66400146484375
1.7142797708511353
1.7438600063323975
1.5742367506027222
1.6357805728912354
1.6905865669250488
1.733891248703003
1.7564821243286133
