0.17897725105285645
0.2788419723510742
0.38844767212867737
0.45854562520980835
0.5164181590080261
0.1893358677625656
0.2843444049358368
0.37823623418807983
0.45176246762275696
0.5153951048851013
0.1797921508550644
0.2635749280452728
0.36521193385124207
0.4548649787902832
0.531216561794281
0.18037326633930206
0.28117334842681885
0.38729527592658997
0.46189674735069275
0.528041422367096
0.18378566205501556
0.28511911630630493
0.40468817949295044
0.5052486062049866
0.5669046640396118
0.17368359863758087
0.2712322473526001
0.38245144486427307
0.4455913007259369
0.504932165145874
0.17222757637500763
0.24068334698677063
0.3282872438430786
0.41456690430641174
0.5003716349601746
0.16803781688213348
0.23878183960914612
0.32567375898361206
0.42499735951423645
0.5180481672286987
0.1669093519449234
0.2335076481103897
0.31530845165252686
0.4028763771057129
0.4840363562107086
0.19480358064174652
0.3180857002735138
0.43179771304130554
0.49220556020736694
0.5371975898742676
0.19073237478733063
0.29449981451034546
0.41030317544937134
0.4854372441768646
0.5460858941078186
0.15832053124904633
0.22497478127479553
0.29994669556617737
0.38674283027648926
0.4731519818305969
0.15818527340888977
0.22029301524162292
0.2937067747116089
0.37825942039489746
0.46409156918525696
0.18806007504463196
0.3208393156528473
0.4460868239402771
0.4979035556316376
0.5346779227256775
0.16690294444561005
0.2391301691532135
0.32272157073020935
0.3983437120914459
0.46982523798942566
0.16898371279239655
0.25152841210365295
0.34709081053733826
0.4260033071041107
0.49520939588546753
0.1755458414554596
0.26303553581237793
0.36558693647384644
0.46289917826652527
0.5403959155082703
0.19046154618263245
0.28237003087997437
0.3835003674030304
0.4675140380859375
0.5467942357063293
0.18477503955364227
0.2763575613498688
0.37931448221206665
0.44974157214164734
0.5045766830444336
0.173272967338562
0.24992571771144867
0.3551264703273773
0.46892279386520386
0.540395200252533
0.17281325161457062
0.263051837682724
0.3672451674938202
0.4378070533275604
0.5039821267127991
0.16970115900039673
0.2428501844406128
0.3371172845363617
0.4422873258590698
0.5257617235183716
0.16962799429893494
0.25042998790740967
0.35517358779907227
0.4636097550392151
0.5507941842079163
0.19133007526397705
0.3288436532020569
0.4526035785675049
0.5145111680030823
0.5472148060798645
0.18714037537574768
0.3033504784107208
0.41550493240356445
0.49465590715408325
0.5532349348068237
0.20367419719696045
0.33128106594085693
0.4539989233016968
0.4990459084510803
0.5373637676239014
0.17453542351722717
0.25109267234802246
0.3401992917060852
0.4293826222419739
0.5194056630134583
0.20194806158542633
0.3311968445777893
0.4466466009616852
0.5000598430633545
0.5410791039466858
0.16783660650253296
0.23805630207061768
0.34059298038482666
0.45351091027259827
0.5342274308204651
0.18074752390384674
0.26622799038887024
0.36403653025627136
0.4602539539337158
0.5397185683250427
0.21273036301136017
0.30616363883018494
0.4264378845691681
0.592922568321228
0.7147495746612549
0.22720468044281006
0.31568434834480286
0.4331730306148529
0.5858525633811951
0.6988822817802429
0.23117884993553162
0.3317869305610657
0.46903181076049805
0.6548819541931152
0.7483614683151245
0.21550531685352325
0.30837905406951904
0.43805810809135437
0.5974972248077393
0.7038270235061646
0.233747661113739
0.34125110507011414
0.5179188847541809
0.6408343315124512
0.6963652968406677
0.2015131562948227
0.2897639274597168
0.39739999175071716
0.5483676791191101
0.6677536368370056
0.2028523087501526
0.28301626443862915
0.3900187909603119
0.536912739276886
0.7141771912574768
0.24565225839614868
0.3525348901748657
0.5000854134559631
0.6436792016029358
0.7345389723777771
0.22177965939044952
0.31586986780166626
0.44552135467529297
0.595111608505249
0.7018437385559082
0.2348816990852356
0.3452267646789551
0.4936009645462036
0.6023138165473938
0.6534714102745056
0.28143545985221863
0.427899032831192
0.5925142168998718
0.6697269082069397
0.6930071115493774
0.17088298499584198
0.23560290038585663
0.3212207555770874
0.42352157831192017
0.565468966960907
0.19911444187164307
0.279697448015213
0.3832280933856964
0.5172443389892578
0.6601434946060181
0.24195773899555206
0.3620854318141937
0.5141004323959351
0.627036988735199
0.6775573492050171
0.1873081922531128
0.2624419033527374
0.3592979907989502
0.4900248050689697
0.6542279720306396
0.17634393274784088
0.2507394254207611
0.33857735991477966
0.4509001076221466
0.5977048873901367
0.2511732578277588
0.35826215147972107
0.5104206204414368
0.6760501265525818
0.7398978471755981
0.2677377462387085
0.38265517354011536
0.5520954132080078
0.6764596104621887
0.7295332551002502
0.2122405618429184
0.298899382352829
0.4171576499938965
0.5800897479057312
0.6747704148292542
0.23558473587036133
0.3358289897441864
0.48579710721969604
0.6434628367424011
0.726071298122406
0.18396760523319244
0.2593737840652466
0.3578495979309082
0.48866721987724304
0.6555073857307434
0.25812703371047974
0.3791458308696747
0.5111466646194458
0.6363265514373779
0.7189611196517944
0.2495693415403366
0.3511386811733246
0.49543339014053345
0.6446095108985901
0.7330406308174133
0.27968254685401917
0.44706058502197266
0.5550094246864319
0.5837582349777222
0.5931463241577148
0.21450898051261902
0.3046033978462219
0.4398645758628845
0.6408573985099792
0.7385632395744324
0.273631751537323
0.3994957506656647
0.5434091687202454
0.6290825605392456
0.6670669913291931
0.199227437376976
0.27791234850883484
0.3785897195339203
0.5223016142845154
0.6956292390823364
0.24307173490524292
0.364705353975296
0.5097110271453857
0.613239049911499
0.6679292917251587
0.21836833655834198
0.3099440932273865
0.4448731541633606
0.6053330898284912
0.7222532629966736
0.24192209541797638
0.3501267433166504
0.502999484539032
0.6628274321556091
0.7363264560699463
0.28236740827560425
0.3933505415916443
0.4979269206523895
0.5811957716941833
0.6570005416870117
0.300332635641098
0.41141825914382935
0.5116298198699951
0.5914857983589172
0.6565178632736206
0.28352561593055725
0.3975124955177307
0.5022786259651184
0.5941197872161865
0.6547276377677917
0.2759213447570801
0.3903408348560333
0.48768821358680725
0.5884808301925659
0.6530669331550598
0.27263835072517395
0.38735997676849365
0.48671337962150574
0.5819304585456848
0.6600826978683472
0.2829378545284271
0.40050700306892395
0.5009487867355347
0.5750995874404907
0.6548372507095337
0.26844707131385803
0.36706894636154175
0.4720343053340912
0.5729411840438843
0.6415426135063171
0.25412341952323914
0.34793901443481445
0.4610435366630554
0.5570842027664185
0.6416167616844177
0.25488319993019104
0.3527684211730957
0.45612460374832153
0.5528318881988525
0.6265141367912292
0.29431667923927307
0.4136667549610138
0.5160699486732483
0.586250364780426
0.6555513143539429
0.2914828956127167
0.41548317670822144
0.5174224376678467
0.599953293800354
0.6592220664024353
0.2516346573829651
0.34877750277519226
0.4589996933937073
0.5482593774795532
0.6374737620353699
0.26412391662597656
0.35856330394744873
0.46667248010635376
0.5499262809753418
0.6314188241958618
0.2867337763309479
0.406541109085083
0.4971531331539154
0.5828392505645752
0.6450954675674438
0.2626795172691345
0.36644598841667175
0.4624415934085846
0.5518516302108765
0.6273026466369629
0.2604735791683197
0.37347444891929626
0.4790930151939392
0.5833796858787537
0.6593052744865417
0.2700268626213074
0.37321552634239197
0.48141026496887207
0.5765745043754578
0.6563995480537415
0.2800891697406769
0.3825635313987732
0.49247801303863525
0.5849761962890625
0.6643715500831604
0.2835308313369751
0.3848641812801361
0.478404700756073
0.566703200340271
0.6382447481155396
0.26727616786956787
0.37316152453422546
0.47991475462913513
0.5815425515174866
0.6600039601325989
0.2827991545200348
0.39843788743019104
0.5080904364585876
0.5846328139305115
0.6458584070205688
0.25343888998031616
0.35019922256469727
0.45474934577941895
0.5673068165779114
0.6349212527275085
0.26273348927497864
0.36156779527664185
0.47113263607025146
0.5727795362472534
0.646092414855957
0.3039952218532562
0.4363219738006592
0.5411943793296814
0.6029382348060608
0.6566847562789917
0.29027339816093445
0.40746361017227173
0.514450192451477
0.5968410968780518
0.6658917665481567
0.30502697825431824
0.4380628764629364
0.5372903943061829
0.5988984704017639
0.6591042280197144
0.270097553730011
0.38682541251182556
0.49020522832870483
0.5784660577774048
0.6615418195724487
0.2945275902748108
0.4051753282546997
0.5124646425247192
0.5876924395561218
0.6482083201408386
0.25940269231796265
0.37080830335617065
0.47611576318740845
0.5739009380340576
0.6534695029258728
0.2750298082828522
0.37208348512649536
0.4855274260044098
0.5829227566719055
0.6625274419784546
0.16300201416015625
0.23143097758293152
0.36746180057525635
0.5573326349258423
0.6609578132629395
0.1801699995994568
0.2837371528148651
0.4360067546367645
0.5575324296951294
0.6653202176094055
0.19232511520385742
0.29096657037734985
0.45082488656044006
0.6546559929847717
0.7031271457672119
0.1676473319530487
0.27898672223091125
0.42478033900260925
0.6331465840339661
0.6696816682815552
0.14145173132419586
0.26053398847579956
0.45499148964881897
0.594627320766449
0.688408374786377
0.16448082029819489
0.2837786078453064
0.39312994480133057
0.5373179912567139
0.6456024050712585
0.147726371884346
0.23439869284629822
0.3582914471626282
0.5363742113113403
0.6390342116355896
0.16670402884483337
0.25981810688972473
0.4307937026023865
0.6332123279571533
0.6967650055885315
0.1351722925901413
0.2665182054042816
0.4271613657474518
0.5926772356033325
0.6654467582702637
0.14339032769203186
0.27086755633354187
0.5076966285705566
0.5766245722770691
0.6230802536010742
0.17877958714962006
0.3642154633998871
0.5327575206756592
0.689860999584198
0.6982704997062683
0.16510632634162903
0.20267386734485626
0.3216043710708618
0.46833255887031555
0.6141065955162048
0.16902075707912445
0.2641657292842865
0.40278002619743347
0.5392385721206665
0.6895976066589355
0.19607126712799072
0.357533723115921
0.5067994594573975
0.5849477052688599
0.663603663444519
0.1380240023136139
0.21917764842510223
0.3150719404220581
0.46403151750564575
0.6262016296386719
0.15240557491779327
0.21274888515472412
0.3326844573020935
0.48418155312538147
0.6283016800880432
0.18137943744659424
0.3088553249835968
0.46215054392814636
0.5643223524093628
0.6878840327262878
0.15543560683727264
0.29016566276550293
0.4838170111179352
0.659504234790802
0.7371720671653748
0.1787743717432022
0.27514082193374634
0.40820249915122986
0.5602141618728638
0.6564710736274719
0.14842365682125092
0.2474217414855957
0.4316907525062561
0.5785156488418579
0.6924180388450623
0.14700031280517578
0.23918448388576508
0.34325432777404785
0.507918119430542
0.6098046898841858
0.15397153794765472
0.2995944321155548
0.4751816391944885
0.6299708485603333
0.7295952439308167
0.18035805225372314
0.28482744097709656
0.4358315169811249
0.5832404494285583
0.6811371445655823
0.23926907777786255
0.4300544857978821
0.5412219762802124
0.6123725771903992
0.6123725771903992
0.17103791236877441
0.194034144282341
0.38487082719802856
0.6057734489440918
0.7010947465896606
0.19285006821155548
0.39166510105133057
0.5761675834655762
0.5996569395065308
0.6613979339599609
0.169014573097229
0.25439244508743286
0.3697575032711029
0.5511584281921387
0.6359925866127014
0.17792949080467224
0.3597016930580139
0.5305622220039368
0.6396389603614807
0.6815942525863647
0.14935322105884552
0.23731739819049835
0.3837085962295532
0.5970260500907898
0.6879338026046753
0.15911756455898285
0.26966777443885803
0.45982372760772705
0.6041756868362427
0.7216553092002869
0.17769117653369904
0.2825540006160736
0.4244807958602905
0.5899842977523804
0.7307817935943604
0.22912633419036865
0.3698575496673584
0.5141674280166626
0.6360953450202942
0.710283637046814
0.21413439512252808
0.35145822167396545
0.50627601146698
0.6662806272506714
0.7544750571250916
0.2230844497680664
0.37569770216941833
0.4963790476322174
0.628681480884552
0.7193425893783569
0.230424702167511
0.3628058135509491
0.5144512057304382
0.6576022505760193
0.7054657340049744
0.19864538311958313
0.2927681803703308
0.42359524965286255
0.569271445274353
0.6966611742973328
0.18454815447330475
0.29090288281440735
0.44319573044776917
0.5822324752807617
0.7230391502380371
0.18294064700603485
0.3073872923851013
0.4761388301849365
0.6425269246101379
0.7477318644523621
0.17747852206230164
0.3012828826904297
0.46187567710876465
0.6260126233100891
0.7233098149299622
0.2227032482624054
0.3691030442714691
0.5123568773269653
0.6213663816452026
0.6721943616867065
0.22832155227661133
0.4292515516281128
0.5879323482513428
0.6796836853027344
0.7089592218399048
0.17193539440631866
0.2524983286857605
0.4018253982067108
0.5319145321846008
0.6422913670539856
0.17256462574005127
0.28655532002449036
0.4343130886554718
0.5406990647315979
0.6731123924255371
0.27527162432670593
0.4063333570957184
0.5496910810470581
0.651090681552887
0.6838203072547913
0.17603909969329834
0.2716723382472992
0.3802820146083832
0.5080952644348145
0.6678878664970398
0.17283056676387787
0.2676032483577728
0.4023742377758026
0.5398948192596436
0.6521240472793579
0.20693644881248474
0.37023332715034485
0.5291538834571838
0.6765161156654358
0.7502975463867188
0.21626785397529602
0.37530872225761414
0.5506193041801453
0.6882785558700562
0.7416422963142395
0.230412557721138
0.34729859232902527
0.48057934641838074
0.6062018275260925
0.6832066774368286
0.19657857716083527
0.31492555141448975
0.46979427337646484
0.6435552835464478
0.7396650910377502
0.18951541185379028
0.3002234697341919
0.4284735321998596
0.5595607757568359
0.679115355014801
0.17906028032302856
0.3300921618938446
0.529521644115448
0.6594537496566772
0.7365323305130005
0.19552019238471985
0.3420686423778534
0.49484434723854065
0.6469401121139526
0.7523415684700012
0.29657140374183655
0.45449042320251465
0.563774824142456
0.6141855120658875
0.6277485489845276
0.1993514746427536
0.314002126455307
0.45205050706863403
0.6422743797302246
0.7505229711532593
0.2602836787700653
0.41615015268325806
0.5648360848426819
0.6609848141670227
0.6905336380004883
0.1999496966600418
0.313909649848938
0.4609193801879883
0.5947992205619812
0.7145551443099976
0.2503676116466522
0.406345933675766
0.5434998273849487
0.6405866146087646
0.6784870028495789
0.18594355881214142
0.29286834597587585
0.4355294406414032
0.6109716892242432
0.7338436245918274
0.19618171453475952
0.33016663789749146
0.5061943531036377
0.6730014085769653
0.7444471716880798
