0.062     
0.206     
0.262     
0.375     
0.467     
0.0316    
0.125     
0.245     
0.373     
0.501     
0.0292    
0.0814    
0.215     
0.383     
0.472     
0.0278    
0.0879    
0.252     
0.409     
0.517     
0.0266    
0.0892    
0.252     
0.435     
0.545     
0.104     
0.206     
0.349     
0.439     
0.498     
0.0285    
0.12      
0.272     
0.413     
0.489     
0.00554   
0.109     
0.204     
0.325     
0.47      
0.0333    
0.0652    
0.172     
0.237     
0.358     
0.0878    
0.15      
0.275     
0.375     
0.48      
0.0524    
0.13      
0.216     
0.312     
0.44      
0.0135    
0.0636    
0.136     
0.25      
0.381     
0.0285    
0.0603    
0.117     
0.202     
0.336     
0.0325    
0.151     
0.255     
0.384     
0.487     
0.0221    
0.137     
0.295     
0.437     
0.536     
0.0       
0.0566    
0.132     
0.267     
0.442     
0.0124    
0.0811    
0.183     
0.325     
0.468     
0.0403    
0.0691    
0.224     
0.401     
0.476     
0.0509    
0.188     
0.323     
0.432     
0.545     
0.0025    
0.105     
0.185     
0.382     
0.513     
0.0325    
0.131     
0.259     
0.382     
0.513     
0.0314    
0.136     
0.237     
0.355     
0.463     
0.0188    
0.0635    
0.212     
0.293     
0.434     
0.0393    
0.206     
0.302     
0.409     
0.515     
0.0421    
0.179     
0.326     
0.458     
0.549     
0.0352    
0.166     
0.322     
0.419     
0.577     
0.0286    
0.0903    
0.22      
0.342     
0.45      
0.02      
0.119     
0.199     
0.329     
0.436     
0.0176    
0.0985    
0.214     
0.347     
0.472     
0.0518    
0.197     
0.289     
0.409     
0.49      
0.0427    
0.142     
0.341     
0.471     
0.75      
0.025     
0.114     
0.259     
0.464     
0.896     
0.0835    
0.216     
0.363     
0.571     
0.913     
0.0607    
0.182     
0.348     
0.636     
0.777     
0.0781    
0.202     
0.482     
0.779     
0.953     
0.0667    
0.147     
0.399     
0.508     
0.75      
0.0317    
0.187     
0.29      
0.485     
0.758     
0.047     
0.249     
0.408     
0.589     
0.785     
0.0443    
0.122     
0.247     
0.405     
0.763     
0.037     
0.149     
0.262     
0.538     
0.856     
0.0558    
0.361     
0.583     
0.8       
0.913     
0.0159    
0.11      
0.18      
0.29      
0.442     
0.0125    
0.0676    
0.231     
0.341     
0.57      
0.0589    
0.227     
0.462     
0.673     
0.966     
0.0742    
0.163     
0.296     
0.47      
0.655     
0.0135    
0.0781    
0.207     
0.351     
0.59      
0.0477    
0.177     
0.359     
0.588     
0.79      
0.0351    
0.172     
0.365     
0.607     
0.868     
0.0879    
0.23      
0.381     
0.569     
0.846     
0.0341    
0.189     
0.471     
0.67      
0.88      
0.0114    
0.0833    
0.242     
0.416     
0.658     
0.046     
0.161     
0.395     
0.549     
0.769     
0.0198    
0.14      
0.3       
0.46      
0.696     
0.0731    
0.309     
0.726     
0.963     
0.999     
0.0865    
0.191     
0.307     
0.548     
0.846     
0.0754    
0.293     
0.559     
0.818     
0.963     
0.0364    
0.115     
0.23      
0.407     
0.606     
0.0605    
0.235     
0.518     
0.747     
0.933     
0.0564    
0.206     
0.349     
0.521     
0.719     
0.0864    
0.198     
0.42      
0.616     
0.834     
0.0524    
0.253     
0.376     
0.49      
0.565     
0.126     
0.319     
0.475     
0.601     
0.708     
0.0677    
0.243     
0.498     
0.62      
0.724     
0.0508    
0.293     
0.429     
0.595     
0.697     
0.0279    
0.195     
0.382     
0.549     
0.727     
0.222     
0.325     
0.503     
0.595     
0.667     
0.0317    
0.226     
0.376     
0.57      
0.699     
0.0115    
0.0888    
0.265     
0.467     
0.639     
0.0465    
0.247     
0.371     
0.484     
0.645     
0.17      
0.272     
0.448     
0.569     
0.681     
0.0661    
0.27      
0.403     
0.487     
0.607     
0.0227    
0.0922    
0.333     
0.401     
0.576     
0.00404   
0.19      
0.338     
0.451     
0.61      
0.032     
0.193     
0.352     
0.505     
0.642     
0.125     
0.29      
0.44      
0.572     
0.659     
0.0175    
0.143     
0.323     
0.518     
0.673     
0.0309    
0.208     
0.32      
0.514     
0.598     
0.0869    
0.254     
0.491     
0.618     
0.735     
0.0948    
0.31      
0.524     
0.653     
0.752     
0.0323    
0.139     
0.336     
0.513     
0.738     
0.198     
0.297     
0.422     
0.547     
0.636     
0.0215    
0.18      
0.356     
0.575     
0.702     
0.0476    
0.225     
0.411     
0.536     
0.679     
0.119     
0.339     
0.531     
0.617     
0.721     
0.224     
0.369     
0.539     
0.607     
0.734     
0.0724    
0.366     
0.586     
0.697     
0.816     
0.0672    
0.294     
0.432     
0.586     
0.701     
0.0388    
0.173     
0.345     
0.538     
0.653     
0.0645    
0.203     
0.371     
0.6       
0.683     
0.0987    
0.262     
0.49      
0.638     
0.742     
0.0129    
0.0691    
0.197     
0.501     
0.687     
0.0303    
0.0645    
0.389     
0.607     
0.819     
0.0       
0.0499    
0.328     
0.737     
0.832     
0.0372    
0.0758    
0.273     
0.743     
0.816     
0.0233    
0.0309    
0.41      
0.699     
0.808     
0.041     
0.16      
0.378     
0.704     
0.812     
0.0289    
0.0299    
0.236     
0.514     
0.696     
0.00215   
0.034     
0.258     
0.586     
0.724     
0.0324    
0.0682    
0.22      
0.55      
0.71      
0.022     
0.134     
0.647     
0.762     
0.846     
0.00811   
0.18      
0.518     
0.725     
0.791     
0.016     
0.0749    
0.154     
0.322     
0.551     
0.022     
0.0467    
0.135     
0.463     
0.734     
0.017     
0.274     
0.532     
0.654     
0.77      
0.0207    
0.0788    
0.156     
0.429     
0.73      
0.000208  
0.00929   
0.0378    
0.269     
0.639     
0.0156    
0.0633    
0.324     
0.568     
0.766     
0.0226    
0.0917    
0.362     
0.699     
0.827     
0.0272    
0.0987    
0.425     
0.745     
0.846     
0.0137    
0.0751    
0.3       
0.599     
0.829     
0.0241    
0.043     
0.181     
0.537     
0.666     
0.0196    
0.125     
0.307     
0.663     
0.78      
0.0219    
0.0597    
0.261     
0.555     
0.711     
0.0312    
0.436     
0.693     
0.885     
0.918     
0.0432    
0.117     
0.342     
0.722     
0.826     
0.0466    
0.369     
0.714     
0.776     
0.891     
0.0263    
0.0573    
0.168     
0.578     
0.727     
0.0155    
0.129     
0.488     
0.69      
0.775     
0.0376    
0.108     
0.229     
0.59      
0.73      
0.0312    
0.119     
0.348     
0.621     
0.783     
0.012     
0.135     
0.364     
0.576     
0.827     
0.027     
0.191     
0.486     
0.754     
0.956     
0.000294  
0.118     
0.389     
0.697     
0.904     
0.0381    
0.203     
0.409     
0.651     
0.825     
0.0276    
0.143     
0.46      
0.779     
0.926     
0.0786    
0.209     
0.405     
0.639     
0.785     
0.0287    
0.0429    
0.323     
0.547     
0.766     
0.00214   
0.0725    
0.386     
0.631     
0.805     
0.0269    
0.0744    
0.245     
0.546     
0.811     
0.0443    
0.238     
0.559     
0.762     
0.977     
0.00813   
0.176     
0.518     
0.808     
0.972     
0.0154    
0.0563    
0.179     
0.379     
0.609     
0.0223    
0.0442    
0.17      
0.377     
0.617     
0.0312    
0.267     
0.509     
0.763     
0.907     
0.0654    
0.167     
0.248     
0.408     
0.682     
0.000208  
0.0448    
0.16      
0.394     
0.693     
0.0146    
0.106     
0.381     
0.665     
0.821     
0.0549    
0.15      
0.373     
0.723     
0.887     
0.0317    
0.182     
0.434     
0.681     
0.886     
0.0171    
0.172     
0.364     
0.671     
0.91      
0.0183    
0.09      
0.306     
0.501     
0.754     
0.00401   
0.0803    
0.391     
0.605     
0.837     
0.00403   
0.0778    
0.187     
0.555     
0.757     
0.0239    
0.301     
0.655     
0.851     
1.0       
0.0584    
0.178     
0.391     
0.606     
0.889     
0.0328    
0.313     
0.572     
0.837     
0.967     
0.036     
0.164     
0.35      
0.533     
0.764     
0.00197   
0.162     
0.532     
0.802     
0.984     
0.0451    
0.114     
0.317     
0.548     
0.772     
0.042     
0.122     
0.403     
0.641     
0.897     
