0.26638024066716426
0.3665732082630626
0.43483098088563565
0.4657419027022094
0.540062412719081
0.3428903141115178
0.36748889393951245
0.4141410784108679
0.4579460368533752
0.4890475709637485
0.36655538110426633
0.5312447495321635
0.5842759309518932
0.6219175482500674
0.6382895088230534
0.293651905203717
0.3645458635709389
0.45164767643888126
0.5280355544040596
0.6310960399338263
0.2751109549309696
0.3291406615645087
0.41644682387172693
0.49971148719265557
0.5523906337557491
0.34207742639589256
0.39318211264793845
0.4593468283374591
0.5044920917179674
0.573408712576807
0.5994452041177425
0.493396446936206
0.4571530621576336
0.35858050361275673
0.3512362788754366
0.3410274471003163
0.4232679718520025
0.48713462623186743
0.5964903850147039
0.6263843655859525
0.2985144123266572
0.36350842452976906
0.43325661951259065
0.496488173653745
0.580388993426201
0.3337379316222986
0.366317967578059
0.42257614121129805
0.4625685536417592
0.5001343560633451
0.5552300904633434
0.46161063780383316
0.43915912067209106
0.35419734283738435
0.3428728630362663
0.25468942659303195
0.3586516774110784
0.4028150366267802
0.4877148843832835
0.5860605321055381
0.35038906568196637
0.3956766277551651
0.4684350463834086
0.5042610496384583
0.5689786483667412
0.34182821423343057
0.4093637334216318
0.452329946861628
0.5306149148813724
0.5470099274361964
0.5863072343381646
0.46487872265976193
0.42824956771127987
0.35304681226992685
0.35074543567433025
0.36946374319290953
0.5273600979857953
0.5769982021831765
0.617114458760625
0.6529643195883637
0.229626247335446
0.3435547622595472
0.429783396342831
0.5365800259720608
0.5953034744585608
0.2801457804950793
0.317583155751894
0.41242374032164264
0.4823857618696401
0.5288437252378095
0.34838924038482233
0.3838241690573341
0.43691069525977255
0.5194403155574179
0.5661568576443052
0.539647679657552
0.452053306010626
0.41684818199891893
0.34370109146033556
0.3405951338847899
0.2909917581883157
0.3350117431132418
0.42670680026336427
0.5144791839966842
0.5937236231029743
0.3447637148783542
0.3920086783865351
0.4488022665296434
0.522951892261748
0.5642764863394092
0.5465468824696131
0.44594053287170254
0.41691691549205245
0.34573334507186715
0.34159602328963956
0.2832237483203812
0.3469299015415892
0.443812568556897
0.49006899599704923
0.57352092336615
0.3074584660571986
0.35035223205704824
0.40249717852549693
0.4787615104550049
0.5419803984025293
0.359224608684233
0.3955822259883668
0.4572339892334334
0.5073729070122823
0.5734765974384715
0.2855930923381642
0.4570252377649844
0.5368460439983416
0.5554910958186419
0.5996186416298066
0.23072291198298345
0.3434612788264566
0.43123197266590196
0.4773551203199986
0.5348653315620346
0.31597751011582886
0.3496545233020676
0.4348753959071452
0.49826024400046265
0.5390529670169286
0.5317261285307531
0.45437478533233744
0.4035122368516255
0.3429210290825644
0.33408738672733307
0.39945153643954256
0.42824956771127987
0.5182969636622126
0.600815757755587
0.6578511189950973
0.3133537169674163
0.3449693226650119
0.4494550522804417
0.4889373681610465
0.5745230919356779
0.36336203344200513
0.4431947657068669
0.5167831379255325
0.5555810138390349
0.6100964067869086
0.5634867700448467
0.45313590172932905
0.41713138808978556
0.35225727081957814
0.34817649608251955
0.2884843037504794
0.37968080734982834
0.4376528783914182
0.5265035834563356
0.6801618416540443
0.39437998373672656
0.4222321422392703
0.4529625865687059
0.5305009053338381
0.5835725964965519
0.5259597321629741
0.4464963593875382
0.3975722146508396
0.34271372972344594
0.3377298440909726
