0.30864158272743225
0.3612164556980133
0.4310930073261261
0.480720579624176
0.5315089225769043
0.3363807201385498
0.3958618938922882
0.45543211698532104
0.5136128664016724
0.5683324933052063
0.36374056339263916
0.4372345209121704
0.5052862167358398
0.5539557337760925
0.5957933664321899
0.3572138249874115
0.4298022389411926
0.5046998858451843
0.5489047169685364
0.6014381647109985
0.2764487862586975
0.3281064033508301
0.3880992829799652
0.4619060158729553
0.5386308431625366
0.31087008118629456
0.3692338764667511
0.42847171425819397
0.4827522337436676
0.5363219976425171
0.3287707269191742
0.3937905728816986
0.4709703028202057
0.5314777493476868
0.5849658846855164
0.3048759400844574
0.35357972979545593
0.41092994809150696
0.4804418087005615
0.5363942980766296
0.35968342423439026
0.4419291615486145
0.5101907849311829
0.555761992931366
0.5897337198257446
0.3567652702331543
0.42409172654151917
0.4878588318824768
0.5440748333930969
0.5904008746147156
0.3291356563568115
0.394443541765213
0.4573703408241272
0.5047338008880615
0.5605074763298035
0.34281086921691895
0.4053492546081543
0.46529093384742737
0.516058623790741
0.57120281457901
0.2817656695842743
0.32716235518455505
0.37295886874198914
0.42347562313079834
0.4787457585334778
0.28844237327575684
0.33813390135765076
0.4055076837539673
0.46981507539749146
0.5374660491943359
0.36084532737731934
0.43154293298721313
0.500770628452301
0.5412507653236389
0.5857430100440979
0.3754926025867462
0.4297691881656647
0.4951280653476715
0.5454028248786926
0.5867035984992981
0.35151907801628113
0.4219042658805847
0.4950186610221863
0.5422924757003784
0.5839589834213257
0.31466540694236755
0.3692350685596466
0.42283952236175537
0.47812366485595703
0.5384131073951721
0.3385985493659973
0.39796656370162964
0.45994794368743896
0.5067274570465088
0.5569608211517334
0.3093463182449341
0.3749412000179291
0.44985219836235046
0.5388416051864624
0.5932395458221436
0.34327828884124756
0.4150436222553253
0.47831374406814575
0.5237779021263123
0.552596390247345
0.3292875587940216
0.3929780423641205
0.45263350009918213
0.5056827068328857
0.5565854907035828
0.3683519959449768
0.4523126780986786
0.5203142762184143
0.5625661015510559
0.5954052209854126
0.32499420642852783
0.3773622214794159
0.45066189765930176
0.507922351360321
0.5664758682250977
0.34480032324790955
0.4167759418487549
0.49186059832572937
0.5323737859725952
0.5623095035552979
0.28579747676849365
0.32776808738708496
0.38440608978271484
0.4300110340118408
0.47608479857444763
0.2729857563972473
0.31747621297836304
0.377530038356781
0.4311443865299225
0.49218785762786865
0.2941087782382965
0.3447766900062561
0.4169890582561493
0.4799664318561554
0.5325512290000916
0.2949642241001129
0.35387206077575684
0.42134568095207214
0.48308029770851135
0.5377143025398254
0.2395051121711731
0.28060269355773926
0.32960963249206543
0.38946834206581116
0.45104509592056274
0.2706928551197052
0.31362777948379517
0.37178683280944824
0.4279564321041107
0.47900429368019104
0.26612260937690735
0.3180801570415497
0.3791913688182831
0.44833043217658997
0.5128786563873291
0.26817846298217773
0.308537095785141
0.3605037331581116
0.4168809652328491
0.4699704647064209
0.2888816297054291
0.3471863269805908
0.41387268900871277
0.49022433161735535
0.538987398147583
0.2979995906352997
0.3497711718082428
0.40690919756889343
0.46360230445861816
0.5185506343841553
0.2790057957172394
0.3198237121105194
0.38183823227882385
0.4383229911327362
0.49153923988342285
0.2923582196235657
0.34144628047943115
0.3958839178085327
0.4458388388156891
0.5054097771644592
0.26509711146354675
0.2993996739387512
0.34047383069992065
0.3920719027519226
0.4387507140636444
0.25328192114830017
0.29401567578315735
0.3457532525062561
0.3933859169483185
0.45657292008399963
0.2936226725578308
0.3528312146663666
0.4185783565044403
0.47955814003944397
0.5338718891143799
0.3104979395866394
0.3642439544200897
0.42207908630371094
0.4771164655685425
0.537486732006073
0.2995416522026062
0.3544749617576599
0.4068911075592041
0.4725809097290039
0.5159988403320312
0.27175214886665344
0.30885031819343567
0.3638421297073364
0.41768354177474976
0.4747626781463623
0.2845464050769806
0.32673323154449463
0.3919709324836731
0.44824814796447754
0.5039758086204529
0.2641802430152893
0.3076939880847931
0.3720102310180664
0.44221633672714233
0.5203907489776611
0.2830684781074524
0.32582980394363403
0.3969755172729492
0.46338626742362976
0.5082955956459045
0.27622130513191223
0.3234601318836212
0.38114404678344727
0.44197630882263184
0.4984549582004547
0.29680123925209045
0.35699620842933655
0.4300776720046997
0.4971567690372467
0.5514273643493652
0.2789143919944763
0.31527453660964966
0.37649667263031006
0.43162813782691956
0.491984099149704
0.2886899411678314
0.3412814438343048
0.40932443737983704
0.4713703393936157
0.5146930813789368
0.42842188477516174
0.4790598452091217
0.5265803337097168
0.5849804282188416
0.6417317390441895
0.45395007729530334
0.5098970532417297
0.5702263116836548
0.6269492506980896
0.6828446984291077
0.4909802973270416
0.5458199977874756
0.5949354767799377
0.6466873288154602
0.6883559226989746
0.47905343770980835
0.5206034779548645
0.5871883034706116
0.6417292952537537
0.6830907464027405
0.37684810161590576
0.44921034574508667
0.5171789526939392
0.59992516040802
0.6711281538009644
0.4176799952983856
0.4796719253063202
0.5426599979400635
0.595641016960144
0.6586465239524841
0.4476529061794281
0.5081858038902283
0.5674925446510315
0.6251388192176819
0.6802681684494019
0.41258832812309265
0.4602168798446655
0.5299202799797058
0.596131443977356
0.6676371693611145
0.4954610764980316
0.5453000664710999
0.589107096195221
0.6332882642745972
0.68549644947052
0.47044578194618225
0.529746949672699
0.5850577354431152
0.6435527801513672
0.6945964694023132
0.4419560730457306
0.4981515109539032
0.5530054569244385
0.6185486912727356
0.6723713874816895
0.4504564702510834
0.5006669759750366
0.5622026920318604
0.6196300983428955
0.6675595045089722
0.381188303232193
0.4326581358909607
0.4927724599838257
0.5564321875572205
0.6140903234481812
0.397307813167572
0.4619874954223633
0.5407470464706421
0.6054954528808594
0.6716437935829163
0.48573440313339233
0.5315840244293213
0.5847780704498291
0.6332376003265381
0.6781553030014038
0.485012024641037
0.538604736328125
0.5933904051780701
0.6419207453727722
0.6917727589607239
0.47225794196128845
0.5214921236038208
0.5633554458618164
0.6052381992340088
0.655072808265686
0.41381919384002686
0.46524012088775635
0.5317901968955994
0.5982986688613892
0.6604078412055969
0.44594383239746094
0.4977249503135681
0.5606801509857178
0.6152005791664124
0.6719310283660889
0.44322600960731506
0.5197714567184448
0.5890316367149353
0.6370571255683899
0.6920405626296997
0.4699278473854065
0.5106369853019714
0.5601454973220825
0.6119056344032288
0.6796247363090515
0.44465720653533936
0.5042205452919006
0.5595856308937073
0.6121243238449097
0.6721309423446655
0.4991416037082672
0.5440175533294678
0.5872341394424438
0.6287183165550232
0.677764356136322
0.43191102147102356
0.4932863116264343
0.5574201345443726
0.6199225783348083
0.6891608238220215
0.4819623529911041
0.5255857706069946
0.5627509355545044
0.5984483361244202
0.6452245116233826
0.20041336119174957
0.22822660207748413
0.26335760951042175
0.30289849638938904
0.3581530749797821
0.22744250297546387
0.2575818598270416
0.2957436740398407
0.34887436032295227
0.4263869524002075
0.22982236742973328
0.268290638923645
0.3126983940601349
0.3743354380130768
0.4575967490673065
0.21918894350528717
0.25215286016464233
0.29117536544799805
0.35061609745025635
0.4384712874889374
0.18725381791591644
0.21193191409111023
0.24553601443767548
0.2891133725643158
0.3472186028957367
0.2073214203119278
0.23325757682323456
0.26765120029449463
0.31455928087234497
0.3649061918258667
0.19609495997428894
0.22748291492462158
0.26703980565071106
0.32454338669776917
0.3968825340270996
0.20618034899234772
0.23112109303474426
0.26491227746009827
0.30935031175613403
0.36807185411453247
0.2058844268321991
0.23781150579452515
0.2804228961467743
0.3382517695426941
0.41113725304603577
0.22273282706737518
0.2498077154159546
0.290354460477829
0.3464907705783844
0.4175477921962738
0.21237730979919434
0.23762132227420807
0.27571237087249756
0.3252900540828705
0.38988372683525085
0.23223230242729187
0.26324230432510376
0.30826520919799805
0.36856546998023987
0.44332149624824524
0.1978510320186615
0.21693792939186096
0.24547982215881348
0.2786600887775421
0.32468903064727783
0.19612257182598114
0.21986626088619232
0.25348079204559326
0.29891708493232727
0.35873040556907654
0.23733071982860565
0.27087947726249695
0.31371384859085083
0.3685987889766693
0.43648451566696167
0.22423231601715088
0.24900785088539124
0.287228524684906
0.33418360352516174
0.39294156432151794
0.20702701807022095
0.23102234303951263
0.26990029215812683
0.32127857208251953
0.38798806071281433
0.2143642008304596
0.24069611728191376
0.2734493017196655
0.31453174352645874
0.36908096075057983
0.19618959724903107
0.23439869284629822
0.27385711669921875
0.3129067122936249
0.3915133476257324
0.24505515396595
0.28152838349342346
0.3282689154148102
0.38731685280799866
0.462528795003891
0.20612601935863495
0.2328561544418335
0.26759085059165955
0.31553977727890015
0.3750176727771759
0.22071175277233124
0.24743351340293884
0.28790685534477234
0.3394085764884949
0.4061780869960785
0.2025880366563797
0.23477387428283691
0.2757420539855957
0.32999059557914734
0.397380530834198
0.21029767394065857
0.236871600151062
0.27180975675582886
0.31717154383659363
0.3734419047832489
0.22195662558078766
0.2546318769454956
0.2950195372104645
0.34800103306770325
0.4055933654308319
0.2436876893043518
0.2854633629322052
0.37894266843795776
0.4777863621711731
0.5689293146133423
0.27347829937934875
0.3223569393157959
0.4216337203979492
0.5180767178535461
0.6115495562553406
0.2765860855579376
0.3378131091594696
0.4637247920036316
0.5569106936454773
0.6304640769958496
0.27789855003356934
0.3325308561325073
0.4563469886779785
0.5568162798881531
0.6287321448326111
0.2232876718044281
0.2613388001918793
0.34926921129226685
0.4687681794166565
0.6038482785224915
0.24941831827163696
0.29128557443618774
0.39006298780441284
0.4858502149581909
0.5780575275421143
0.2571955621242523
0.3094131648540497
0.425110787153244
0.5358298420906067
0.6262592673301697
0.24834956228733063
0.2874194383621216
0.3750048875808716
0.47754520177841187
0.5900542736053467
0.27460435032844543
0.3360346555709839
0.47076839208602905
0.5606191754341125
0.6267876625061035
0.2892724573612213
0.3440263569355011
0.45281368494033813
0.5450755953788757
0.631906270980835
0.26101911067962646
0.3093942105770111
0.41154417395591736
0.508866012096405
0.6065689921379089
0.27200284600257874
0.32162654399871826
0.42413410544395447
0.5164665579795837
0.6106210947036743
0.23004969954490662
0.26057758927345276
0.3276408612728119
0.41528743505477905
0.5202303528785706
0.23492296040058136
0.2726164162158966
0.35715335607528687
0.46720924973487854
0.5903932452201843
0.27748069167137146
0.33802807331085205
0.46165385842323303
0.5500165224075317
0.6221870183944702
0.28790807723999023
0.34461525082588196
0.4572754502296448
0.5421149730682373
0.6192763447761536
0.26888737082481384
0.32397717237472534
0.45113974809646606
0.5487433671951294
0.6150178909301758
0.25231561064720154
0.2949734628200531
0.38983410596847534
0.48299741744995117
0.593322217464447
0.2666230797767639
0.31761717796325684
0.42230314016342163
0.5098268985748291
0.5984700918197632
0.24670706689357758
0.29513120651245117
0.41433319449424744
0.5508996844291687
0.634648323059082
0.26786431670188904
0.32294586300849915
0.4415407180786133
0.5176599621772766
0.5954738259315491
0.2649298310279846
0.31219708919525146
0.4177549481391907
0.5083529353141785
0.5978218913078308
0.2813051640987396
0.3476381301879883
0.4817410111427307
0.5606732964515686
0.6196966171264648
0.25589683651924133
0.3042798340320587
0.40987470746040344
0.5144087672233582
0.6159876585006714
0.2672217786312103
0.32607483863830566
0.4516694247722626
0.5380063652992249
0.6033916473388672
0.3187553882598877
0.3734475076198578
0.4286481440067291
0.48235857486724854
0.538729190826416
0.35667482018470764
0.4320627450942993
0.510509192943573
0.5614007711410522
0.612510085105896
0.38016626238822937
0.4435746371746063
0.5165559649467468
0.5666284561157227
0.6138871312141418
0.3493153750896454
0.4413469731807709
0.5139942169189453
0.5682408809661865
0.6228958368301392
0.29869210720062256
0.3622494339942932
0.43419331312179565
0.5030936598777771
0.5904317498207092
0.34722423553466797
0.45424962043762207
0.5044996738433838
0.5495147705078125
0.5887823104858398
0.33429792523384094
0.39637041091918945
0.4623837172985077
0.5312455892562866
0.5922223925590515
0.3296079635620117
0.4071989357471466
0.4831588864326477
0.5426064729690552
0.6164957880973816
0.36378011107444763
0.4449405372142792
0.5103548765182495
0.5664764046669006
0.6039366722106934
0.34411367774009705
0.4395076036453247
0.5116065740585327
0.5710299611091614
0.6189749240875244
0.36556476354599
0.4234037697315216
0.47753897309303284
0.5248203277587891
0.5898683667182922
0.3607611060142517
0.45610809326171875
0.5149574875831604
0.5584555268287659
0.6105863451957703
0.29203686118125916
0.34101709723472595
0.3981904685497284
0.4487062990665436
0.5044485330581665
0.309287428855896
0.38833874464035034
0.44054463505744934
0.5031687617301941
0.5778864622116089
0.4085986614227295
0.4811550974845886
0.5397881865501404
0.581207811832428
0.6207680106163025
0.3500562906265259
0.43096646666526794
0.4899863004684448
0.5561420917510986
0.6070245504379272
0.3819791376590729
0.46676895022392273
0.5206342935562134
0.5541884899139404
0.594109058380127
0.33113518357276917
0.4269789457321167
0.48186925053596497
0.5431485176086426
0.5960118770599365
0.3311368525028229
0.392412394285202
0.45513084530830383
0.5119843482971191
0.5748239159584045
0.43591272830963135
0.5454897284507751
0.5941814184188843
0.6335031390190125
0.6748313307762146
0.3316521942615509
0.40636059641838074
0.48395517468452454
0.5372202396392822
0.5765770077705383
0.3371303677558899
0.4263969957828522
0.4829365015029907
0.5384777188301086
0.5887433290481567
0.3843563199043274
0.45171689987182617
0.5232663154602051
0.5731682777404785
0.6117569208145142
0.31245967745780945
0.39936625957489014
0.4680430591106415
0.5232628583908081
0.5886093378067017
0.3787687122821808
0.44263267517089844
0.5044692754745483
0.5551767349243164
0.5943918824195862
0.3505663573741913
0.39630457758903503
0.4643424153327942
0.5169802308082581
0.6073663234710693
0.3771636486053467
0.43775227665901184
0.5178975462913513
0.5735796689987183
0.6404511332511902
0.43369099497795105
0.4981653392314911
0.5506700873374939
0.5943893790245056
0.6475422382354736
0.4392147660255432
0.5082983374595642
0.5699449181556702
0.637389063835144
0.693709135055542
0.3132510781288147
0.39217036962509155
0.4696822762489319
0.5660462379455566
0.6217697858810425
0.35857918858528137
0.4135035574436188
0.4631374478340149
0.5345154404640198
0.5885977745056152
0.36610108613967896
0.4311875104904175
0.5056964755058289
0.5828236937522888
0.6381199359893799
0.3249005973339081
0.3903917670249939
0.46065062284469604
0.5392119884490967
0.6070866584777832
0.39355310797691345
0.45471444725990295
0.49953144788742065
0.5812568664550781
0.6364008784294128
0.4209950566291809
0.4798393249511719
0.5510826706886292
0.6300797462463379
0.672224223613739
0.3525235056877136
0.4443413019180298
0.4988950490951538
0.5807960629463196
0.6366559863090515
0.418064683675766
0.4621514081954956
0.5591387748718262
0.5905968546867371
0.6435828804969788
0.29977017641067505
0.3509826064109802
0.41439297795295715
0.5041858553886414
0.601995587348938
0.33521270751953125
0.40066108107566833
0.5103988647460938
0.5780659317970276
0.6589450240135193
0.44620266556739807
0.5173709392547607
0.550230860710144
0.6258607506752014
0.6919886469841003
0.42692482471466064
0.4904392659664154
0.5819457769393921
0.6275254487991333
0.6994974613189697
0.409330815076828
0.5120523571968079
0.593620240688324
0.6373728513717651
0.6894596815109253
0.3538462221622467
0.42575910687446594
0.5153321623802185
0.578740656375885
0.6417385339736938
0.3805676996707916
0.4527911841869354
0.5230162143707275
0.5742115378379822
0.6402350664138794
0.3578617572784424
0.43036481738090515
0.5044870376586914
0.5784053802490234
0.6124723553657532
0.37260109186172485
0.45238155126571655
0.47717583179473877
0.5458328723907471
0.6171364784240723
0.3624833822250366
0.4202004075050354
0.4901440441608429
0.5549570322036743
0.6327080130577087
0.44211912155151367
0.5391345620155334
0.6086381077766418
0.6466825008392334
0.7098160982131958
0.3678610026836395
0.434091717004776
0.5243642330169678
0.5882156491279602
0.668922483921051
0.5254727602005005
0.5373653769493103
0.5548622012138367
0.5841084122657776
0.6232789158821106
0.33382105827331543
0.4191073179244995
0.5300527811050415
0.6513620615005493
0.7254934310913086
0.33783140778541565
0.4222973883152008
0.5312644839286804
0.6336565613746643
0.6982991695404053
0.31208252906799316
0.3875998854637146
0.48944729566574097
0.6008205413818359
0.6790192127227783
0.3109801411628723
0.3852507174015045
0.4836300313472748
0.5813844799995422
0.6587644815444946
0.35112035274505615
0.43598559498786926
0.5513820052146912
0.6833919882774353
0.7773626446723938
0.36829814314842224
0.45030808448791504
0.5453954935073853
0.6512134671211243
0.7286819815635681
0.3021652102470398
0.37655359506607056
0.4813028573989868
0.6063965559005737
0.7312909364700317
0.3749616742134094
0.4727441668510437
0.6039685010910034
0.7139540314674377
0.7874009013175964
0.3146388828754425
0.39369523525238037
0.5035038590431213
0.6267575025558472
0.7113189101219177
0.33405184745788574
0.4167487621307373
0.5338070392608643
0.6521149277687073
0.720470666885376
0.35505568981170654
0.44212576746940613
0.5492027997970581
0.6656900644302368
0.7314244508743286
0.3307420015335083
0.4158399999141693
0.5292729139328003
0.6408196091651917
0.712277889251709
0.33796942234039307
0.4217226803302765
0.530916690826416
0.6327340006828308
0.6944701671600342
0.319070965051651
0.4062507450580597
0.5308338403701782
0.6640205979347229
0.7438173890113831
0.3252789080142975
0.39970338344573975
0.4934467673301697
0.5961754322052002
0.671525776386261
0.34274446964263916
0.42981454730033875
0.5404061079025269
0.6368053555488586
0.6800641417503357
0.31832829117774963
0.3895038366317749
0.4885542392730713
0.5949539542198181
0.6747732162475586
0.3560982346534729
0.4411662518978119
0.5396316051483154
0.6476193070411682
0.7209945321083069
0.3514980971813202
0.44611072540283203
0.5700165033340454
0.6886880397796631
0.7600494027137756
0.35608524084091187
0.4384750425815582
0.5422807931900024
0.6567984223365784
0.7385384440422058
0.3510979413986206
0.4394267201423645
0.5592243671417236
0.6695223450660706
0.7417036294937134
0.3414551615715027
0.42823120951652527
0.539255678653717
0.6524305939674377
0.7228901982307434
0.301568865776062
0.37710434198379517
0.4822712540626526
0.6092590689659119
0.6947606205940247
0.3336714208126068
0.42084479331970215
0.5407547950744629
0.6634873151779175
0.7330265045166016
0.3712851405143738
0.47954225540161133
0.605176568031311
0.7285256385803223
0.7829651236534119
0.3919593095779419
0.4687337577342987
0.5593274235725403
0.6272804737091064
0.7113381028175354
0.43503716588020325
0.48560425639152527
0.5623436570167542
0.6304022073745728
0.7001866102218628
0.3676786422729492
0.42215627431869507
0.4913390874862671
0.5820249319076538
0.6827236413955688
0.41841670870780945
0.46823766827583313
0.5264275670051575
0.6017281413078308
0.6789705753326416
0.33306917548179626
0.3854178488254547
0.49558812379837036
0.6335751414299011
0.7545738220214844
0.36062124371528625
0.42165878415107727
0.5181729793548584
0.6226977109909058
0.7205981612205505
0.3307582437992096
0.3844763934612274
0.4699828028678894
0.5712141394615173
0.6935900449752808
0.3815328776836395
0.434613972902298
0.5126059055328369
0.6184462904930115
0.727006196975708
0.35704001784324646
0.4037541151046753
0.48574450612068176
0.5764661431312561
0.6888136863708496
0.41515040397644043
0.46762657165527344
0.5445941090583801
0.6407051086425781
0.7243167757987976
0.3876629173755646
0.45028677582740784
0.542647659778595
0.6372888684272766
0.722515344619751
0.4134429395198822
0.4658457338809967
0.5374590158462524
0.6167548298835754
0.6889094114303589
0.35738611221313477
0.4289167821407318
0.531038761138916
0.6274283528327942
0.6888944506645203
0.37238332629203796
0.4316868782043457
0.5330989956855774
0.6363358497619629
0.731751024723053
0.3959551453590393
0.44718876481056213
0.5196605324745178
0.5936816334724426
0.6724206209182739
0.41080302000045776
0.46036264300346375
0.5394943952560425
0.6335325837135315
0.6828994750976562
0.39278557896614075
0.4462226629257202
0.5032334327697754
0.5940459370613098
0.6774865388870239
0.37004297971725464
0.42973580956459045
0.5243692398071289
0.6467427611351013
0.7167980670928955
0.3798961043357849
0.43525075912475586
0.5141180157661438
0.6035066246986389
0.6959793567657471
0.35684657096862793
0.40408530831336975
0.48128437995910645
0.5833349823951721
0.704089879989624
0.38560253381729126
0.43690240383148193
0.5230759382247925
0.6168065667152405
0.7147496938705444
0.3869849145412445
0.4547177851200104
0.5328951478004456
0.6163979768753052
0.6985055208206177
0.3725564479827881
0.41833141446113586
0.4867314398288727
0.5651164054870605
0.6742175221443176
0.3826510012149811
0.4392455816268921
0.5375795364379883
0.6444537043571472
0.7297787666320801
0.2741668224334717
0.32688096165657043
0.4092077612876892
0.5312676429748535
0.6885253190994263
0.29104822874069214
0.3373190760612488
0.42732399702072144
0.5608955025672913
0.6650797724723816
0.3088623583316803
0.3633229732513428
0.4837711453437805
0.6150348782539368
0.7037060260772705
0.2732839584350586
0.32253193855285645
0.4379466474056244
0.6058194041252136
0.6969572305679321
0.28538820147514343
0.3372999131679535
0.44974812865257263
0.6106824278831482
0.7232828140258789
0.2906103730201721
0.34520530700683594
0.4568236768245697
0.611504077911377
0.7231025099754333
0.3053741157054901
0.3574772775173187
0.4460758864879608
0.5825557708740234
0.6885806322097778
0.2791843116283417
0.3310621976852417
0.42849916219711304
0.5807428359985352
0.6890655755996704
0.31188714504241943
0.3594823181629181
0.4606142044067383
0.6015102863311768
0.6959190964698792
0.27576887607574463
0.32978057861328125
0.4293498396873474
0.5812048316001892
0.6938107013702393
0.29756733775138855
0.34408989548683167
0.4593448042869568
0.6160690188407898
0.7123826742172241
0.31509077548980713
0.3575170636177063
0.4590359926223755
0.6013909578323364
0.7163349390029907
0.29734715819358826
0.34318673610687256
0.4426038861274719
0.6061765551567078
0.7261889576911926
0.30255869030952454
0.34761926531791687
0.42958587408065796
0.559321403503418
0.6609552502632141
0.31183069944381714
0.37064242362976074
0.4684850871562958
0.6244785189628601
0.7318326234817505
0.29355955123901367
0.3421170711517334
0.4527161121368408
0.6011256575584412
0.7046581506729126
0.311167448759079
0.35118067264556885
0.4488041400909424
0.6047103404998779
0.7056605815887451
0.2770763039588928
0.32380539178848267
0.4261796176433563
0.5633046627044678
0.7101635336875916
0.31178587675094604
0.35811859369277954
0.47208288311958313
0.6088407039642334
0.7067371010780334
0.2947623133659363
0.34724947810173035
0.448731929063797
0.5973612666130066
0.6997569799423218
0.2872796952724457
0.3395957350730896
0.4355200231075287
0.5788562297821045
0.6935111284255981
0.33002087473869324
0.38011470437049866
0.472184419631958
0.6084765195846558
0.710983157157898
0.3184452950954437
0.37003085017204285
0.4668901860713959
0.6098242402076721
0.7204932570457458
0.2699092924594879
0.3268953263759613
0.438790500164032
0.5960267782211304
0.7199346423149109
0.31996968388557434
0.36336082220077515
0.46119487285614014
0.6051702499389648
0.7025588750839233
0.31881460547447205
0.3474169969558716
0.42647990584373474
0.5584715008735657
0.6566426753997803
0.28980523347854614
0.36040738224983215
0.43582627177238464
0.5929328203201294
0.7327920794487
0.3986476957798004
0.5340026021003723
0.6820586919784546
0.7429488301277161
0.7654229402542114
0.3918776214122772
0.5557872653007507
0.6695723533630371
0.7467712759971619
0.7747948169708252
0.4956045150756836
0.61141037940979
0.6856271624565125
0.7381643056869507
0.7663589119911194
0.2609440088272095
0.34143078327178955
0.4209524691104889
0.5576372742652893
0.7132748365402222
0.3064093589782715
0.3735995292663574
0.46001702547073364
0.6013050079345703
0.7419909238815308
0.3485349714756012
0.47081324458122253
0.6080177426338196
0.7116866707801819
0.7776144742965698
0.3038773536682129
0.3877393901348114
0.4699494540691376
0.5397282838821411
0.7049906849861145
0.36251044273376465
0.44180142879486084
0.5911005735397339
0.703570544719696
0.7749278545379639
0.4066890776157379
0.524570882320404
0.6479790210723877
0.732587993144989
0.7746301293373108
0.3287566304206848
0.40373870730400085
0.5025852918624878
0.6788585782051086
0.7713141441345215
0.3965211510658264
0.5248711109161377
0.6704136729240417
0.7404228448867798
0.770758330821991
0.24543362855911255
0.29734155535697937
0.3670458495616913
0.4709189832210541
0.6318007111549377
0.2951450049877167
0.37471312284469604
0.4807843863964081
0.6475643515586853
0.7580387592315674
0.39275872707366943
0.5468416213989258
0.6569231152534485
0.7229066491127014
0.7602843642234802
0.40478092432022095
0.5105717778205872
0.6691796779632568
0.7173157334327698
0.7339653372764587
0.3745230436325073
0.4730502665042877
0.6176473498344421
0.7040593028068542
0.7527747750282288
0.3079349994659424
0.374135285615921
0.5010880827903748
0.6520638465881348
0.7553293704986572
0.3474190831184387
0.4274240732192993
0.5169816613197327
0.6390926837921143
0.7459311485290527
0.36963537335395813
0.4567158818244934
0.6224685907363892
0.7168203592300415
0.7774834632873535
0.34384506940841675
0.4165104925632477
0.5111333131790161
0.6622665524482727
0.7589713931083679
0.3315625786781311
0.41275596618652344
0.5565275549888611
0.693871259689331
0.7779838442802429
0.41239112615585327
0.5431110262870789
0.6517660021781921
0.7238540649414062
0.777857780456543
0.3395566940307617
0.43012505769729614
0.5449873208999634
0.7020148634910583
0.7731035947799683
0.26511940360069275
0.2960496246814728
0.3418252468109131
0.3920458257198334
0.4853341579437256
0.3099936842918396
0.3251306712627411
0.45555931329727173
0.5124598145484924
0.5774369835853577
0.4278523325920105
0.4475252032279968
0.661776065826416
0.6994733214378357
0.7510091066360474
0.4185093641281128
0.4876236319541931
0.6578845381736755
0.6545442938804626
0.7196277379989624
0.38559287786483765
0.509225606918335
0.5733898878097534
0.6871033906936646
0.7121492028236389
0.31050780415534973
0.3527831435203552
0.422999769449234
0.606818675994873
0.6539293527603149
0.3063148558139801
0.39364612102508545
0.44906729459762573
0.5032532215118408
0.5581027269363403
0.4166896641254425
0.4300439655780792
0.5227017998695374
0.638543426990509
0.7112488150596619
0.3108622431755066
0.3505350351333618
0.40286439657211304
0.5299238562583923
0.5889081954956055
0.26538795232772827
0.32263556122779846
0.4994901120662689
0.6089785099029541
0.667188286781311
0.4261598587036133
0.3861190676689148
0.5090097784996033
0.5923053622245789
0.7078847885131836
0.31958359479904175
0.2923535108566284
0.4815789759159088
0.5681268572807312
0.6849182844161987
0.3879082500934601
0.48739948868751526
0.5406045317649841
0.6465997099876404
0.6245909333229065
0.24857603013515472
0.3064391314983368
0.43010154366493225
0.38800203800201416
0.4438047707080841
0.2644837498664856
0.4169144928455353
0.5724751949310303
0.5230222344398499
0.6152662634849548
0.38830095529556274
0.43976977467536926
0.5499880313873291
0.6549745798110962
0.7123441696166992
0.3522942066192627
0.3827587366104126
0.4414477050304413
0.6226909160614014
0.6921716928482056
0.33095583319664
0.4337851107120514
0.4671741724014282
0.6001545786857605
0.7046239376068115
0.3216743767261505
0.4178100526332855
0.4740842878818512
0.5108489394187927
0.682001531124115
0.27504971623420715
0.3600764274597168
0.46169233322143555
0.543972373008728
0.5567538738250732
0.3718067407608032
0.4748378396034241
0.5186349153518677
0.5992377996444702
0.7048388123512268
0.3260510265827179
0.47017407417297363
0.3603779375553131
0.44010451436042786
0.7080459594726562
0.41574788093566895
0.38730883598327637
0.443919837474823
0.5518478155136108
0.6885496973991394
0.3995950520038605
0.4470978081226349
0.5300776958465576
0.6344203948974609
0.7321833372116089
0.4194754362106323
0.3219009339809418
0.38715073466300964
0.5544699430465698
0.7034374475479126
0.318812757730484
0.32703351974487305
0.451021671295166
0.47544828057289124
0.5138230323791504
0.30669543147087097
0.47003912925720215
0.5512337684631348
0.5801563858985901
0.5696131587028503
0.4750451445579529
0.5060134530067444
0.6412733793258667
0.6670573949813843
0.6392108201980591
0.43029218912124634
0.595212459564209
0.5901346802711487
0.7091779112815857
0.7617596983909607
0.4839679002761841
0.598838746547699
0.6456983089447021
0.6420823931694031
0.7288309931755066
0.36844271421432495
0.414200097322464
0.5181736350059509
0.6284089088439941
0.7167744040489197
0.40055808424949646
0.3723425567150116
0.5027056932449341
0.6013794541358948
0.6305109262466431
0.45378386974334717
0.5226574540138245
0.6200599074363708
0.6951631903648376
0.7375253438949585
0.355693519115448
0.5092895030975342
0.4078274071216583
0.5768054723739624
0.7108513116836548
0.47770050168037415
0.5685990452766418
0.6405599117279053
0.6826497316360474
0.6734801530838013
0.3896855413913727
0.5826708674430847
0.6208446621894836
0.7135553359985352
0.6965433359146118
0.5173413157463074
0.48622897267341614
0.6147821545600891
0.6556036472320557
0.704866886138916
0.4170835614204407
0.45650097727775574
0.6019802689552307
0.6555214524269104
0.5025267004966736
0.2774668335914612
0.3190228044986725
0.4538477659225464
0.4933312237262726
0.6119090914726257
0.4535090923309326
0.3908241391181946
0.5760204792022705
0.6276932954788208
0.6988544464111328
0.4027564525604248
0.553295910358429
0.6029068231582642
0.6613849401473999
0.725855827331543
0.4881807863712311
0.5651208162307739
0.5554255247116089
0.6678655743598938
0.6405543088912964
0.4422040581703186
0.47370779514312744
0.616979718208313
0.6878421306610107
0.6769039630889893
0.47662922739982605
0.4921598434448242
0.5106050372123718
0.606479287147522
0.6821966171264648
0.39864492416381836
0.49457311630249023
0.5428961515426636
0.6165267825126648
0.7213165760040283
0.49816668033599854
0.5643270015716553
0.47498199343681335
0.6825859546661377
0.7574126720428467
0.41983160376548767
0.49575817584991455
0.5718042850494385
0.6584199666976929
0.6691119074821472
0.3682823181152344
0.49573835730552673
0.562281608581543
0.6354679465293884
0.6909828782081604
0.4389776587486267
0.5411267280578613
0.6174569129943848
0.6964054703712463
0.6979433298110962
0.4502635896205902
0.5958150029182434
0.646199643611908
0.682032585144043
0.6609327793121338
0.41437509655952454
0.35582903027534485
0.5328279137611389
0.45791134238243103
0.5576149821281433
0.3155876398086548
0.3243526518344879
0.4246911108493805
0.48810914158821106
0.5438366532325745
0.3889773488044739
0.3402426242828369
0.4454675316810608
0.4842667281627655
0.5504368543624878
0.3952576220035553
0.32763832807540894
0.41058680415153503
0.46404600143432617
0.5456560254096985
0.4264795482158661
0.2962181568145752
0.39912521839141846
0.4550711512565613
0.5379785895347595
0.31320592761039734
0.35775163769721985
0.45366522669792175
0.5243490934371948
0.5977078080177307
0.31246545910835266
0.33106544613838196
0.4329257607460022
0.4924067258834839
0.5537825226783752
0.35966014862060547
0.31761255860328674
0.4266905188560486
0.49532651901245117
0.5505818724632263
0.3228854537010193
0.3727366626262665
0.4813864827156067
0.558448851108551
0.6245909333229065
0.36673712730407715
0.3187508285045624
0.43381792306900024
0.520716667175293
0.5783061385154724
0.3711496591567993
0.35994261503219604
0.4395275413990021
0.5232004523277283
0.5687483549118042
0.34016942977905273
0.37247443199157715
0.46164950728416443
0.5241788029670715
0.5905320048332214
0.3791828155517578
0.3293897807598114
0.4225505590438843
0.47155818343162537
0.5549362897872925
0.27136585116386414
0.32959482073783875
0.42763063311576843
0.46088215708732605
0.5371160507202148
0.3320518136024475
0.34398162364959717
0.4699680507183075
0.5568037629127502
0.6178682446479797
0.36888355016708374
0.3164087235927582
0.4157535135746002
0.4565516412258148
0.5407627820968628
0.3551965057849884
0.3160746991634369
0.38357067108154297
0.4648911654949188
0.5033320784568787
0.3434431254863739
0.3363884687423706
0.4234071969985962
0.48701876401901245
0.5373947024345398
0.30829042196273804
0.32428184151649475
0.4323682188987732
0.49037063121795654
0.5546338558197021
0.33314961194992065
0.37276768684387207
0.44407936930656433
0.5047648549079895
0.5685717463493347
0.35058000683784485
0.40253591537475586
0.48476114869117737
0.5729863047599792
0.6120461821556091
0.3085963726043701
0.33199629187583923
0.4245290756225586
0.5142518877983093
0.5699430704116821
0.347072571516037
0.34884047508239746
0.4348561465740204
0.5291687250137329
0.586577832698822
0.33829358220100403
0.3181644678115845
0.39885076880455017
0.4846004545688629
0.5558544993400574
0.34005656838417053
0.32134345173835754
0.43126073479652405
0.49469947814941406
0.5544356107711792
0.3030281066894531
0.3573102653026581
0.40825319290161133
0.49136850237846375
0.5294252038002014
0.5909199714660645
0.5657861828804016
0.5477074384689331
0.5033575296401978
0.44257843494415283
0.6001911163330078
0.5990838408470154
0.58269864320755
0.5530524849891663
0.49493277072906494
0.6086775660514832
0.5873569250106812
0.5546549558639526
0.5237594246864319
0.4576258957386017
0.5503289103507996
0.5393450856208801
0.5312791466712952
0.5353030562400818
0.4743252694606781
0.569616973400116
0.5575661659240723
0.5275788903236389
0.487026572227478
0.45889800786972046
0.5743215084075928
0.5590770244598389
0.5218438506126404
0.5020668506622314
0.4572945535182953
0.5493740439414978
0.5347239375114441
0.5238471031188965
0.4881384074687958
0.45152753591537476
0.5567576289176941
0.5583565831184387
0.5251124501228333
0.5024495720863342
0.45320308208465576
0.5738131999969482
0.5623415112495422
0.5260496735572815
0.502463698387146
0.4153047800064087
0.573972761631012
0.556671679019928
0.5391106605529785
0.5031485557556152
0.44222065806388855
0.5500057339668274
0.5367136597633362
0.5214748382568359
0.49657976627349854
0.4899291396141052
0.6130765080451965
0.599903404712677
0.5737673044204712
0.5300562381744385
0.5049616694450378
0.5080406665802002
0.534673810005188
0.5572049021720886
0.5190592408180237
0.5446449518203735
0.5580174326896667
0.5438336133956909
0.5308175086975098
0.5051013231277466
0.46611154079437256
0.5776297450065613
0.5734067559242249
0.5521277785301208
0.5256078243255615
0.45567822456359863
0.5631630420684814
0.5522070527076721
0.5267841219902039
0.5133149027824402
0.5101861357688904
0.5514660477638245
0.546269953250885
0.5178180932998657
0.48558899760246277
0.4885578751564026
0.5864019989967346
0.5824056267738342
0.5587703585624695
0.5367312431335449
0.4907015860080719
0.5613346099853516
0.5502856373786926
0.5320940613746643
0.5184899568557739
0.5039673447608948
0.6390859484672546
0.6066058874130249
0.5696693062782288
0.5424666404724121
0.4804673194885254
0.6064881682395935
0.5616759657859802
0.546977698802948
0.5145825147628784
0.45682457089424133
0.6066445708274841
0.5878052711486816
0.5625303387641907
0.5249792337417603
0.4653259515762329
0.6026716828346252
0.5595755577087402
0.5386057496070862
0.5054873824119568
0.4830312132835388
0.5268358588218689
0.5085582137107849
0.49046099185943604
0.4640662372112274
0.4837303161621094
0.5721610188484192
0.549798309803009
0.5230686068534851
0.4962604343891144
0.4675877094268799
0.15515726804733276
0.18027172982692719
0.2533823251724243
0.2729026973247528
0.38337934017181396
0.17588061094284058
0.21173791587352753
0.2940587103366852
0.3113309442996979
0.43533650040626526
0.1757381558418274
0.2341768890619278
0.2741653621196747
0.3496173918247223
0.4005016088485718
0.16600540280342102
0.1919180005788803
0.27554255723953247
0.28995102643966675
0.42251840233802795
0.1607770025730133
0.2024877518415451
0.3022776246070862
0.31279298663139343
0.47798722982406616
0.15131694078445435
0.2413114458322525
0.24093008041381836
0.34933674335479736
0.3535425364971161
0.15030963718891144
0.18845266103744507
0.25206393003463745
0.29558229446411133
0.3723521828651428
0.15962523221969604
0.26591944694519043
0.246965691447258
0.4078436493873596
0.3693099915981293
0.1480303555727005
0.18458601832389832
0.2307688444852829
0.2897736430168152
0.32773298025131226
0.15405307710170746
0.22485198080539703
0.24131779372692108
0.3378809988498688
0.36248645186424255
0.15812504291534424
0.19233348965644836
0.30396994948387146
0.29402032494544983
0.44355690479278564
0.1518641859292984
0.24527078866958618
0.23476925492286682
0.3603052794933319
0.32711270451545715
0.1560349017381668
0.2408025562763214
0.2485450953245163
0.36316102743148804
0.3730912208557129
0.16109851002693176
0.1972993016242981
0.25863954424858093
0.31226402521133423
0.39616110920906067
0.18940599262714386
0.2330629825592041
0.36881884932518005
0.33253803849220276
0.5213586091995239
0.1564721167087555
0.22256584465503693
0.24572233855724335
0.34217873215675354
0.35300347208976746
0.16344031691551208
0.1960238814353943
0.35851943492889404
0.28853851556777954
0.4571942687034607
0.16640107333660126
0.23805630207061768
0.3087189197540283
0.350116491317749
0.49548232555389404
0.15927258133888245
0.2165319323539734
0.25461211800575256
0.3335786461830139
0.37019237875938416
0.1623447686433792
0.23340724408626556
0.27793025970458984
0.3366054594516754
0.42571017146110535
0.1523803323507309
0.2620405852794647
0.23898884654045105
0.3800152838230133
0.3672427833080292
0.1532401144504547
0.24834956228733063
0.23986104130744934
0.3744095265865326
0.34064429998397827
0.19073237478733063
0.24532510340213776
0.28113871812820435
0.3839623034000397
0.3639903664588928
0.15110152959823608
0.1950647234916687
0.2388908565044403
0.2981257438659668
0.3248654007911682
0.21756143867969513
0.24118030071258545
0.3216584622859955
0.3569794297218323
0.4147965610027313
0.2922646701335907
0.3561365306377411
0.4066791832447052
0.4588758647441864
0.5474340319633484
0.3255431354045868
0.4095051884651184
0.4554823040962219
0.5232821106910706
0.6041678190231323
0.3094141185283661
0.3845374286174774
0.4364001452922821
0.4911189675331116
0.5881648063659668
0.32224154472351074
0.39190855622291565
0.4491165578365326
0.49864646792411804
0.5918319225311279
0.31553131341934204
0.38691046833992004
0.44549283385276794
0.50506991147995
0.5972307324409485
0.304132878780365
0.37925827503204346
0.4269726276397705
0.47490110993385315
0.5643504858016968
0.30890944600105286
0.37692883610725403
0.43362683057785034
0.4841524362564087
0.5829127430915833
0.31802698969841003
0.38813066482543945
0.44692015647888184
0.5012214779853821
0.5991106629371643
0.3051185607910156
0.37209707498550415
0.43266168236732483
0.47619572281837463
0.5797353386878967
0.3162483870983124
0.37865695357322693
0.44203880429267883
0.4814869165420532
0.5923168063163757
0.30004745721817017
0.3674960136413574
0.42718395590782166
0.48536252975463867
0.5822303295135498
0.32888922095298767
0.40231674909591675
0.462560772895813
0.517357349395752
0.6112393736839294
0.2729886770248413
0.36910480260849
0.3789319396018982
0.4643486440181732
0.506721019744873
0.31420403718948364
0.3794208765029907
0.4544149339199066
0.49004849791526794
0.6159815788269043
0.3243984282016754
0.4037369191646576
0.4511503577232361
0.5190513134002686
0.5907765626907349
0.31058964133262634
0.3915676772594452
0.42719095945358276
0.4943670928478241
0.5747319459915161
0.29456809163093567
0.3553515076637268
0.4148808419704437
0.47515422105789185
0.5570821762084961
0.3059079945087433
0.3873770236968994
0.43294209241867065
0.4935794770717621
0.5840583443641663
0.32583147287368774
0.39146775007247925
0.45016953349113464
0.49166154861450195
0.5913912057876587
0.32362204790115356
0.4023073613643646
0.45148903131484985
0.5249943137168884
0.6026758551597595
0.34415188431739807
0.39567285776138306
0.4703863561153412
0.49941277503967285
0.605478048324585
0.3108308017253876
0.38093724846839905
0.43402454257011414
0.4882693290710449
0.580704927444458
0.324080228805542
0.3961896002292633
0.4560241401195526
0.5095310807228088
0.6016770005226135
0.3055036962032318
0.3692873418331146
0.4308469891548157
0.4763248860836029
0.5836150646209717
0.31601113080978394
0.3698616027832031
0.44353196024894714
0.46506235003471375
0.5961880683898926
0.34333714842796326
0.3852512240409851
0.43364691734313965
0.4783964157104492
0.47951534390449524
0.29643750190734863
0.32775384187698364
0.3709785044193268
0.4200749695301056
0.46849915385246277
0.28239503502845764
0.31991833448410034
0.36397823691368103
0.41747549176216125
0.4829608201980591
0.32246866822242737
0.36191681027412415
0.410543292760849
0.46811535954475403
0.5228922963142395
0.3728788197040558
0.4301427900791168
0.4986658990383148
0.5772916078567505
0.6272513270378113
0.34243229031562805
0.39353305101394653
0.45388439297676086
0.5136263966560364
0.5409462451934814
0.3397082984447479
0.3915187120437622
0.4501516819000244
0.5161448121070862
0.5669644474983215
0.39441603422164917
0.4533233642578125
0.5140752792358398
0.5345637798309326
0.5451522469520569
0.35398057103157043
0.4062594473361969
0.4707833230495453
0.5365291833877563
0.5488937497138977
0.41891881823539734
0.48758694529533386
0.5162743926048279
0.49806535243988037
0.522187352180481
0.37665748596191406
0.4298315942287445
0.4971868395805359
0.5555780529975891
0.5534490942955017
0.3378451466560364
0.3855888247489929
0.4375603497028351
0.5045901536941528
0.5378574132919312
0.3519130051136017
0.3948982357978821
0.4396955072879791
0.47428467869758606
0.4844484329223633
0.3086305558681488
0.3510267436504364
0.40361690521240234
0.46769240498542786
0.5502045750617981
0.34909752011299133
0.395463764667511
0.44811713695526123
0.5062201619148254
0.5503708124160767
0.36735621094703674
0.40991130471229553
0.45687335729599
0.47416162490844727
0.5100764036178589
0.40483036637306213
0.4428325891494751
0.4424162209033966
0.4646410644054413
0.47063642740249634
0.34969502687454224
0.4001021981239319
0.4608728289604187
0.5331050157546997
0.5838955640792847
0.3521813750267029
0.39585816860198975
0.4436521828174591
0.49609509110450745
0.5310293436050415
0.3541867733001709
0.4033668637275696
0.4584236741065979
0.5203046798706055
0.5540575981140137
0.39070165157318115
0.4459163546562195
0.5110822319984436
0.5682173371315002
0.5848236083984375
0.33641013503074646
0.3808448612689972
0.43543267250061035
0.4982171952724457
0.5595061779022217
0.3062644600868225
0.34948885440826416
0.4013461172580719
0.46148207783699036
0.5276914238929749
0.38453182578086853
0.4362049698829651
0.4912921190261841
0.4985850155353546
0.5185211896896362
0.31419453024864197
0.3529607653617859
0.40359264612197876
0.46062204241752625
0.5280104875564575
0.30070191621780396
0.345773845911026
0.4058530926704407
0.4664183259010315
0.5275126099586487
0.34388846158981323
0.4024272561073303
0.4635680317878723
0.5280492901802063
0.5820556879043579
0.36557257175445557
0.43444502353668213
0.5029744505882263
0.5610204935073853
0.6072090864181519
0.3720766603946686
0.4514300227165222
0.5043628215789795
0.5581578016281128
0.6023175120353699
0.2865402102470398
0.3344215750694275
0.39760828018188477
0.470560759305954
0.5402308702468872
0.355716347694397
0.4044896960258484
0.4510079622268677
0.48284757137298584
0.5370845794677734
0.3549947440624237
0.41847506165504456
0.4806656539440155
0.5350324511528015
0.5826746225357056
0.31443119049072266
0.3597501814365387
0.4201960861682892
0.48058268427848816
0.5457454919815063
0.3808099925518036
0.456798791885376
0.5097846388816833
0.549359142780304
0.5890449285507202
0.371663898229599
0.43550437688827515
0.49298763275146484
0.5447331070899963
0.5922468304634094
0.3105009198188782
0.3774871528148651
0.43461573123931885
0.49002552032470703
0.5559371113777161
0.3442246913909912
0.40343186259269714
0.45503509044647217
0.5040227770805359
0.5493727326393127
0.2904438376426697
0.3347986340522766
0.3944956660270691
0.43870413303375244
0.496811181306839
0.31878724694252014
0.3676574230194092
0.43025925755500793
0.49032264947891235
0.5591025948524475
0.3493746221065521
0.40502220392227173
0.4588315784931183
0.5197831392288208
0.568875253200531
0.38477256894111633
0.4489484429359436
0.5034182667732239
0.5500743985176086
0.5947816967964172
0.3319544792175293
0.39393532276153564
0.4536450207233429
0.5054097771644592
0.5573561787605286
0.31225234270095825
0.3666539788246155
0.43045616149902344
0.48767170310020447
0.5509929656982422
0.3405884802341461
0.3928629159927368
0.4588310122489929
0.5108631253242493
0.5607170462608337
0.34088134765625
0.4197734296321869
0.49082887172698975
0.5361990332603455
0.5748773813247681
0.36147603392601013
0.4294724464416504
0.48685383796691895
0.5193471312522888
0.5561233162879944
0.3455447852611542
0.4062425494194031
0.4567170739173889
0.5106968283653259
0.562861442565918
0.3751438856124878
0.44323456287384033
0.5085942149162292
0.564155638217926
0.6068467497825623
0.32578209042549133
0.3890930712223053
0.4484713673591614
0.5144987106323242
0.5725423693656921
0.3617084324359894
0.43129590153694153
0.47762858867645264
0.5218088030815125
0.5624749064445496
0.24165314435958862
0.27486586570739746
0.32328927516937256
0.41438931226730347
0.5327504277229309
0.2886001169681549
0.3608728051185608
0.46075695753097534
0.5780978202819824
0.6742824912071228
0.2935665547847748
0.38064393401145935
0.49594569206237793
0.6100741624832153
0.6909600496292114
0.29820939898490906
0.4015808403491974
0.5410429835319519
0.6455288529396057
0.7024930119514465
0.23906715214252472
0.28007030487060547
0.3430972397327423
0.4272157549858093
0.5508829951286316
0.25020667910575867
0.28762492537498474
0.344643235206604
0.4350818693637848
0.5522926449775696
0.27778249979019165
0.3485904633998871
0.4565849304199219
0.5855510234832764
0.6757720708847046
0.2429475635290146
0.2870146632194519
0.3408130407333374
0.4309384226799011
0.5393644571304321
0.27506256103515625
0.3352704644203186
0.4369971454143524
0.5499880313873291
0.6534660458564758
0.2952266335487366
0.3654532730579376
0.48878005146980286
0.5925285220146179
0.6768561005592346
0.2587646245956421
0.30904659628868103
0.37424683570861816
0.4718959331512451
0.6042328476905823
0.2816742956638336
0.3603253662586212
0.4657846987247467
0.5694903135299683
0.6690887212753296
0.22574354708194733
0.264624685049057
0.305111289024353
0.3507154881954193
0.4269433617591858
0.24047856032848358
0.2813822627067566
0.35272228717803955
0.44768548011779785
0.5887425541877747
0.285832941532135
0.3550143837928772
0.45066097378730774
0.5949227213859558
0.6850984692573547
0.28029385209083557
0.3508569896221161
0.46329641342163086
0.5508074760437012
0.6294933557510376
0.27759572863578796
0.3424052298069
0.445465624332428
0.5651465058326721
0.654703676700592
0.25100260972976685
0.2991437613964081
0.36397823691368103
0.4664144217967987
0.5977953672409058
0.25904330611228943
0.3090936243534088
0.3875393271446228
0.5056818127632141
0.6134783029556274
0.2788938879966736
0.34236422181129456
0.43985041975975037
0.5684219598770142
0.6679213047027588
0.2512575089931488
0.2828345000743866
0.354065865278244
0.457533597946167
0.5919489860534668
0.25808387994766235
0.3037266731262207
0.3844538629055023
0.4903615117073059
0.6122635006904602
0.29734939336776733
0.3955850303173065
0.5160723924636841
0.6195470094680786
0.6946075558662415
0.26512259244918823
0.3165641725063324
0.39171352982521057
0.5124425292015076
0.6192783713340759
0.24628278613090515
0.2767777442932129
0.3173258602619171
0.3592025339603424
0.42213013768196106
0.32907286286354065
0.37700355052948
0.4540632963180542
0.5342487096786499
0.6139212250709534
0.3753683567047119
0.4571143090724945
0.5434287190437317
0.6326487064361572
0.7017019391059875
0.3961372375488281
0.4642537236213684
0.5537709593772888
0.6333898305892944
0.7100623846054077
0.4108368754386902
0.49028757214546204
0.5761744379997253
0.6374724507331848
0.7107853889465332
0.3201315701007843
0.39839380979537964
0.4702712297439575
0.5725831389427185
0.6793650388717651
0.33590972423553467
0.39991384744644165
0.4669901132583618
0.5403022170066833
0.6339483857154846
0.36655423045158386
0.44041600823402405
0.5304368138313293
0.6125521063804626
0.7033249139785767
0.3252103626728058
0.3972252905368805
0.480487197637558
0.5592162609100342
0.6631529927253723
0.3676462769508362
0.44076335430145264
0.5371740460395813
0.6060474514961243
0.7075662612915039
0.3853679299354553
0.4766252934932709
0.5455233454704285
0.6275886297225952
0.7236937880516052
0.3506692051887512
0.4260241687297821
0.49009865522384644
0.5836482644081116
0.6715570092201233
0.38203147053718567
0.4579790532588959
0.5329200029373169
0.6110674738883972
0.7080045342445374
0.31232795119285583
0.36010468006134033
0.4144299626350403
0.47709742188453674
0.5617003440856934
0.3291298449039459
0.38913315534591675
0.4767606854438782
0.5683867335319519
0.6760984063148499
0.38855746388435364
0.4659371078014374
0.5524625778198242
0.6338855028152466
0.6809317469596863
0.38699445128440857
0.45242470502853394
0.5263283848762512
0.598335862159729
0.7087259888648987
0.3709028959274292
0.4400193393230438
0.5115922689437866
0.5976195931434631
0.666911244392395
0.34065693616867065
0.4097740948200226
0.4862532615661621
0.5873755812644958
0.6835734248161316
0.34653806686401367
0.4113907814025879
0.4937528967857361
0.5827044248580933
0.6752795577049255
0.3675938546657562
0.43342307209968567
0.513390064239502
0.5945661664009094
0.6685786843299866
0.34401050209999084
0.40893641114234924
0.4859222173690796
0.569327175617218
0.6578494310379028
0.3547499179840088
0.41885513067245483
0.49497470259666443
0.5904282927513123
0.6818796992301941
0.39388442039489746
0.47308963537216187
0.5627811551094055
0.6225167512893677
0.6995359063148499
0.36566540598869324
0.43434643745422363
0.5186539888381958
0.602178156375885
0.6901963353157043
0.32834136486053467
0.38917219638824463
0.36014607548713684
0.5288081169128418
0.5935350060462952
0.3336571455001831
0.3921988308429718
0.4740058481693268
0.5235152840614319
0.6330703496932983
0.35950759053230286
0.4247664511203766
0.4949876368045807
0.5606293082237244
0.7056421637535095
0.30051690340042114
0.3700106739997864
0.44412973523139954
0.5448893904685974
0.6089200973510742
0.3437734842300415
0.4134994447231293
0.48725780844688416
0.5547717213630676
0.6948965191841125
0.25867384672164917
0.31635746359825134
0.39103174209594727
0.4939028322696686
0.5897850394248962
0.3341915011405945
0.38091084361076355
0.47909408807754517
0.5347453355789185
0.6112233996391296
0.30138444900512695
0.36786627769470215
0.45146727561950684
0.5359380841255188
0.6462043523788452
0.31165820360183716
0.37036120891571045
0.44553041458129883
0.5264722108840942
0.5890132188796997
0.32276806235313416
0.3911748230457306
0.4643705487251282
0.5554653406143188
0.6247061491012573
0.3245580494403839
0.40867510437965393
0.4973355531692505
0.5490437150001526
0.6322977542877197
0.3031851649284363
0.3651319444179535
0.4558277726173401
0.5419697761535645
0.627435564994812
0.32819393277168274
0.3860141932964325
0.4626757502555847
0.5647116303443909
0.6521247625350952
0.3029548227787018
0.3626401126384735
0.4429025948047638
0.5160046815872192
0.5845168232917786
0.26169538497924805
0.3228399157524109
0.3917866349220276
0.5155988335609436
0.5927947759628296
0.3145744204521179
0.3790595829486847
0.45564019680023193
0.557780921459198
0.6176816821098328
0.354316771030426
0.4068346917629242
0.48798099160194397
0.5522870421409607
0.6549211740493774
0.3458576798439026
0.40373119711875916
0.5123814940452576
0.5752245187759399
0.6416839957237244
0.29849332571029663
0.40173766016960144
0.4856140911579132
0.580745279788971
0.6471309661865234
0.3201298117637634
0.3850741982460022
0.4601624608039856
0.5289972424507141
0.6439796686172485
0.35004597902297974
0.4031442403793335
0.4798160493373871
0.5355280637741089
0.6084991693496704
0.34765562415122986
0.41098546981811523
0.4687535762786865
0.5382794737815857
0.592871367931366
0.3091346323490143
0.37436220049858093
0.44155603647232056
0.5221205353736877
0.606740415096283
0.3191435635089874
0.38471880555152893
0.4710436463356018
0.5339815020561218
0.6045290231704712
0.3141478896141052
0.3757357597351074
0.47918346524238586
0.60779869556427
0.6626985669136047
0.33165621757507324
0.4137505888938904
0.45970025658607483
0.5013562440872192
0.5433911085128784
0.3449614942073822
0.42819851636886597
0.4804767668247223
0.5492430329322815
0.686648428440094
0.3577330708503723
0.4796680808067322
0.6498106122016907
0.7354023456573486
0.7550114989280701
0.33701589703559875
0.4526393413543701
0.6400972604751587
0.7157744765281677
0.7520297765731812
0.39420536160469055
0.5378810167312622
0.6563972234725952
0.6982907652854919
0.7551429271697998
0.30595338344573975
0.37937113642692566
0.4288247525691986
0.46853065490722656
0.5469645857810974
0.32686999440193176
0.3966330289840698
0.468860000371933
0.5226467847824097
0.7170321941375732
0.33680278062820435
0.4421626031398773
0.5363633632659912
0.5895242094993591
0.7082822918891907
0.31538936495780945
0.3860633671283722
0.4340474307537079
0.4637530446052551
0.4982919991016388
0.34492427110671997
0.41309723258018494
0.49365583062171936
0.5652213096618652
0.7002553939819336
0.33968278765678406
0.43884211778640747
0.5906035900115967
0.713139533996582
0.7588756084442139
0.32948699593544006
0.4004911780357361
0.45202046632766724
0.5494601726531982
0.6943677663803101
0.3428539037704468
0.44516611099243164
0.5362460613250732
0.6637747883796692
0.7360575795173645
0.29108303785324097
0.35974636673927307
0.40836095809936523
0.44245532155036926
0.5306119918823242
0.3019958436489105
0.3847592771053314
0.4712952971458435
0.5296652317047119
0.6761321425437927
0.3451260030269623
0.4334297776222229
0.5474638938903809
0.6223500967025757
0.6859196424484253
0.33820539712905884
0.526392936706543
0.6978225708007812
0.7198957204818726
0.7427252531051636
0.3500165641307831
0.41805440187454224
0.5499434471130371
0.650068461894989
0.727836549282074
0.31601208448410034
0.38536080718040466
0.43165212869644165
0.5107337832450867
0.6224839687347412
0.32140564918518066
0.39512899518013
0.44245630502700806
0.48224785923957825
0.5678825378417969
0.33880218863487244
0.4091878831386566
0.4949716627597809
0.5729524493217468
0.7160141468048096
0.33185699582099915
0.40941864252090454
0.4936138093471527
0.5565170049667358
0.6919163465499878
0.32397717237472534
0.39620548486709595
0.49168074131011963
0.5708057880401611
0.7340011596679688
0.3460507094860077
0.4409572184085846
0.5335282683372498
0.6180511116981506
0.708636999130249
0.3296498954296112
0.405040979385376
0.4833114445209503
0.5473538041114807
0.7358219027519226
0.2368537187576294
0.2925722599029541
0.33599045872688293
0.36941099166870117
0.4020078778266907
0.3415791392326355
0.4130290150642395
0.5025282502174377
0.622976541519165
0.7264207601547241
0.43323642015457153
0.5525330901145935
0.6719435453414917
0.734909176826477
0.7671357989311218
0.44652217626571655
0.5578283667564392
0.6795235276222229
0.7426162958145142
0.7761330604553223
0.49717044830322266
0.6027892827987671
0.6824063062667847
0.7323654294013977
0.7659267783164978
0.3186441957950592
0.3912890553474426
0.4748021364212036
0.5928142666816711
0.7065661549568176
0.35952016711235046
0.4187626540660858
0.5114986896514893
0.6186457276344299
0.7472294569015503
0.38814759254455566
0.4820181131362915
0.6030369997024536
0.7035301327705383
0.7726183533668518
0.35091400146484375
0.42789870500564575
0.5018365979194641
0.5980209708213806
0.7032161355018616
0.38252705335617065
0.48083195090293884
0.6042360663414001
0.70672208070755
0.7665404081344604
0.4466437101364136
0.5296229720115662
0.6422028541564941
0.7443545460700989
0.7719831466674805
0.3679327070713043
0.45548078417778015
0.552506685256958
0.6758824586868286
0.7714588046073914
0.43850022554397583
0.5389997959136963
0.6643907427787781
0.7379644513130188
0.7651275992393494
0.31692808866500854
0.36873775720596313
0.43821826577186584
0.5067456960678101
0.6096017956733704
0.3208518326282501
0.39303651452064514
0.4886966049671173
0.6248907446861267
0.7620183229446411
0.4165048599243164
0.5259119868278503
0.6390025615692139
0.70949786901474
0.7602819204330444
0.43981465697288513
0.5535768270492554
0.6708943247795105
0.7141843438148499
0.7443413138389587
0.4239971339702606
0.49826207756996155
0.5898976922035217
0.706092119216919
0.7524471879005432
0.3387673795223236
0.42062416672706604
0.5314711928367615
0.635507345199585
0.7429566979408264
0.3886790871620178
0.4817788600921631
0.5711390376091003
0.6654365062713623
0.7414177656173706
0.40929317474365234
0.4980338215827942
0.5950316190719604
0.7195074558258057
0.7814785242080688
0.38879507780075073
0.46771660447120667
0.5534614324569702
0.6483848094940186
0.7603185176849365
0.357682466506958
0.4373716115951538
0.5601649880409241
0.6933844089508057
0.77543705701828
0.4399819076061249
0.5215462446212769
0.6285209655761719
0.7181341648101807
0.7762932777404785
0.36922457814216614
0.46456384658813477
0.5530372262001038
0.6776469349861145
0.7699928879737854
0.3036538362503052
0.3394725024700165
0.40885207056999207
0.5074441432952881
0.6393721103668213
