0.7757871150970459
0.8680261969566345
0.9283679127693176
1.007714033126831
1.0653451681137085
0.7848904132843018
0.8946202993392944
0.9809859991073608
1.0730429887771606
1.1329035758972168
0.8320420980453491
0.9182345271110535
1.0047540664672852
1.0849831104278564
1.1468007564544678
0.8496249318122864
0.9439676403999329
1.039795160293579
1.0993221998214722
1.1537271738052368
0.7253575921058655
0.8184285163879395
0.9051346182823181
1.0051213502883911
1.0886831283569336
0.7109601497650146
0.8175087571144104
0.9023380279541016
0.9661535024642944
1.0398914813995361
0.7615855932235718
0.8432403802871704
0.9401623606681824
1.0370594263076782
1.1174452304840088
0.7347433567047119
0.8240706324577332
0.9041239619255066
0.9928519129753113
1.0789549350738525
0.7912270426750183
0.9153766632080078
0.9915333986282349
1.0773169994354248
1.1411192417144775
0.8139888048171997
0.9099652171134949
0.9917868375778198
1.073838472366333
1.1310538053512573
0.7246516942977905
0.8279128670692444
0.9087777137756348
1.0094434022903442
1.076467514038086
0.7494133710861206
0.8517246246337891
0.9400747418403625
1.0304553508758545
1.106695532798767
0.765083372592926
0.8332823514938354
0.9049917459487915
0.9645376801490784
1.023114800453186
0.7588872313499451
0.8218569755554199
0.9152711629867554
1.0146232843399048
1.0961157083511353
0.796967089176178
0.9052563309669495
0.9930335879325867
1.0574959516525269
1.1397037506103516
0.8444886207580566
0.9101511836051941
0.9776036143302917
1.0532692670822144
1.1234005689620972
0.7933980822563171
0.8555449843406677
0.9595326781272888
1.0418981313705444
1.115060806274414
0.7814272046089172
0.870570182800293
0.940784215927124
1.0341403484344482
1.102391242980957
0.7539198398590088
0.8482610583305359
0.936434268951416
1.0216057300567627
1.12307608127594
0.7144094705581665
0.8208780288696289
0.9271824359893799
1.013048768043518
1.0944321155548096
0.7305172085762024
0.8594374060630798
0.9440458416938782
1.0223658084869385
1.0849876403808594
0.7720065712928772
0.8611066937446594
0.9567508697509766
1.0393455028533936
1.1120632886886597
0.7525625824928284
0.8614694476127625
0.9516756534576416
1.0510854721069336
1.1332453489303589
0.7839844226837158
0.8543657660484314
0.9723840355873108
1.0611580610275269
1.1222885847091675
0.7799161672592163
0.8728207945823669
0.9568191170692444
1.046759009361267
1.1087520122528076
0.7085713744163513
0.7733333706855774
0.8329680562019348
0.906600296497345
0.9942080974578857
0.6996280550956726
0.7777506709098816
0.8462226390838623
0.9295803308486938
1.0131943225860596
0.6986674070358276
0.8065159916877747
0.8887688517570496
0.988024115562439
1.0610415935516357
0.7294213771820068
0.8244062662124634
0.8997853994369507
1.0065304040908813
1.0717231035232544
0.6683511137962341
0.7258604168891907
0.7963840961456299
0.8855605125427246
0.988244354724884
0.6603996157646179
0.7250469326972961
0.7959200143814087
0.8862484097480774
0.9699373245239258
0.6726216077804565
0.7347985506057739
0.8273414373397827
0.9233734607696533
1.0143150091171265
0.6738020181655884
0.7518343925476074
0.8271298408508301
0.9041814208030701
0.9835419654846191
0.7028481364250183
0.7787728309631348
0.8654631972312927
0.9743898510932922
1.0565516948699951
0.7075647115707397
0.7944114208221436
0.8878214359283447
0.9852561950683594
1.0454449653625488
0.6630952954292297
0.7315067648887634
0.8174082636833191
0.9014639258384705
0.9694393873214722
0.6665438413619995
0.7494124174118042
0.8231006860733032
0.9126400947570801
1.0015268325805664
0.685614824295044
0.7640203237533569
0.8132452964782715
0.8968705534934998
0.9506181478500366
0.6708685755729675
0.7445888519287109
0.8229283094406128
0.9064651131629944
0.9916507005691528
0.7038660645484924
0.777738630771637
0.8937442302703857
0.968912661075592
1.0342079401016235
0.741367518901825
0.8124513030052185
0.8783660531044006
0.9665489196777344
1.0507805347442627
0.6883068680763245
0.7684958577156067
0.8484625816345215
0.9480023980140686
1.0362467765808105
0.6932777166366577
0.7629299163818359
0.8367292284965515
0.941353976726532
1.0184738636016846
0.647002100944519
0.7516655921936035
0.8415384292602539
0.9307303428649902
1.0058162212371826
0.6201934218406677
0.7037498950958252
0.813511073589325
0.9086687564849854
1.0046555995941162
0.654547929763794
0.7317690849304199
0.8341234922409058
0.9311498403549194
0.9992908835411072
0.6778883934020996
0.7650189399719238
0.852756917476654
0.9245204329490662
1.010748267173767
0.670084536075592
0.7519466876983643
0.8278014659881592
0.9296583533287048
1.0287327766418457
0.6742355227470398
0.7499780654907227
0.8417086005210876
0.946325421333313
1.032831072807312
0.6984259486198425
0.7747436165809631
0.8495697975158691
0.9421263337135315
1.0280609130859375
0.9114121794700623
0.9899599552154541
1.0564182996749878
1.1245179176330566
1.1689873933792114
0.9431082010269165
1.0173977613449097
1.105195164680481
1.1644011735916138
1.2163723707199097
0.9838576316833496
1.057698369026184
1.123738408088684
1.1894619464874268
1.22806978225708
0.9786078929901123
1.0645173788070679
1.136161208152771
1.1766260862350464
1.214640498161316
0.8989564776420593
0.977775514125824
1.0643112659454346
1.1378586292266846
1.1954151391983032
0.8656776547431946
0.955810546875
1.0420124530792236
1.0965518951416016
1.1594237089157104
0.9221887588500977
1.0033984184265137
1.090967059135437
1.1585392951965332
1.2191816568374634
0.8827798962593079
0.9766371250152588
1.046287178993225
1.1183322668075562
1.1690988540649414
0.9712463021278381
1.0458029508590698
1.1146904230117798
1.1712195873260498
1.2150607109069824
0.9662106037139893
1.0521029233932495
1.1270850896835327
1.179115653038025
1.2217711210250854
0.8936804533004761
0.9881423711776733
1.067973256111145
1.1369197368621826
1.1796358823776245
0.9042646884918213
0.9948244094848633
1.0820729732513428
1.138473391532898
1.1853978633880615
0.8783496022224426
0.9479612708091736
1.0247974395751953
1.0587279796600342
1.1248149871826172
0.8955875039100647
0.9873296022415161
1.071007251739502
1.1409610509872437
1.204667329788208
0.9695448875427246
1.0478925704956055
1.1120831966400146
1.1652075052261353
1.206436038017273
0.9797227382659912
1.0409810543060303
1.1002262830734253
1.1546844244003296
1.212816596031189
0.9548351168632507
1.02028489112854
1.0991032123565674
1.1457771062850952
1.2018741369247437
0.9424349069595337
1.0059081315994263
1.0964927673339844
1.1406803131103516
1.195338487625122
0.9265406131744385
0.9780355095863342
1.0659899711608887
1.1414271593093872
1.1861993074417114
0.8838117122650146
0.9842579364776611
1.0654847621917725
1.1305413246154785
1.1876091957092285
0.9219896197319031
1.0010430812835693
1.0671594142913818
1.1302976608276367
1.1845648288726807
0.914811909198761
1.0077149868011475
1.0713646411895752
1.1493967771530151
1.1999582052230835
0.9501891136169434
1.0274134874343872
1.1027175188064575
1.1647906303405762
1.2147436141967773
0.9437265992164612
1.0299710035324097
1.1009317636489868
1.1567466259002686
1.2129954099655151
0.9494084715843201
1.0251259803771973
1.106101393699646
1.1526284217834473
1.1991373300552368
0.6165693998336792
0.6748687028884888
0.7373457551002502
0.797681450843811
0.873239278793335
0.654313862323761
0.723397433757782
0.7995631694793701
0.900576651096344
1.008211612701416
0.6502729654312134
0.7346053719520569
0.8198022246360779
0.9231191277503967
1.0295953750610352
0.6247228384017944
0.6927325129508972
0.7691368460655212
0.8618810176849365
0.9702475666999817
0.5790475606918335
0.6362111568450928
0.7026417255401611
0.7783063650131226
0.8669951558113098
0.5819516181945801
0.6369357705116272
0.7022731304168701
0.7779731750488281
0.851578414440155
0.6041876673698425
0.6726315021514893
0.7466027736663818
0.836230456829071
0.9337198734283447
0.6070484519004822
0.6629213690757751
0.7296352386474609
0.8033213019371033
0.8832425475120544
0.5772422552108765
0.6434409618377686
0.716268002986908
0.8067592978477478
0.9035869240760803
0.6463841199874878
0.7036796808242798
0.7805335521697998
0.866813063621521
0.9511494636535645
0.5872848629951477
0.6447235941886902
0.7177009582519531
0.7988715767860413
0.8928045630455017
0.6252478957176208
0.6965541839599609
0.7829992771148682
0.8812793493270874
0.9828715324401855
0.6140696406364441
0.6641674041748047
0.728829026222229
0.796992838382721
0.8800447583198547
0.5841975808143616
0.6428317427635193
0.7167043685913086
0.8022686839103699
0.9012181758880615
0.6269664168357849
0.6970366835594177
0.78107750415802
0.8823673129081726
0.9807119965553284
0.673941433429718
0.7472728490829468
0.8396599888801575
0.9262129068374634
0.9844463467597961
0.628792405128479
0.6948192119598389
0.7720174789428711
0.8533757328987122
0.9434835314750671
0.6159718632698059
0.6713709831237793
0.7459964156150818
0.8237475752830505
0.9106292128562927
0.5505857467651367
0.6309176683425903
0.7069697976112366
0.770279049873352
0.8918446898460388
0.5793201923370361
0.6520048975944519
0.7405564785003662
0.8418259620666504
0.9480329751968384
0.561058521270752
0.6243395209312439
0.6969818472862244
0.7771027684211731
0.8633560538291931
0.6177419424057007
0.6794038414955139
0.7607391476631165
0.8454813957214355
0.9397076964378357
0.5797255039215088
0.6539782881736755
0.7529985904693604
0.8631804585456848
0.9771065711975098
0.600807785987854
0.6603505611419678
0.7360934019088745
0.818401575088501
0.9118427634239197
0.6228584051132202
0.6915714740753174
0.7626807689666748
0.8433154821395874
0.9310393929481506
0.6906498670578003
0.7569884061813354
0.8813111186027527
1.0046632289886475
1.1120933294296265
0.6863963007926941
0.7582775354385376
0.9070043563842773
1.0592434406280518
1.1768890619277954
0.7060017585754395
0.7995994091033936
0.954674482345581
1.0867857933044434
1.1889631748199463
0.7423237562179565
0.8246678113937378
0.9751831889152527
1.1040068864822388
1.1950196027755737
0.6505836248397827
0.7234912514686584
0.8638961315155029
1.0133060216903687
1.1503922939300537
0.6346386671066284
0.7062007188796997
0.8320307731628418
0.9733471274375916
1.1071269512176514
0.6315839886665344
0.7090041041374207
0.8691667914390564
1.0384804010391235
1.1689531803131104
0.6553779244422913
0.7217398285865784
0.8523213267326355
0.9941949844360352
1.1281946897506714
0.6748136878013611
0.7708180546760559
0.9338833689689636
1.0754307508468628
1.1773639917373657
0.6955199837684631
0.7819598913192749
0.9358636140823364
1.077569842338562
1.1798040866851807
0.6426083445549011
0.7192301154136658
0.8603156805038452
1.003453254699707
1.1306474208831787
0.6536802649497986
0.7347707152366638
0.8878752589225769
1.0357632637023926
1.1539409160614014
0.678437352180481
0.7372219562530518
0.8477089405059814
0.9623613357543945
1.078635334968567
0.6498381495475769
0.7208613157272339
0.8598216772079468
1.015992522239685
1.1491831541061401
0.6911641359329224
0.7736167907714844
0.9284979104995728
1.0740127563476562
1.1786056756973267
0.7282498478889465
0.8069453835487366
0.9428842663764954
1.0602747201919556
1.1727007627487183
0.6877470016479492
0.7636949419975281
0.9085653424263
1.0526894330978394
1.1741429567337036
0.6703321933746338
0.7463873028755188
0.8936522603034973
1.0477824211120605
1.1614389419555664
0.6587077379226685
0.7375621199607849
0.8946024179458618
1.044379711151123
1.1589044332504272
0.61446213722229
0.702694833278656
0.8734009861946106
1.0252500772476196
1.1516368389129639
0.6257168054580688
0.7140393257141113
0.8703272342681885
1.0220801830291748
1.1464974880218506
0.6511238813400269
0.7223178148269653
0.871000349521637
1.0289764404296875
1.1599611043930054
0.6504602432250977
0.7319733500480652
0.8929997086524963
1.0523836612701416
1.1765339374542236
0.6577188372612
0.7388253211975098
0.8948200345039368
1.054740071296692
1.1753971576690674
0.6860077381134033
0.7625535130500793
0.9115223288536072
1.0540810823440552
1.1653369665145874
0.7907842993736267
0.881224513053894
0.9527496099472046
1.019978404045105
1.0888208150863647
0.8684079647064209
1.008424162864685
1.0906201601028442
1.130627989768982
1.1931902170181274
0.891325831413269
0.966827929019928
1.0424038171768188
1.1061559915542603
1.1691758632659912
0.8528662323951721
1.020107388496399
1.0634127855300903
1.123025894165039
1.175230622291565
0.7825824022293091
0.8595167994499207
0.9626586437225342
1.0446767807006836
1.127409815788269
0.8280990123748779
0.9898127913475037
1.0479117631912231
1.1006442308425903
1.1329632997512817
0.7636932134628296
0.8606260418891907
0.9600246548652649
1.0535273551940918
1.1240532398223877
0.8082054257392883
0.91548752784729
1.034494400024414
1.1075725555419922
1.1606712341308594
0.896065354347229
0.9565666317939758
1.0346074104309082
1.0853769779205322
1.1435327529907227
0.8281851410865784
0.9820088744163513
1.0662785768508911
1.122031569480896
1.1704356670379639
0.8232926726341248
0.9014687538146973
0.9844849705696106
1.0648820400238037
1.1290125846862793
0.8375622630119324
0.9782256484031677
1.0568852424621582
1.1070082187652588
1.1645039319992065
0.775880753993988
0.8505634069442749
0.9477323293685913
1.009078025817871
1.0815348625183105
0.7704270482063293
0.8982685804367065
0.9817211627960205
1.0672194957733154
1.1333768367767334
0.9259873032569885
1.0161213874816895
1.0720117092132568
1.1273777484893799
1.1760802268981934
0.8456573486328125
0.9756264686584473
1.0355366468429565
1.1018692255020142
1.1528106927871704
0.9016950726509094
0.987951934337616
1.0345028638839722
1.0950340032577515
1.165834903717041
0.8001444339752197
1.0129261016845703
1.0715763568878174
1.139814019203186
1.1784770488739014
0.7770097255706787
0.8504130244255066
0.9519509077072144
1.021514892578125
1.1103637218475342
0.9898593425750732
1.1246486902236938
1.1556963920593262
1.1860243082046509
1.2158526182174683
0.77694171667099
0.8934638500213623
0.9595417380332947
1.0306191444396973
1.1116557121276855
0.801642119884491
0.9786584377288818
1.0281182527542114
1.0945408344268799
1.1614845991134644
0.8316085338592529
0.923611044883728
1.009056806564331
1.0995899438858032
1.159505844116211
0.78035569190979
0.927473783493042
1.0121817588806152
1.0785998106002808
1.154821515083313
0.9220969080924988
0.9765635132789612
1.0323896408081055
1.0958290100097656
1.1507962942123413
0.8590829372406006
0.9429968595504761
0.9832119941711426
1.0497198104858398
1.1238845586776733
0.8299685120582581
0.9482870697975159
1.0068359375
1.0745432376861572
1.1649723052978516
0.9172230958938599
1.01685631275177
1.087729573249817
1.1195688247680664
1.1748602390289307
0.9388025403022766
1.0277316570281982
1.0894581079483032
1.1665860414505005
1.2081273794174194
0.7662608623504639
0.8940075635910034
0.9928606152534485
1.09638249874115
1.1411011219024658
0.795360803604126
0.8433135747909546
0.9136120080947876
1.0081021785736084
1.072200059890747
0.7984021902084351
0.907080888748169
1.0057379007339478
1.1038131713867188
1.1520602703094482
0.800401508808136
0.8895621299743652
0.9659567475318909
1.0716763734817505
1.1386317014694214
0.8645930886268616
0.9489488005638123
1.0157191753387451
1.1059377193450928
1.159885048866272
0.8890395164489746
1.0020263195037842
1.0990688800811768
1.1834526062011719
1.190474271774292
0.8044345378875732
0.8975124359130859
1.0115989446640015
1.0907472372055054
1.1446521282196045
0.9022032022476196
0.9393302798271179
1.0381039381027222
1.099613904953003
1.1606593132019043
0.7834445238113403
0.8740142583847046
0.9443663358688354
1.0431872606277466
1.1293985843658447
0.7628316879272461
0.8873000144958496
1.0396344661712646
1.090105652809143
1.1612377166748047
0.9596312642097473
1.0253551006317139
1.0768882036209106
1.160931944847107
1.2063634395599365
0.9386915564537048
1.008581519126892
1.0976086854934692
1.1523668766021729
1.1812818050384521
0.8591037392616272
1.0190023183822632
1.11232328414917
1.1641411781311035
1.206831932067871
0.8327264189720154
0.9300602674484253
1.0458017587661743
1.1061077117919922
1.1585326194763184
0.840466320514679
0.9452692866325378
1.0428757667541504
1.0849045515060425
1.1363972425460815
0.7283177971839905
0.8481338620185852
0.9534834623336792
1.0210988521575928
1.0798158645629883
0.817846417427063
0.947486937046051
0.9910608530044556
1.0771697759628296
1.1241623163223267
0.8146514892578125
0.9294124841690063
1.0050128698349
1.0661934614181519
1.1264954805374146
0.8809391260147095
1.002716064453125
1.1106641292572021
1.1529942750930786
1.2191747426986694
0.8354380130767822
0.9289844036102295
1.04916250705719
1.104069471359253
1.200770616531372
1.0467885732650757
1.0866758823394775
1.1342960596084595
1.1560207605361938
1.1876329183578491
0.8548167943954468
0.9866825342178345
1.1001700162887573
1.195854663848877
1.2381740808486938
0.8053551316261292
0.9444312453269958
1.0761635303497314
1.1637717485427856
1.2211557626724243
0.804282009601593
0.9316919445991516
1.0512689352035522
1.1388448476791382
1.204795241355896
0.7635082602500916
0.8791462182998657
1.0039305686950684
1.1127344369888306
1.1793651580810547
0.876644492149353
1.005866527557373
1.1175447702407837
1.1981630325317383
1.2513179779052734
0.8644647598266602
1.004721999168396
1.1188000440597534
1.1966962814331055
1.2385013103485107
0.7822074890136719
0.9049396514892578
1.0345802307128906
1.1506142616271973
1.2394847869873047
0.9339372515678406
1.0512518882751465
1.1470662355422974
1.2123630046844482
1.2557779550552368
0.7806301712989807
0.9196322560310364
1.0535863637924194
1.1524977684020996
1.2218655347824097
0.843864381313324
0.9757142663002014
1.0882112979888916
1.1774561405181885
1.2300349473953247
0.845455527305603
0.9720563292503357
1.0842268466949463
1.1636066436767578
1.2234482765197754
0.8316681385040283
0.9695248007774353
1.078786015510559
1.1584473848342896
1.2205058336257935
0.8879960179328918
1.0052651166915894
1.1109901666641235
1.1775789260864258
1.2178101539611816
0.8453673124313354
0.977245569229126
1.100164771080017
1.192344307899475
1.2477025985717773
0.808398962020874
0.9300510883331299
1.0432244539260864
1.1347827911376953
1.19739830493927
0.8491266965866089
0.9684040546417236
1.087873935699463
1.1721141338348389
1.2166831493377686
0.7985175848007202
0.9212163090705872
1.0436766147613525
1.1457093954086304
1.2129771709442139
0.8640203475952148
0.9903385043144226
1.0994211435317993
1.170957088470459
1.2273937463760376
0.8439859747886658
0.9879932999610901
1.1079117059707642
1.1957545280456543
1.2441855669021606
0.8411999940872192
1.0010452270507812
1.0958620309829712
1.17025625705719
1.2207810878753662
0.8264743089675903
0.9653116464614868
1.0971342325210571
1.18409264087677
1.2346628904342651
0.8359721899032593
0.9716202616691589
1.0888421535491943
1.1721330881118774
1.2287014722824097
0.793106734752655
0.9214977025985718
1.0423954725265503
1.1500771045684814
1.2149639129638672
0.8436822295188904
0.9819064736366272
1.0917093753814697
1.176521897315979
1.2365903854370117
0.9349793195724487
1.0582674741744995
1.157792091369629
1.2230796813964844
1.2601282596588135
0.9049855470657349
0.9991898536682129
1.0938892364501953
1.1729365587234497
1.2283852100372314
0.9411340355873108
1.0024369955062866
1.089508056640625
1.1551694869995117
1.2051799297332764
0.8266028165817261
0.9167717695236206
1.013959288597107
1.1183005571365356
1.1943843364715576
0.9276254177093506
1.000930905342102
1.0720431804656982
1.1258214712142944
1.1800068616867065
0.8290629386901855
0.9130893349647522
1.0455816984176636
1.1532952785491943
1.2275208234786987
0.8071687817573547
0.8949869275093079
1.0400434732437134
1.1521040201187134
1.2247387170791626
0.7803821563720703
0.8722886443138123
0.994608461856842
1.106174111366272
1.212074875831604
0.8842083811759949
0.9669589400291443
1.0541239976882935
1.143041729927063
1.212744116783142
0.8175424933433533
0.8624898791313171
0.9843058586120605
1.0972799062728882
1.1895843744277954
0.863456130027771
0.9454320669174194
1.053472876548767
1.1654958724975586
1.2339900732040405
0.8455288410186768
0.9397632479667664
1.054437518119812
1.1527189016342163
1.2063192129135132
0.8722814917564392
0.9506174325942993
1.0528706312179565
1.1306554079055786
1.1965043544769287
0.894887387752533
0.9860430955886841
1.0935847759246826
1.1672197580337524
1.211265206336975
0.8743042945861816
0.9628010392189026
1.0626792907714844
1.1678075790405273
1.2345257997512817
0.8871908187866211
0.9683157205581665
1.0484822988510132
1.1318620443344116
1.177605152130127
0.8933079838752747
0.9516798257827759
1.0534253120422363
1.1473486423492432
1.2042211294174194
0.9034087061882019
0.9440115094184875
1.031658411026001
1.1433627605438232
1.2117305994033813
0.8874378204345703
0.9834529757499695
1.0934388637542725
1.1804733276367188
1.221923828125
0.8398228287696838
0.9407691955566406
1.0267438888549805
1.1167395114898682
1.1910293102264404
0.725436270236969
0.7960562109947205
0.9416908025741577
1.0586767196655273
1.1736271381378174
0.81297367811203
0.9062041640281677
1.0136133432388306
1.1243469715118408
1.2061225175857544
0.8896204829216003
0.9777774810791016
1.062381625175476
1.1471155881881714
1.199101448059082
0.8267408013343811
0.9018842577934265
1.0102312564849854
1.092424750328064
1.179949164390564
0.8526605367660522
0.9425806999206543
1.0590568780899048
1.1520806550979614
1.2247389554977417
0.6678876876831055
0.7630658149719238
0.9021520614624023
1.0963208675384521
1.2113944292068481
0.7403572797775269
0.8193854093551636
0.9628905057907104
1.1076633930206299
1.2157484292984009
0.8024076819419861
0.8444125056266785
0.9893103837966919
1.137323260307312
1.2058197259902954
0.7119024991989136
0.8062833547592163
0.9653940796852112
1.12450110912323
1.2069696187973022
0.7254128456115723
0.839316189289093
0.9968027472496033
1.151041865348816
1.2272168397903442
0.7550516724586487
0.8377551436424255
0.9537074565887451
1.108028769493103
1.203979253768921
0.681866466999054
0.7693894505500793
0.9214910268783569
1.095582365989685
1.1883676052093506
0.7055580019950867
0.7754769921302795
0.9262155294418335
1.0824089050292969
1.1842262744903564
0.7583973407745361
0.8302971720695496
0.967134416103363
1.0891611576080322
1.1845612525939941
0.691411554813385
0.7811843156814575
0.9391677379608154
1.1144049167633057
1.192970871925354
0.7489058971405029
0.8180771470069885
0.9856560230255127
1.157081961631775
1.2229397296905518
0.7159603238105774
0.7948787212371826
0.9400261640548706
1.0794731378555298
1.1998554468154907
0.7158266305923462
0.7710978984832764
0.9158239364624023
1.118337631225586
1.2038706541061401
0.8029725551605225
0.8507329821586609
0.9732316732406616
1.08400559425354
1.186556100845337
0.8103365302085876
0.8728907704353333
0.9965008497238159
1.1318641901016235
1.2178454399108887
0.7416609525680542
0.8050860166549683
0.9665645956993103
1.1429816484451294
1.2208644151687622
0.7230539917945862
0.8110896348953247
1.0056952238082886
1.137345790863037
1.21231210231781
0.6989380121231079
0.7863988876342773
0.9552902579307556
1.1132662296295166
1.2249163389205933
0.7662007212638855
0.8392636775970459
0.9827280640602112
1.1273982524871826
1.21451735496521
0.6884063482284546
0.7784448266029358
0.9160330891609192
1.1054704189300537
1.2068474292755127
0.6624332666397095
0.7417417168617249
0.877001166343689
1.0429861545562744
1.1440585851669312
0.7069563865661621
0.8015543818473816
0.949060320854187
1.0997673273086548
1.1904492378234863
0.7920047044754028
0.8397809267044067
0.9532216787338257
1.1231087446212769
1.2023775577545166
0.6957244873046875
0.7514128684997559
0.9368007779121399
1.1114897727966309
1.2113755941390991
0.7449104189872742
0.807717502117157
0.9596362709999084
1.1026095151901245
1.187743067741394
0.7607817053794861
0.8242563605308533
0.9590588212013245
1.0914125442504883
1.1873517036437988
0.7632547616958618
0.8682792782783508
0.9643401503562927
1.1170225143432617
1.2366080284118652
0.8909106254577637
1.0284348726272583
1.1792302131652832
1.2646267414093018
1.2900364398956299
0.8868237733840942
1.0720759630203247
1.191256046295166
1.2433743476867676
1.271321415901184
1.0019878149032593
1.1184958219528198
1.1922277212142944
1.2308322191238403
1.2528018951416016
0.6929649114608765
0.8072332739830017
0.9319418668746948
1.0634047985076904
1.1977466344833374
0.7365914583206177
0.8488046526908875
0.9472607970237732
1.0985132455825806
1.2326056957244873
0.8407261967658997
0.9778470396995544
1.1286252737045288
1.2155030965805054
1.2633389234542847
0.7569723129272461
0.8618887066841125
0.988610029220581
1.0509451627731323
1.1812785863876343
0.8223766684532166
0.9325873851776123
1.0975027084350586
1.2022374868392944
1.2580463886260986
0.8735945224761963
1.0394197702407837
1.1739232540130615
1.2320916652679443
1.2683887481689453
0.7733964323997498
0.874995231628418
0.9809741973876953
1.1538207530975342
1.2398697137832642
0.8621975779533386
1.004691243171692
1.164501428604126
1.223313331604004
1.2474589347839355
0.7200859189033508
0.8305302858352661
0.900070309638977
1.001238465309143
1.1491029262542725
0.7486355304718018
0.8745633959770203
0.9892248511314392
1.1446564197540283
1.2423286437988281
0.9019597172737122
1.0571997165679932
1.160788893699646
1.225271224975586
1.249498963356018
0.8957699537277222
1.0172090530395508
1.1855883598327637
1.2507660388946533
1.2630971670150757
0.8577143549919128
0.9728584289550781
1.1327488422393799
1.2161037921905518
1.2619941234588623
0.7750542759895325
0.8975980281829834
1.0170150995254517
1.1649328470230103
1.2445998191833496
0.8214811086654663
0.9030739665031433
0.9735783934593201
1.1209135055541992
1.225841760635376
0.7715845108032227
0.8882037997245789
1.079284906387329
1.1801199913024902
1.2344248294830322
0.7866073846817017
0.8595603704452515
0.9878883361816406
1.1407831907272339
1.2349225282669067
0.8041090965270996
0.9174908399581909
1.0446932315826416
1.1927388906478882
1.2691256999969482
0.8763277530670166
1.0290794372558594
1.141148328781128
1.2197942733764648
1.2578115463256836
0.7822936177253723
0.9026912450790405
1.0377085208892822
1.1844249963760376
1.2621896266937256
0.7165228128433228
0.779449999332428
0.843049943447113
0.9139378666877747
1.029234766960144
0.7286374568939209
0.7317858338356018
0.9844699501991272
1.0567394495010376
1.1360664367675781
0.9270329475402832
0.9790427684783936
1.188334584236145
1.2328912019729614
1.2567603588104248
0.8773834109306335
1.0672709941864014
1.1789631843566895
1.1559512615203857
1.225407600402832
0.8171342611312866
1.0535211563110352
1.0989408493041992
1.1736284494400024
1.2058669328689575
0.6772930026054382
0.680510938167572
0.7795323133468628
1.0368634462356567
1.1717135906219482
0.6711872816085815
0.760981559753418
0.8956992030143738
1.0039955377578735
1.0258982181549072
0.7661199569702148
0.9498171806335449
1.0849661827087402
1.1621109247207642
1.2145895957946777
0.6054673194885254
0.6469619274139404
0.7210951447486877
0.9496558308601379
0.9912997484207153
0.5885245203971863
0.632989764213562
0.9357748627662659
1.1517643928527832
1.174322485923767
0.9805560111999512
0.8074920177459717
0.9933714866638184
1.1032501459121704
1.2004168033599854
0.7934233546257019
0.6067641377449036
0.9738982915878296
1.0891289710998535
1.177204966545105
0.8325527310371399
0.9337676763534546
1.1081933975219727
1.1466623544692993
1.1384682655334473
0.643829882144928
0.6792833209037781
0.8354262709617615
0.7694457173347473
0.8904798030853271
0.6990735530853271
0.8682315945625305
1.034546136856079
1.0747027397155762
1.1235432624816895
0.7769482731819153
0.8406035900115967
1.116068959236145
1.1594713926315308
1.2178375720977783
0.7867164015769958
0.9389669299125671
1.0210891962051392
1.175621509552002
1.234344244003296
0.7154937982559204
0.8656602501869202
0.9513059258460999
1.0997223854064941
1.2314473390579224
0.7379797101020813
0.8824291229248047
0.9540684819221497
1.0701751708984375
1.1962348222732544
0.6184701323509216
0.6822618842124939
0.8502007126808167
0.937942624092102
1.0211154222488403
0.7002180814743042
0.8677433133125305
0.9583068490028381
1.043691873550415
1.1771620512008667
0.6483913064002991
0.8258723020553589
0.693464994430542
0.8838696479797363
1.2067813873291016
0.8421431183815002
0.8518058657646179
0.9411007165908813
1.0896519422531128
1.1869274377822876
0.8100471496582031
0.8214911818504333
1.0755501985549927
1.1701093912124634
1.2295944690704346
0.8382876515388489
0.6747562289237976
0.8111007809638977
1.0894436836242676
1.1972002983093262
0.7394145131111145
0.7468721270561218
0.8819108009338379
0.9543080925941467
0.9813231825828552
0.8160136938095093
1.03951096534729
1.1130753755569458
1.1376738548278809
1.1355403661727905
0.9957837462425232
1.1034069061279297
1.1722975969314575
1.2181366682052612
1.2124534845352173
0.9216002225875854
1.1287916898727417
1.1386367082595825
1.2419840097427368
1.262640118598938
1.0013725757598877
1.1331945657730103
1.187914490699768
1.1853604316711426
1.2440686225891113
0.873835563659668
0.8561328053474426
1.0662959814071655
1.1487029790878296
1.2350671291351318
0.8673365116119385
0.8026033043861389
1.0187716484069824
1.1183795928955078
1.1620509624481201
0.9453763365745544
1.046190857887268
1.1618952751159668
1.221900463104248
1.24909508228302
0.8492401838302612
1.0540434122085571
0.9483267068862915
1.117256760597229
1.2083125114440918
1.0249836444854736
1.0973484516143799
1.1708438396453857
1.1977763175964355
1.217696189880371
0.745061457157135
1.1378965377807617
1.1776906251907349
1.2181261777877808
1.2260266542434692
0.9750125408172607
0.9647096395492554
1.1232621669769287
1.1687798500061035
1.2052266597747803
0.9232426881790161
0.9859250783920288
1.133190393447876
1.1894938945770264
1.0251920223236084
0.7488462924957275
0.8075376152992249
1.0274734497070312
1.0553590059280396
1.1515401601791382
0.9786494970321655
0.9299479126930237
1.1150236129760742
1.1550276279449463
1.2281447649002075
0.9319250583648682
1.0832668542861938
1.1755669116973877
1.1965234279632568
1.2432612180709839
1.063148021697998
1.0862665176391602
1.070029616355896
1.1994600296020508
1.1908468008041382
0.9193817973136902
1.0240564346313477
1.1651474237442017
1.2006499767303467
1.2353401184082031
0.9953516125679016
1.0529675483703613
1.0499249696731567
1.1650456190109253
1.2118476629257202
0.8131408095359802
1.0471765995025635
1.084256649017334
1.1636059284210205
1.2160367965698242
0.8713511824607849
1.0375105142593384
0.9763447046279907
1.178762674331665
1.2310857772827148
0.8541496396064758
0.9539387822151184
1.1023002862930298
1.175148367881775
1.197657585144043
0.8817111253738403
1.0255060195922852
1.0959508419036865
1.181552529335022
1.2081276178359985
0.9358445405960083
1.0114436149597168
1.147667646408081
1.204475998878479
1.2429866790771484
0.9967154264450073
1.1150848865509033
1.1590334177017212
1.2081948518753052
1.202369213104248
0.8908592462539673
0.819225013256073
1.0644537210464478
0.9752695560455322
1.0848829746246338
0.8674594163894653
0.8643978834152222
0.9719735383987427
1.034355878829956
1.0633622407913208
0.9556680917739868
0.8346103429794312
0.9648500680923462
1.0198426246643066
1.0940207242965698
0.9526366591453552
0.8684403896331787
0.9521620869636536
1.0030765533447266
1.091873288154602
0.9744480848312378
0.7817414999008179
0.9538719654083252
0.9846563339233398
1.0696176290512085
0.7974356412887573
0.9148302674293518
1.0159273147583008
1.0602805614471436
1.1191576719284058
0.7897101044654846
0.8394370079040527
0.9531437158584595
0.9991881847381592
1.0518563985824585
0.8956369757652283
0.8577709197998047
0.955644965171814
0.9978658556938171
1.0784313678741455
0.8406993746757507
0.8590178489685059
1.020254373550415
1.09527587890625
1.136171579360962
0.8465360403060913
0.7336655855178833
0.892853856086731
1.0047770738601685
1.0956215858459473
0.8773797154426575
0.9029252529144287
0.972859799861908
1.066698670387268
1.1059046983718872
0.8452851176261902
0.8642531037330627
1.0000637769699097
1.061850905418396
1.0890169143676758
0.8803794980049133
0.8697881102561951
0.9859875440597534
1.0099422931671143
1.0867793560028076
0.6997917890548706
0.8730366230010986
0.9811390042304993
1.0005824565887451
1.0825380086898804
0.8179036378860474
0.8814446926116943
1.013852596282959
1.1243692636489868
1.1517125368118286
0.9122617840766907
0.8637579679489136
0.9816768765449524
1.0396454334259033
1.101019024848938
0.9081229567527771
0.9008914232254028
0.9287816882133484
0.991757333278656
1.0384818315505981
0.8544705510139465
0.8504612445831299
0.966476321220398
1.0158835649490356
1.0763757228851318
0.875060498714447
0.8430123925209045
0.999129056930542
1.0403507947921753
1.093306303024292
0.7795385718345642
0.877029538154602
0.9618629813194275
1.0276094675064087
1.0729873180389404
0.740699052810669
0.8435503840446472
0.97893887758255
1.0503449440002441
1.0762805938720703
0.7648043632507324
0.7952418923377991
0.8749550580978394
1.0282853841781616
1.1028581857681274
0.8927434086799622
0.9056737422943115
0.9727798104286194
1.0819871425628662
1.1046706438064575
0.8466933369636536
0.8519624471664429
0.9377963542938232
0.9812191724777222
1.0774365663528442
0.8144053220748901
0.796148955821991
0.9630083441734314
1.0102818012237549
1.0662226676940918
0.7068416476249695
0.8859133124351501
0.9261026382446289
1.0161831378936768
1.082904577255249
1.1299961805343628
1.126075029373169
1.111325740814209
1.0921427011489868
1.1041619777679443
1.148938775062561
1.156382441520691
1.1527363061904907
1.1440343856811523
1.1263813972473145
1.1310174465179443
1.1233241558074951
1.1021926403045654
1.0861104726791382
1.052894949913025
1.0647292137145996
1.0530591011047363
1.0578274726867676
1.064474105834961
0.9749269485473633
1.123599886894226
1.11690354347229
1.0798280239105225
1.0552210807800293
0.9945424199104309
1.0990632772445679
1.099561095237732
1.0696192979812622
1.0355409383773804
0.9953045845031738
1.1007262468338013
1.0917125940322876
1.0895155668258667
1.0581754446029663
1.0276720523834229
1.0605486631393433
1.068472981452942
1.0563538074493408
1.0330170392990112
1.0311063528060913
1.055331826210022
1.0694375038146973
1.0496708154678345
1.0296050310134888
0.8318573236465454
1.0764243602752686
1.0455800294876099
1.0383068323135376
1.0369929075241089
0.9594218730926514
1.0826869010925293
1.0919010639190674
1.071384310722351
1.0563080310821533
1.049341082572937
1.1333189010620117
1.122847080230713
1.0998492240905762
1.0799931287765503
1.119439721107483
1.087130069732666
1.0980720520019531
1.130232572555542
1.077947974205017
1.1325889825820923
1.0708222389221191
1.042301058769226
1.0465196371078491
0.9970754384994507
0.9333163499832153
1.1098273992538452
1.1248124837875366
1.1197091341018677
1.0882335901260376
1.0450278520584106
1.0829508304595947
1.0902565717697144
1.1081149578094482
1.0966109037399292
1.1589977741241455
1.1167240142822266
1.123235821723938
1.1125527620315552
1.1007214784622192
1.054947853088379
1.1303995847702026
1.1236927509307861
1.1025112867355347
1.0693594217300415
1.0212703943252563
1.0447856187820435
1.0382107496261597
1.024481177330017
1.0138132572174072
1.0476181507110596
1.1558846235275269
1.1349403858184814
1.10672128200531
1.0888009071350098
1.031198263168335
1.0721999406814575
1.0503934621810913
1.0516360998153687
1.0229012966156006
1.0035011768341064
1.1184051036834717
1.1143925189971924
1.1046268939971924
1.0748708248138428
1.0396686792373657
1.1391102075576782
1.1094225645065308
1.080626130104065
1.0343575477600098
1.0102046728134155
1.0127171277999878
0.9909768104553223
0.9891467690467834
0.9752063155174255
1.063839316368103
1.1241003274917603
1.1256123781204224
1.0919216871261597
1.080194115638733
1.0332852602005005
0.44184765219688416
0.4915456175804138
0.6261193752288818
0.6486586928367615
0.8578779101371765
0.4384869635105133
0.5082690715789795
0.6681838035583496
0.7370834350585938
0.918982982635498
0.47707945108413696
0.6198670864105225
0.7062180042266846
0.8441673517227173
0.9204538464546204
0.4141756594181061
0.46493393182754517
0.654229462146759
0.6280488967895508
0.8934147953987122
0.4846252202987671
0.6069770455360413
0.763486921787262
0.8153042197227478
1.020644187927246
0.4135379195213318
0.5877286791801453
0.5932004451751709
0.7831026911735535
0.7365344166755676
0.4331206679344177
0.5452189445495605
0.6118726134300232
0.7718487977981567
0.8281800150871277
0.4445975422859192
0.6855173110961914
0.6198506951332092
0.8914875984191895
0.8382222056388855
0.39741250872612
0.4616561532020569
0.5618876814842224
0.6585171222686768
0.7445613741874695
0.42934873700141907
0.631341814994812
0.6144931316375732
0.8416326642036438
0.7592340111732483
0.4314802587032318
0.5057258605957031
0.706783652305603
0.7131146788597107
0.9510205388069153
0.3845994770526886
0.5830934643745422
0.5506755113601685
0.8160117864608765
0.7249377369880676
0.4306102395057678
0.6619254946708679
0.6416535973548889
0.8621006011962891
0.8721238374710083
0.439253032207489
0.5186525583267212
0.6466821432113647
0.7299081683158875
0.8897767663002014
0.4851891100406647
0.5816947817802429
0.8504926562309265
0.7769730687141418
1.0473722219467163
0.43845391273498535
0.5790398716926575
0.5944657325744629
0.8062804937362671
0.7657892107963562
0.42137807607650757
0.532835841178894
0.8113778829574585
0.7154709100723267
1.0060102939605713
0.4723537862300873
0.6418815851211548
0.7382398843765259
0.8502916693687439
1.0374211072921753
0.3934246003627777
0.5792337656021118
0.5637080669403076
0.8217257857322693
0.7864269018173218
0.37424683570861816
0.5902591943740845
0.5741391181945801
0.8114577531814575
0.8030556440353394
0.40114158391952515
0.5924944281578064
0.5821661353111267
0.8251194953918457
0.787611722946167
0.4101441502571106
0.6100232601165771
0.5871830582618713
0.8494433164596558
0.7569934725761414
0.3909708559513092
0.6047530174255371
0.562760591506958
0.887856125831604
0.7403426170349121
0.4025474786758423
0.5681224465370178
0.561569094657898
0.7722735404968262
0.6947441101074219
0.5749059319496155
0.6002144813537598
0.7835223078727722
0.8018565773963928
0.9265645742416382
0.7928165793418884
0.9150049686431885
0.9743174910545349
1.0564417839050293
1.127387523651123
0.7762526273727417
0.9015690088272095
0.9843292832374573
1.0793633460998535
1.1437385082244873
0.776877224445343
0.9140431880950928
0.9805300235748291
1.0374493598937988
1.1368268728256226
0.8142635226249695
0.9388493895530701
1.0006998777389526
1.0834846496582031
1.1363136768341064
0.8115562200546265
0.9359744191169739
1.0099838972091675
1.0731583833694458
1.1518768072128296
0.7405052781105042
0.8619371056556702
0.9361505508422852
0.9865440726280212
1.09762704372406
0.7706376910209656
0.8827443718910217
0.9674527049064636
1.023866057395935
1.1259651184082031
0.7856598496437073
0.9081842303276062
0.9827659726142883
1.0297950506210327
1.1292775869369507
0.7449268102645874
0.8506249785423279
0.9564370512962341
0.9970937371253967
1.1162904500961304
0.7765593528747559
0.8954460620880127
0.9753779768943787
1.0256391763687134
1.134459137916565
0.7571066617965698
0.8787252306938171
0.9636520743370056
1.0432311296463013
1.1215389966964722
0.7898961901664734
0.9158504605293274
0.9781245589256287
1.041284203529358
1.1083909273147583
0.7653652429580688
0.9203957915306091
0.9535735845565796
1.0455617904663086
1.0987902879714966
0.8313689231872559
0.9376515746116638
1.0442277193069458
1.0701171159744263
1.1896388530731201
0.792493999004364
0.9290708303451538
0.9903353452682495
1.0692102909088135
1.1302471160888672
0.76953125
0.9027935266494751
0.9543740153312683
1.0151525735855103
1.1009058952331543
0.7931106090545654
0.8882231116294861
0.9917429089546204
1.0397523641586304
1.1398285627365112
0.8350902795791626
0.9303365349769592
1.02089524269104
1.0663288831710815
1.151721477508545
0.750213623046875
0.8683918714523315
0.9546668529510498
1.0273442268371582
1.1090171337127686
0.6951912045478821
0.8181551694869995
0.9012101888656616
0.9922929406166077
1.0673946142196655
0.749879002571106
0.8656869530677795
0.9642104506492615
1.0205191373825073
1.128865122795105
0.7540398836135864
0.8821788430213928
0.9580276608467102
1.0275377035140991
1.1145477294921875
0.7793606519699097
0.9141788482666016
0.9816346764564514
1.06118643283844
1.1303077936172485
0.7462192177772522
0.8718297481536865
0.9622201323509216
1.0257173776626587
1.1337207555770874
0.7809651494026184
0.8572238087654114
0.9755259156227112
0.9912008047103882
1.1308099031448364
0.9083879590034485
0.9651516675949097
1.0061066150665283
1.0366461277008057
1.0500468015670776
0.6900816559791565
0.7507392168045044
0.8217415809631348
0.8984832167625427
0.9692749977111816
0.7739027738571167
0.8498486280441284
0.9239022731781006
1.0012434720993042
1.0714613199234009
0.7900413274765015
0.8647779226303101
0.9360496997833252
1.00148606300354
1.0454683303833008
0.9361704587936401
1.0062519311904907
1.0687661170959473
1.120665431022644
1.146292805671692
0.7798940539360046
0.8481408953666687
0.9092810153961182
0.9558696150779724
0.9868218302726746
0.8570687174797058
0.933495283126831
1.0008270740509033
1.0655096769332886
1.0998932123184204
0.8858394622802734
0.9415857791900635
0.9907131195068359
1.0159060955047607
1.040854811668396
0.8863996863365173
0.9550943374633789
1.022487998008728
1.0726877450942993
1.080729603767395
1.0159536600112915
1.0702544450759888
1.0845694541931152
1.0888831615447998
1.087502360343933
0.8951470255851746
0.9697836637496948
1.0308243036270142
1.0614190101623535
1.0691341161727905
0.8468074202537537
0.9179904460906982
0.9854888916015625
1.0359241962432861
1.0619248151779175
0.8416689038276672
0.8901146054267883
0.9368345737457275
0.982230007648468
0.9906690120697021
0.8254525661468506
0.9051953554153442
0.9837113618850708
1.0594693422317505
1.1258156299591064
0.8363784551620483
0.908618152141571
0.9733657836914062
1.0211327075958252
1.0522366762161255
0.833520233631134
0.8983451128005981
0.9608720541000366
1.0300122499465942
1.1009668111801147
0.9224317669868469
0.9629023671150208
0.9736430048942566
0.975480854511261
0.9784982800483704
0.901699960231781
0.9747774600982666
1.0377651453018188
1.0827702283859253
1.1121482849121094
0.7386983633041382
0.812849760055542
0.8831572532653809
0.9415644407272339
0.9757261872291565
0.7942307591438293
0.8692259788513184
0.9411192536354065
1.0040111541748047
1.025683879852295
0.8601160645484924
0.9308331608772278
0.9927608966827393
1.0379623174667358
1.0525257587432861
0.8203986883163452
0.8958810567855835
0.9762393236160278
1.042985200881958
1.0808955430984497
0.7509347200393677
0.8299658894538879
0.9077115654945374
0.9840489029884338
1.0576868057250977
0.8121041655540466
0.8741341829299927
0.9264379739761353
0.9570745229721069
0.9839562773704529
0.7876780033111572
0.8615219593048096
0.9402040839195251
1.0108013153076172
1.0717581510543823
0.7741293907165527
0.8182205557823181
0.928934633731842
0.9784542918205261
1.0673309564590454
0.8079785108566284
0.9021478891372681
0.958723783493042
1.0391355752944946
1.1333250999450684
0.8724921345710754
0.9672893285751343
1.0395230054855347
1.1145625114440918
1.17060124874115
0.8467419147491455
0.9559975266456604
1.0431305170059204
1.104750394821167
1.1515839099884033
0.7601442933082581
0.8445218801498413
0.936355471611023
1.0153050422668457
1.0916285514831543
0.7748695015907288
0.8724070191383362
0.9422195553779602
1.018754482269287
1.0871409177780151
0.7933692336082458
0.845833957195282
0.964842677116394
1.049528956413269
1.128256916999817
0.7630198001861572
0.8503060340881348
0.9393925070762634
1.008044719696045
1.0877200365066528
0.8318936228752136
0.926607608795166
0.9971736669540405
1.091068148612976
1.1482653617858887
0.8497596383094788
0.9456609487533569
1.0341994762420654
1.0904592275619507
1.1525222063064575
0.7187079191207886
0.8227054476737976
0.9314965009689331
1.0013247728347778
1.0841189622879028
0.7486318945884705
0.8454163074493408
0.9274093508720398
1.0165116786956787
1.0809396505355835
0.763461172580719
0.8334448933601379
0.9254082441329956
0.9716987013816833
1.0504614114761353
0.7660161256790161
0.8738111257553101
0.9659779667854309
1.0519828796386719
1.1215897798538208
0.7905652523040771
0.8852332830429077
0.9755810499191284
1.0644607543945312
1.1243536472320557
0.8458956480026245
0.9274206161499023
1.0045839548110962
1.0867758989334106
1.1518983840942383
0.7683566212654114
0.8605962991714478
0.951484203338623
1.0269562005996704
1.1113165616989136
0.759486973285675
0.8592863082885742
0.9731637239456177
1.0190870761871338
1.1063117980957031
0.754365861415863
0.8602244853973389
0.9485329985618591
1.0431419610977173
1.1235331296920776
0.7939164042472839
0.884560227394104
0.9686247110366821
1.040016770362854
1.10322904586792
0.7915304899215698
0.8693251013755798
0.962640643119812
1.0317715406417847
1.101496696472168
0.7943125367164612
0.8841204047203064
0.96567302942276
1.0500860214233398
1.1166119575500488
0.7781015038490295
0.8878220319747925
0.988059937953949
1.0818345546722412
1.146062970161438
0.7908833026885986
0.8692447543144226
0.9629921317100525
1.051050066947937
1.1146759986877441
0.7899752855300903
0.8806849718093872
0.9590604901313782
1.0515719652175903
1.1164195537567139
0.6984630227088928
0.7808321118354797
0.8604643940925598
0.9596381187438965
1.0696076154708862
0.7627275586128235
0.8753718733787537
1.004302978515625
1.0922820568084717
1.1487280130386353
0.7719184160232544
0.8974149823188782
1.0063366889953613
1.1223876476287842
1.1823245286941528
0.8261505961418152
0.9506876468658447
1.0691953897476196
1.1476129293441772
1.1750291585922241
0.6738943457603455
0.7539376020431519
0.8510916233062744
0.9704038500785828
1.0772889852523804
0.6621298789978027
0.7445770502090454
0.8185138702392578
0.9549130797386169
1.0590190887451172
0.7356874346733093
0.8416467905044556
0.9878481030464172
1.0984135866165161
1.1903104782104492
0.6910995841026306
0.7612612843513489
0.8582375645637512
0.9553937911987305
1.0628339052200317
0.7038807272911072
0.8226945400238037
0.9439513683319092
1.0539989471435547
1.1536221504211426
0.7764972448348999
0.8911030292510986
1.026803970336914
1.1272188425064087
1.1782766580581665
0.6685795783996582
0.7755404710769653
0.8907192349433899
1.0022244453430176
1.0930263996124268
0.7402471899986267
0.830695629119873
0.9553735852241516
1.0514458417892456
1.1312892436981201
0.683853805065155
0.7624172568321228
0.8318329453468323
0.9154821634292603
1.0028828382492065
0.6818944215774536
0.7773725390434265
0.8821147680282593
1.0078479051589966
1.1337887048721313
0.771022617816925
0.8831447958946228
1.004225254058838
1.1045061349868774
1.1716879606246948
0.7857658267021179
0.8883219361305237
0.9898476004600525
1.0870099067687988
1.1528221368789673
0.756049633026123
0.8533061146736145
0.9558780789375305
1.0722204446792603
1.1633801460266113
0.6968744397163391
0.7924801111221313
0.9064077138900757
1.0138195753097534
1.1104249954223633
0.6870312094688416
0.7937083840370178
0.8999674916267395
1.0087555646896362
1.1001392602920532
0.6436924338340759
0.7653923630714417
0.8900995850563049
1.039407730102539
1.1231569051742554
0.635092556476593
0.7302609086036682
0.8249795436859131
0.9495830535888672
1.0847668647766113
0.6948068141937256
0.8079258799552917
0.9054835438728333
1.024512529373169
1.1088461875915527
0.7311092615127563
0.894304633140564
1.006287693977356
1.111585021018982
1.1664372682571411
0.7147207856178284
0.8230199217796326
0.9165630340576172
1.0512943267822266
1.124246597290039
0.6694619059562683
0.7625104188919067
0.8272922039031982
0.9044836759567261
0.9632838368415833
0.8422776460647583
0.9289913177490234
1.0112086534500122
1.0749565362930298
1.1410331726074219
0.8865038752555847
0.9888145327568054
1.0743311643600464
1.1520189046859741
1.2099263668060303
0.9088773131370544
1.0084956884384155
1.0990443229675293
1.1683986186981201
1.2174533605575562
0.9467723965644836
1.0464831590652466
1.1034526824951172
1.1653971672058105
1.2138406038284302
0.8157383799552917
0.905985951423645
1.0118587017059326
1.0990052223205566
1.191551685333252
0.8039295077323914
0.8762524724006653
0.9694816470146179
1.0334594249725342
1.1358174085617065
0.8789061903953552
0.9601306915283203
1.051697850227356
1.1381381750106812
1.2175142765045166
0.8282243609428406
0.9231808185577393
1.0054665803909302
1.0767956972122192
1.1369540691375732
0.8757750988006592
0.9562922120094299
1.0605056285858154
1.1134343147277832
1.2209275960922241
0.9128697514533997
1.0062298774719238
1.1028918027877808
1.1643099784851074
1.233878493309021
0.8430023789405823
0.9278085231781006
1.0159791707992554
1.1062450408935547
1.1724984645843506
0.8713958859443665
0.9617340564727783
1.0496282577514648
1.1125129461288452
1.2059636116027832
0.814828097820282
0.8919565677642822
0.9789168238639832
1.0503994226455688
1.0984182357788086
0.8318074345588684
0.9262397289276123
1.0064212083816528
1.1182492971420288
1.2032921314239502
0.9059515595436096
1.0119391679763794
1.095312476158142
1.1487947702407837
1.1965452432632446
0.9149066209793091
0.9899219870567322
1.0548911094665527
1.1340900659561157
1.2266844511032104
0.8839550018310547
0.974831759929657
1.0613573789596558
1.1285505294799805
1.1979782581329346
0.8430623412132263
0.9440532326698303
1.0395842790603638
1.1260427236557007
1.1927578449249268
0.8192862868309021
0.9050825238227844
1.0060147047042847
1.0827287435531616
1.1738463640213013
0.7874700427055359
0.9066037535667419
1.0093333721160889
1.0857765674591064
1.1404000520706177
0.8072152733802795
0.899307131767273
1.006619930267334
1.084643840789795
1.1749917268753052
0.8527730107307434
0.9345496296882629
1.041226863861084
1.1167175769805908
1.188148021697998
0.8672875761985779
0.9522525668144226
1.0518392324447632
1.1267046928405762
1.20330011844635
0.8915385007858276
0.962904155254364
1.063773274421692
1.1281639337539673
1.1984992027282715
0.7774271368980408
0.8899518847465515
0.8501696586608887
1.0622204542160034
1.144775152206421
0.8120808005332947
0.8907009959220886
1.0134364366531372
1.0832459926605225
1.1677149534225464
0.9439751505851746
0.9509318470954895
1.03818678855896
1.1425622701644897
1.2357373237609863
0.7912837266921997
0.8894437551498413
0.9835073947906494
1.1088405847549438
1.1504929065704346
0.8541256189346313
0.9134992957115173
1.013907551765442
1.0640653371810913
1.1953901052474976
0.7080934643745422
0.8163455128669739
0.9021177291870117
1.0140200853347778
1.1121746301651
0.7179509401321411
0.8205683827400208
0.9595222473144531
1.033360242843628
1.0761492252349854
0.7686557769775391
0.8739789128303528
0.9692640900611877
1.04789400100708
1.1658889055252075
0.7662851810455322
0.8665851354598999
0.9514757394790649
1.0479817390441895
1.1005043983459473
0.7771816849708557
0.9036287665367126
0.9800155758857727
1.0901731252670288
1.1468971967697144
0.8148071765899658
0.9440377950668335
1.0280669927597046
1.0869513750076294
1.1650792360305786
0.7129459977149963
0.8022837042808533
0.9381446838378906
1.0817080736160278
1.1460944414138794
0.766754150390625
0.8554823398590088
0.952897846698761
1.0817313194274902
1.1574667692184448
0.7989767789840698
0.8913856744766235
0.9844649434089661
1.0560190677642822
1.1340597867965698
0.7288524508476257
0.8180406093597412
0.9059842824935913
1.0487488508224487
1.125618577003479
0.7535591125488281
0.8541398048400879
0.9588344097137451
1.0775607824325562
1.143639087677002
0.8869165182113647
0.9311607480049133
1.002273440361023
1.0727070569992065
1.1559239625930786
0.8269531726837158
0.8904647827148438
1.0396140813827515
1.0883171558380127
1.1585149765014648
0.7611905336380005
0.9302377700805664
1.0412023067474365
1.1163619756698608
1.1778160333633423
0.7439995408058167
0.834494948387146
0.9578297138214111
1.0388810634613037
1.1629934310913086
0.8138642907142639
0.8898555636405945
0.9557565450668335
1.0177297592163086
1.103325366973877
0.7712945342063904
0.8690580129623413
0.9785711765289307
1.0576320886611938
1.1106306314468384
0.7673125863075256
0.8340263962745667
0.942554235458374
1.046003818511963
1.137955904006958
0.7144231200218201
0.8384606838226318
0.9252473711967468
0.9891754984855652
1.1059890985488892
0.7320353388786316
0.8178966045379639
0.9657304883003235
1.1028265953063965
1.1768149137496948
0.729596734046936
0.8488456606864929
0.9185487627983093
0.9937704801559448
1.0917056798934937
0.8015168309211731
0.9161636829376221
0.9919711351394653
1.0987467765808105
1.2174698114395142
0.8717522025108337
1.031701922416687
1.1821061372756958
1.2588783502578735
1.2834757566452026
0.8223018050193787
0.9760091304779053
1.1599605083465576
1.22141432762146
1.2542935609817505
0.9054818153381348
1.074047565460205
1.1722908020019531
1.2087832689285278
1.24972403049469
0.7678196430206299
0.8849143981933594
0.9541808366775513
1.0027493238449097
1.0812413692474365
0.7415378093719482
0.8648791909217834
0.9829983115196228
1.0532078742980957
1.2173277139663696
0.7817720174789429
0.9341402053833008
1.054257869720459
1.1036179065704346
1.2217501401901245
0.737555742263794
0.8481669425964355
0.9196149110794067
0.9606816172599792
1.0071560144424438
0.7608819007873535
0.8886474967002869
1.0217326879501343
1.0920826196670532
1.2109850645065308
0.8282150626182556
0.9751912951469421
1.1388972997665405
1.2267817258834839
1.2566925287246704
0.7876511812210083
0.9037818908691406
0.9708961248397827
1.073246955871582
1.188752293586731
0.7910271286964417
0.939563512802124
1.067451000213623
1.1701799631118774
1.2256171703338623
0.7408813238143921
0.8482493162155151
0.9178087115287781
0.9608297944068909
1.0738763809204102
0.7669209241867065
0.8957783579826355
1.0012682676315308
1.0619405508041382
1.1865060329437256
0.8044808506965637
0.9509889483451843
1.0828160047531128
1.1404101848602295
1.1905009746551514
0.8978672027587891
1.1000633239746094
1.220521092414856
1.2515329122543335
1.2666336297988892
0.818459153175354
0.948111891746521
1.1123952865600586
1.2004597187042236
1.2535449266433716
0.7834654450416565
0.8992956280708313
0.9685314893722534
1.0595935583114624
1.15485680103302
0.7328801155090332
0.8592706322669983
0.9349818825721741
0.9842049479484558
1.073244571685791
0.7411766052246094
0.8676287531852722
1.0104682445526123
1.091399908065796
1.1966463327407837
0.7629387974739075
0.8778152465820312
0.9845993518829346
1.0600358247756958
1.1878129243850708
0.7787649035453796
0.8975270986557007
1.0258402824401855
1.1071559190750122
1.2298110723495483
0.7817904353141785
0.9368364810943604
1.0534275770187378
1.143479824066162
1.2107410430908203
0.7784795165061951
0.8853826522827148
0.9997702836990356
1.078383445739746
1.2339004278182983
0.626691460609436
0.713186502456665
0.7693679928779602
0.8118942975997925
0.8534823060035706
0.8377879858016968
0.9696496725082397
1.0547683238983154
1.161424994468689
1.2341086864471436
0.9613801836967468
1.1056089401245117
1.1885887384414673
1.2654954195022583
1.2920259237289429
0.9652965664863586
1.102059245109558
1.1885156631469727
1.2481118440628052
1.2711834907531738
1.0507467985153198
1.115761637687683
1.188620686531067
1.2263458967208862
1.256976842880249
0.7889339327812195
0.8882166147232056
0.9904114603996277
1.1074587106704712
1.1983314752578735
0.809329628944397
0.898087739944458
1.0159926414489746
1.1415321826934814
1.244646668434143
0.9014149308204651
1.0176876783370972
1.13120436668396
1.2052749395370483
1.264994502067566
0.8297144770622253
0.9564350247383118
1.0329689979553223
1.1241201162338257
1.1972486972808838
0.8595786690711975
0.9964647889137268
1.1174626350402832
1.2057517766952515
1.2622264623641968
0.9328447580337524
1.0667628049850464
1.1723952293395996
1.244096279144287
1.2648961544036865
0.8164709210395813
0.952189028263092
1.0662870407104492
1.1667983531951904
1.2423044443130493
0.9374147057533264
1.0503339767456055
1.1723451614379883
1.2331159114837646
1.2491583824157715
0.8123317360877991
0.8736667633056641
0.9842854738235474
1.0448237657546997
1.1465688943862915
0.8154765963554382
0.9142665266990662
1.0394349098205566
1.159029483795166
1.2395211458206177
0.9271325469017029
1.0550767183303833
1.1534172296524048
1.2181614637374878
1.252158522605896
0.9582550525665283
1.137627124786377
1.190294861793518
1.25063955783844
1.2673516273498535
0.9528215527534485
1.0435442924499512
1.1372411251068115
1.2283250093460083
1.263994574546814
0.8290016651153564
0.9429473876953125
1.0659087896347046
1.1654397249221802
1.2399169206619263
0.8432425260543823
0.9705278277397156
1.0739392042160034
1.1674474477767944
1.23862624168396
0.8459771871566772
0.9781027436256409
1.0971790552139282
1.179321527481079
1.2425596714019775
0.799761176109314
0.905561089515686
1.018195390701294
1.1562485694885254
1.2346457242965698
0.8545149564743042
0.9743072986602783
1.104055404663086
1.1944257020950317
1.2653359174728394
0.9524765610694885
1.057268500328064
1.1483213901519775
1.2341011762619019
1.2774978876113892
0.8281715512275696
0.9762860536575317
1.0831726789474487
1.1879873275756836
1.2518043518066406
0.799217939376831
0.8662993311882019
0.9641937017440796
1.0831907987594604
1.192061424255371
