0.46639031171798706
0.5643491744995117
0.6716606616973877
0.8035340905189514
0.9050067663192749
0.5932019352912903
0.6812413930892944
0.8263128399848938
0.9406638741493225
1.0509207248687744
0.5726493000984192
0.7229130268096924
0.8392340540885925
0.9872081279754639
1.0926365852355957
0.597568690776825
0.706248939037323
0.8428321480751038
0.9598298072814941
1.0770304203033447
0.5045414566993713
0.5951354503631592
0.7273439764976501
0.8592568039894104
0.9955343008041382
0.5061818361282349
0.6056270599365234
0.7314223051071167
0.8433489203453064
0.9732237458229065
0.5217181444168091
0.6089087128639221
0.7403556704521179
0.876039981842041
1.0088245868682861
0.4989475905895233
0.6000657677650452
0.7142407894134521
0.8309235572814941
0.9623886942863464
0.5806219577789307
0.6961769461631775
0.8183687329292297
0.9511407017707825
1.066725730895996
0.6020371913909912
0.7165008783340454
0.8397731184959412
0.9564384818077087
1.0628347396850586
0.5344346761703491
0.6348277926445007
0.7580898404121399
0.8806719779968262
0.9925637245178223
0.5476866960525513
0.6478691697120667
0.7679152488708496
0.9067108035087585
1.0253833532333374
0.4742564857006073
0.5752323865890503
0.6685552597045898
0.7521963715553284
0.8574487566947937
0.5277465581893921
0.6367878913879395
0.7510378956794739
0.8702651858329773
1.0001451969146729
0.5868523120880127
0.6939817070960999
0.8197703957557678
0.9493041038513184
1.0731821060180664
0.5325941443443298
0.6649788022041321
0.7483220100402832
0.8766025304794312
1.0012977123260498
0.5697166323661804
0.6745798587799072
0.8133501410484314
0.9334556460380554
1.054476022720337
0.5580480694770813
0.6395323872566223
0.7832311391830444
0.9042364954948425
1.0166351795196533
0.5500652194023132
0.6456013917922974
0.7569980621337891
0.8914197087287903
1.0244321823120117
0.5767086744308472
0.6837114691734314
0.7978923320770264
0.9236716628074646
1.044954538345337
0.6130412817001343
0.7081966400146484
0.8297273516654968
0.9484676122665405
1.0563602447509766
0.5754321217536926
0.6880192160606384
0.8061468005180359
0.9312842488288879
1.0474913120269775
0.5843604803085327
0.7067614197731018
0.8330233097076416
0.964004397392273
1.079580545425415
0.5548794865608215
0.6774313449859619
0.8099765777587891
0.9258882403373718
1.0423202514648438
0.46750569343566895
0.5530807375907898
0.6819010972976685
0.8142155408859253
0.9570699334144592
0.39984115958213806
0.4819893538951874
0.5807990431785583
0.6607854962348938
0.7839906215667725
0.48783695697784424
0.5777102708816528
0.6960087418556213
0.797792911529541
0.9201989769935608
0.46501287817955017
0.5779826641082764
0.7176914215087891
0.8600326776504517
0.9628965854644775
0.4981982111930847
0.5938308835029602
0.7307784557342529
0.8408867716789246
0.9603307843208313
0.4461510479450226
0.5222639441490173
0.615448534488678
0.7384347915649414
0.8649609088897705
0.4546676278114319
0.5283271074295044
0.6091711521148682
0.7277584671974182
0.8572986125946045
0.42685666680336
0.5103228092193604
0.6112611293792725
0.7433830499649048
0.8746269941329956
0.4369795620441437
0.5236185193061829
0.6216659545898438
0.7138677835464478
0.8341376185417175
0.4603588581085205
0.5679385662078857
0.6770590543746948
0.81611567735672
0.9420971870422363
0.49798956513404846
0.5893645882606506
0.7080068588256836
0.828352153301239
0.9538125991821289
0.44765704870224
0.5300183892250061
0.6308228373527527
0.7579243779182434
0.8655394315719604
0.46050742268562317
0.5377005934715271
0.6431472897529602
0.7728184461593628
0.9133456349372864
0.43836870789527893
0.49527707695961
0.5747781991958618
0.6793241500854492
0.7703424692153931
0.45688289403915405
0.544532060623169
0.6482347249984741
0.7555118799209595
0.8887561559677124
0.4835212230682373
0.5785872340202332
0.7043875455856323
0.8151696920394897
0.952264666557312
0.4493009150028229
0.5266721844673157
0.6420385241508484
0.7555186748504639
0.8923264145851135
0.47509029507637024
0.5658212900161743
0.6649963855743408
0.8132169842720032
0.9295803308486938
0.47786515951156616
0.5674811005592346
0.6733808517456055
0.7692678570747375
0.9032676219940186
0.4397113621234894
0.5553596019744873
0.6307380199432373
0.762060284614563
0.8902002573013306
0.4867566227912903
0.595304548740387
0.7226503491401672
0.8131771683692932
0.939039945602417
0.4981238543987274
0.5965052247047424
0.7012796998023987
0.8136569857597351
0.9426243901252747
0.495847225189209
0.5870078206062317
0.6882587671279907
0.8201894760131836
0.9250515699386597
0.4782054126262665
0.5735245943069458
0.702251136302948
0.8295453190803528
0.9536194205284119
0.4684259593486786
0.5754380226135254
0.6620775461196899
0.7875988483428955
0.9324926137924194
0.37884658575057983
0.45788073539733887
0.5655787587165833
0.6999955773353577
0.8182343244552612
0.6979575753211975
0.8066920638084412
0.9324216842651367
1.0349355936050415
1.10769784450531
0.8356866836547852
0.9545866250991821
1.0567891597747803
1.1449170112609863
1.2125178575515747
0.8784990906715393
1.0207691192626953
1.1061025857925415
1.1908093690872192
1.248513102531433
0.8700964450836182
0.9864081144332886
1.095369577407837
1.1561919450759888
1.204142451286316
0.7329046726226807
0.8498565554618835
0.9823994636535645
1.1031560897827148
1.1805747747421265
0.7515250444412231
0.8793818950653076
0.9886069893836975
1.0832899808883667
1.1501439809799194
0.7688134908676147
0.8873423337936401
1.0015627145767212
1.112352967262268
1.1840033531188965
0.7189545631408691
0.8417113423347473
0.9640248417854309
1.0611298084259033
1.1501771211624146
0.8505840301513672
0.9653124213218689
1.0873647928237915
1.156626582145691
1.2208662033081055
0.8485907912254333
0.979552149772644
1.0834004878997803
1.1579865217208862
1.2080223560333252
0.784702718257904
0.8872939944267273
1.0039877891540527
1.101381778717041
1.1731606721878052
0.7976620197296143
0.92197185754776
1.0259636640548706
1.1097564697265625
1.1697942018508911
0.6599047780036926
0.7883316874504089
0.8724852800369263
0.9815289378166199
1.0529992580413818
0.757262110710144
0.8921448588371277
1.0122833251953125
1.1143949031829834
1.183585286140442
0.8595337867736816
0.9819784164428711
1.0818631649017334
1.1601396799087524
1.2132861614227295
0.7974695563316345
0.8868726491928101
0.9999861717224121
1.0781505107879639
1.1409637928009033
0.831937849521637
0.949042022228241
1.0575361251831055
1.1468217372894287
1.2025103569030762
0.7930801510810852
0.9037796854972839
1.0117340087890625
1.1092414855957031
1.1791164875030518
0.7819945216178894
0.8962175846099854
1.0294218063354492
1.0878382921218872
1.1734498739242554
0.8217142820358276
0.9403545260429382
1.0385735034942627
1.1359578371047974
1.210610270500183
0.8578316569328308
0.9442528486251831
1.042519450187683
1.1349749565124512
1.2072181701660156
0.7978654503822327
0.9473006725311279
1.0528665781021118
1.135565996170044
1.195168137550354
0.8561334013938904
0.9699018597602844
1.0895955562591553
1.164063811302185
1.2322845458984375
0.8122348189353943
0.9337226152420044
1.0303714275360107
1.1291885375976562
1.1903014183044434
0.7091906070709229
0.8374674320220947
0.9552369117736816
1.0493087768554688
1.1276280879974365
0.2942783534526825
0.35127145051956177
0.4181378185749054
0.4908597767353058
0.5920861959457397
0.4181334674358368
0.5048169493675232
0.6103223562240601
0.7412694096565247
0.8860539197921753
0.404028981924057
0.4903433918952942
0.5862366557121277
0.716683030128479
0.8822055459022522
0.36535486578941345
0.43624240159988403
0.5171919465065002
0.6258793473243713
0.7790358662605286
0.3332267999649048
0.3952086567878723
0.4730130732059479
0.5639644861221313
0.6794257164001465
0.34002965688705444
0.4012306332588196
0.47848090529441833
0.5714731812477112
0.6666200757026672
0.34589460492134094
0.4150225818157196
0.49968910217285156
0.6116619110107422
0.7504498362541199
0.32429566979408264
0.3823011815547943
0.4548755884170532
0.5435481667518616
0.650275707244873
0.3316352665424347
0.4002400040626526
0.48904088139533997
0.6023730039596558
0.7435489296913147
0.40201231837272644
0.46727555990219116
0.5663711428642273
0.6867453455924988
0.8226500153541565
0.3466953635215759
0.4040672481060028
0.4836023449897766
0.5851534605026245
0.7161654829978943
0.3748568892478943
0.43669378757476807
0.5211995840072632
0.6381728649139404
0.7866911888122559
0.3209017813205719
0.368287593126297
0.4402657151222229
0.5201103091239929
0.6194490194320679
0.3516703248023987
0.41292423009872437
0.4970725476741791
0.6028494834899902
0.7333576679229736
0.4017031788825989
0.4760514795780182
0.5787681937217712
0.7100969552993774
0.8564229607582092
0.3444283604621887
0.4005996882915497
0.4754074215888977
0.5684077739715576
0.6840838193893433
0.38027721643447876
0.4425380527973175
0.531223714351654
0.6449602246284485
0.7838789224624634
0.3547755181789398
0.41667646169662476
0.4967242479324341
0.5986776351928711
0.728561520576477
0.3125515282154083
0.3963335454463959
0.4872225224971771
0.572693407535553
0.725273609161377
0.3918171226978302
0.4800274968147278
0.5914561152458191
0.7201144099235535
0.8634413480758667
0.3422190845012665
0.4092479348182678
0.49623262882232666
0.6060400605201721
0.7345998883247375
0.4023818075656891
0.46876516938209534
0.5642110109329224
0.6677631139755249
0.7899848818778992
0.3635627329349518
0.43977683782577515
0.5467115640640259
0.6880587935447693
0.8625655770301819
0.3453659415245056
0.40567728877067566
0.48415595293045044
0.5779699087142944
0.6867412328720093
0.3105531930923462
0.3782162666320801
0.458197683095932
0.5584254264831543
0.682098925113678
0.3686501681804657
0.4377526044845581
0.5860729813575745
0.7798729538917542
0.9853917956352234
0.46117979288101196
0.5436009168624878
0.7118263840675354
0.9144859313964844
1.1132959127426147
0.4123006761074066
0.5049349665641785
0.735888659954071
0.9660764336585999
1.1518678665161133
0.467120885848999
0.5594090819358826
0.745216429233551
0.952935516834259
1.1281695365905762
0.3794246017932892
0.4524046778678894
0.6168938875198364
0.8424021601676941
1.0753034353256226
0.38944271206855774
0.4642409086227417
0.6258162260055542
0.8344890475273132
1.0511027574539185
0.3810032308101654
0.4566224217414856
0.6329214572906494
0.8616036772727966
1.0828546285629272
0.3944174647331238
0.4689462184906006
0.6203186511993408
0.8217199444770813
1.0329880714416504
0.40551379323005676
0.501698911190033
0.700682520866394
0.9358152747154236
1.1297491788864136
0.4564145505428314
0.5519487857818604
0.7434088587760925
0.9587122797966003
1.1335402727127075
0.41759786009788513
0.49284011125564575
0.6506029367446899
0.85794597864151
1.0748062133789062
0.421947717666626
0.5032459497451782
0.681477963924408
0.8949333429336548
1.084308385848999
0.38567471504211426
0.455152302980423
0.5950360894203186
0.7570300698280334
0.9364805817604065
0.4160217046737671
0.4964306354522705
0.6574041247367859
0.8629041314125061
1.0805211067199707
0.44472792744636536
0.5367572903633118
0.7356502413749695
0.9526547193527222
1.1326781511306763
0.40337616205215454
0.487369567155838
0.659580409526825
0.8591697216033936
1.051161766052246
0.4315962791442871
0.5142019987106323
0.7003017067909241
0.934265673160553
1.1293842792510986
0.4394145607948303
0.5162786841392517
0.688561201095581
0.9055969715118408
1.100018858909607
0.4134003520011902
0.496366411447525
0.674392819404602
0.8921878337860107
1.088262677192688
0.4469586908817291
0.5592920780181885
0.7447057366371155
0.9429304003715515
1.1259925365447998
0.43282532691955566
0.5419522523880005
0.7237905859947205
0.924698531627655
1.1256396770477295
0.44512614607810974
0.5265903472900391
0.6961579322814941
0.9095181822776794
1.11436927318573
0.42476415634155273
0.5138388276100159
0.7146403193473816
0.9361096620559692
1.135081171989441
0.4330894649028778
0.5127543210983276
0.6878779530525208
0.9043647050857544
1.1009081602096558
0.3537329435348511
0.43292325735092163
0.6079238057136536
0.8163778781890869
1.029444932937622
0.5026306509971619
0.6053693294525146
0.6875406503677368
0.825911819934845
0.9380960464477539
0.6456286907196045
0.8342500925064087
0.9832906723022461
1.0542685985565186
1.142686128616333
0.6618114113807678
0.806736946105957
0.9427085518836975
1.0421735048294067
1.1355012655258179
0.6168301105499268
0.8786214590072632
0.9457954168319702
1.0428098440170288
1.122058391571045
0.5458950996398926
0.6664349436759949
0.7957736849784851
0.9400621652603149
1.0575296878814697
0.6448131203651428
0.877774178981781
0.9730057120323181
1.048134684562683
1.1018650531768799
0.5276748538017273
0.6409333348274231
0.75887531042099
0.8998666405677795
1.0171104669570923
0.5534598231315613
0.749489963054657
0.8822507858276367
1.0041066408157349
1.093945860862732
0.6818813681602478
0.7909587621688843
0.888738214969635
0.9947237968444824
1.102692723274231
0.6037208437919617
0.852770984172821
0.9781825542449951
1.049923062324524
1.1320291757583618
0.6405354738235474
0.7322186827659607
0.8642318844795227
0.9776579737663269
1.0687538385391235
0.6173733472824097
0.8523781299591064
0.9592339992523193
1.0329540967941284
1.115277647972107
0.5139700174331665
0.6238861083984375
0.7055575251579285
0.8297131657600403
0.9224382042884827
0.5707472562789917
0.7440956234931946
0.844491720199585
0.9544622302055359
1.082587480545044
0.7396959066390991
0.8727462291717529
0.9640940427780151
1.0564684867858887
1.1400572061538696
0.5576162934303284
0.7483987212181091
0.8505115509033203
0.9450665712356567
1.0454198122024536
0.7206382751464844
0.8415464758872986
0.9478777647018433
1.0293388366699219
1.1187267303466797
0.5820671319961548
0.8694058060646057
0.9458725452423096
1.0565729141235352
1.130784034729004
0.5500593781471252
0.6698280572891235
0.8038360476493835
0.9102010130882263
1.0422013998031616
0.9254539608955383
1.0620226860046387
1.0993924140930176
1.1537822484970093
1.2067230939865112
0.6405231356620789
0.7459848523139954
0.8585768938064575
0.9571222066879272
1.0790880918502808
0.62486332654953
0.8398517966270447
0.9408672451972961
1.0399688482284546
1.119574785232544
0.6729496121406555
0.7871837615966797
0.910206139087677
1.0472222566604614
1.1315124034881592
0.5585762858390808
0.7773528099060059
0.8870939612388611
0.9875586032867432
1.102693796157837
0.6129333972930908
0.698299765586853
0.812949538230896
0.9095813035964966
1.0105351209640503
0.6550571322441101
0.7466868162155151
0.8257301449775696
0.9491646885871887
1.05100679397583
0.6955479383468628
0.8636438846588135
0.9789614081382751
1.0598641633987427
1.1427489519119263
0.8327439427375793
0.9526134133338928
1.0455020666122437
1.112524390220642
1.190447449684143
0.8483439087867737
0.9496010541915894
1.0804708003997803
1.1756128072738647
1.2205159664154053
0.5931305289268494
0.7503305077552795
0.9082399010658264
1.055427074432373
1.1336462497711182
0.6557262539863586
0.7578336596488953
0.8551506400108337
0.9766639471054077
1.0490939617156982
0.6477118134498596
0.7672735452651978
0.9372748136520386
1.0452840328216553
1.098844289779663
0.5802705883979797
0.7110272645950317
0.8604381680488586
1.0156408548355103
1.1228349208831787
0.7667424082756042
0.8788953423500061
0.9742118716239929
1.1008204221725464
1.163804531097412
0.8018079400062561
0.9322333335876465
1.058205008506775
1.1622214317321777
1.2120518684387207
0.6687460541725159
0.7935217022895813
0.9357804656028748
1.0641862154006958
1.1400305032730103
0.7684357166290283
0.8519400954246521
1.0121464729309082
1.079240322113037
1.1579971313476562
0.5277660489082336
0.6416622996330261
0.7434118390083313
0.9176018238067627
1.082360863685608
0.6059755086898804
0.7714619040489197
0.9488233327865601
1.0737587213516235
1.1548911333084106
0.8872480392456055
1.0249563455581665
1.0785232782363892
1.1838175058364868
1.2257519960403442
0.7719695568084717
0.8772026300430298
1.0252162218093872
1.0958079099655151
1.16627037525177
0.7762819528579712
0.992237389087677
1.1086809635162354
1.1682186126708984
1.225658893585205
0.6806012988090515
0.8381149172782898
1.0103236436843872
1.077312707901001
1.1410362720489502
0.7324603796005249
0.88187575340271
0.99152672290802
1.080966830253601
1.1557438373565674
0.6125109791755676
0.7854589223861694
0.9289743900299072
1.053897500038147
1.1176730394363403
0.7305480241775513
0.9142520427703857
0.9477280378341675
1.0610675811767578
1.1624770164489746
0.6930039525032043
0.8208418488502502
0.9529054164886475
1.0337674617767334
1.12791109085083
0.8322665691375732
1.008844256401062
1.1401151418685913
1.1990827322006226
1.2585293054580688
0.6921183466911316
0.8371742963790894
1.002073884010315
1.1011799573898315
1.202157974243164
0.9605074524879456
1.0064607858657837
1.0908446311950684
1.1243232488632202
1.1557831764221191
0.5671231746673584
0.7425105571746826
0.9400506615638733
1.1298691034317017
1.2313437461853027
0.6060342192649841
0.7873883843421936
0.9870538115501404
1.1436271667480469
1.226469874382019
0.5795254707336426
0.7538319826126099
0.9558402895927429
1.1298691034317017
1.224055528640747
0.5295577049255371
0.6990486979484558
0.901542603969574
1.0750925540924072
1.1798511743545532
0.6339170336723328
0.817273736000061
1.0148013830184937
1.1666719913482666
1.2585431337356567
0.597800076007843
0.7771120667457581
0.9726168513298035
1.1384409666061401
1.2190403938293457
0.5260826945304871
0.6946162581443787
0.9136945009231567
1.1026350259780884
1.2179559469223022
0.7243481278419495
0.908943235874176
1.0797613859176636
1.1963772773742676
1.26691472530365
0.5539993643760681
0.7315862774848938
0.9461669325828552
1.1319591999053955
1.2447563409805298
0.6002907752990723
0.7886655926704407
1.0049614906311035
1.160718560218811
1.230478048324585
0.647052526473999
0.8303388953208923
1.0272290706634521
1.1678352355957031
1.2386078834533691
0.559766411781311
0.7364745140075684
0.9391809105873108
1.10891854763031
1.2080637216567993
0.5813086032867432
0.7453320622444153
0.9172728061676025
1.0633370876312256
1.1393948793411255
0.6291236877441406
0.8132729530334473
1.0076426267623901
1.1652017831802368
1.2443931102752686
0.5574414134025574
0.7219833731651306
0.9171517491340637
1.0841001272201538
1.1926182508468628
0.505985677242279
0.6635599732398987
0.8546552062034607
1.0292075872421265
1.131933569908142
0.5493422150611877
0.7203347086906433
0.9272308945655823
1.1190580129623413
1.2110141515731812
0.6935552954673767
0.8460893034934998
1.0020473003387451
1.143187403678894
1.2225674390792847
0.6654709577560425
0.8638749122619629
1.04901123046875
1.1916565895080566
1.255459189414978
0.556792140007019
0.7414155602455139
0.9563404321670532
1.1459999084472656
1.2496143579483032
0.6002194881439209
0.7874966859817505
1.0001548528671265
1.172497034072876
1.2698280811309814
0.6290609240531921
0.8098788261413574
1.0037704706192017
1.150305151939392
1.22465980052948
0.562048614025116
0.7399340867996216
0.9713923931121826
1.1732854843139648
1.2643890380859375
0.6179042458534241
0.7989171147346497
0.996231198310852
1.1556147336959839
1.239222526550293
0.706434428691864
0.8923265933990479
1.0245604515075684
1.1516077518463135
1.2125403881072998
0.6315371990203857
0.80783611536026
0.968674898147583
1.1079416275024414
1.2139126062393188
0.7629050016403198
0.8751571178436279
1.0368330478668213
1.1514889001846313
1.225733995437622
0.6791659593582153
0.821020781993866
0.9665738344192505
1.1199685335159302
1.2305828332901
0.7477337121963501
0.8710306882858276
0.9980754852294922
1.1148631572723389
1.1977742910385132
0.6393076777458191
0.7692832946777344
0.9568499326705933
1.1240378618240356
1.2359358072280884
0.6454171538352966
0.7878515720367432
0.9668272137641907
1.1220016479492188
1.215651273727417
0.5961216688156128
0.7053830027580261
0.8963539004325867
1.0623732805252075
1.1801939010620117
0.6724001169204712
0.8051443696022034
0.9823499321937561
1.11826491355896
1.2202328443527222
0.6346207857131958
0.7561682462692261
0.9227769374847412
1.0741068124771118
1.2057790756225586
0.742037832736969
0.8624119758605957
1.0142847299575806
1.1583008766174316
1.2325563430786133
0.6909152865409851
0.8239261507987976
0.9958398938179016
1.1397061347961426
1.2232890129089355
0.7132755517959595
0.8427290916442871
0.9937045574188232
1.0981478691101074
1.1816167831420898
0.6577027440071106
0.821331799030304
1.0032511949539185
1.1040825843811035
1.158522605895996
0.6863581538200378
0.8177186846733093
0.9797968864440918
1.1172378063201904
1.2223031520843506
0.7231643795967102
0.8496757745742798
0.9836239814758301
1.1095267534255981
1.201918363571167
0.6761718392372131
0.7771790027618408
0.9379115104675293
1.0739856958389282
1.1477386951446533
0.7019303441047668
0.8295612931251526
0.9727199077606201
1.1379585266113281
1.2098820209503174
0.7369085550308228
0.8637710809707642
1.0129456520080566
1.1690388917922974
1.2168166637420654
0.6814640164375305
0.7961459159851074
0.9576157331466675
1.0919173955917358
1.2089471817016602
0.5661365389823914
0.6810550093650818
0.8494913578033447
1.0542621612548828
1.2039717435836792
0.6613733768463135
0.8078545331954956
0.9726250767707825
1.1165802478790283
1.238236904144287
0.7213022708892822
0.8702577352523804
1.0138516426086426
1.1306493282318115
1.2065520286560059
0.6801052093505859
0.7910709381103516
0.9368036985397339
1.0851712226867676
1.2289531230926514
0.6952884793281555
0.8248459696769714
0.9908775091171265
1.1395487785339355
1.2221710681915283
0.4293287396430969
0.542690098285675
0.7417048215866089
0.9800356030464172
1.1675937175750732
0.4396505653858185
0.5737866163253784
0.7506759166717529
0.9736393094062805
1.1102725267410278
0.5529582500457764
0.6791988611221313
0.8682437539100647
1.0962969064712524
1.2127505540847778
0.5069644451141357
0.6045158505439758
0.8333758115768433
1.0837500095367432
1.2324504852294922
0.5011496543884277
0.6321690678596497
0.8456318974494934
1.118597149848938
1.2461342811584473
0.5177551507949829
0.6376253962516785
0.8520587086677551
1.1023576259613037
1.2243237495422363
0.465863436460495
0.6009130477905273
0.7846649289131165
1.0326939821243286
1.1627925634384155
0.46554985642433167
0.599361002445221
0.8046940565109253
1.0517610311508179
1.1814002990722656
0.5062003135681152
0.6185041666030884
0.8382850289344788
1.0251086950302124
1.16218900680542
0.49241775274276733
0.5886873602867126
0.8157503604888916
1.0893566608428955
1.2043434381484985
0.5408058166503906
0.6598669290542603
0.8906097412109375
1.134142279624939
1.2230218648910522
0.515135645866394
0.6373280882835388
0.8270025849342346
1.05264413356781
1.1988154649734497
0.5014146566390991
0.6069020628929138
0.8137961626052856
1.0572340488433838
1.2048367261886597
0.4822062849998474
0.6224159002304077
0.7792296409606934
0.9565292000770569
1.118735432624817
0.5792530179023743
0.6804033517837524
0.8913514614105225
1.10054349899292
1.2188845872879028
0.5527616739273071
0.6556398272514343
0.8495498895645142
1.1201649904251099
1.2325835227966309
0.44748204946517944
0.5596796274185181
0.7681193351745605
1.0196771621704102
1.1554919481277466
0.4857710599899292
0.5990104675292969
0.8312122225761414
1.0835434198379517
1.2234855890274048
0.5604681968688965
0.6431833505630493
0.8625698089599609
1.1047711372375488
1.1963328123092651
0.47420474886894226
0.5897960066795349
0.8177656531333923
1.0523033142089844
1.1850998401641846
0.4636480212211609
0.5833296179771423
0.7454285025596619
1.0291178226470947
1.1574134826660156
0.5212732553482056
0.6305082440376282
0.8551985621452332
1.0676730871200562
1.203539490699768
0.5812332630157471
0.6869620680809021
0.8875634074211121
1.0869929790496826
1.1880196332931519
0.49494922161102295
0.6333639025688171
0.8485024571418762
1.1166390180587769
1.2570807933807373
0.5177419185638428
0.6164268255233765
0.8324714303016663
1.0823103189468384
1.1884584426879883
0.5101836323738098
0.5637304782867432
0.7443382143974304
0.9845708608627319
1.1514008045196533
0.4744386374950409
0.6071014404296875
0.7583669424057007
1.0114048719406128
1.244710087776184
0.7272849082946777
0.9598153829574585
1.1914217472076416
1.2859888076782227
1.305465579032898
0.7267211079597473
1.0536901950836182
1.2078132629394531
1.286988377571106
1.3088833093643188
0.8868638873100281
1.1019368171691895
1.213937759399414
1.2644954919815063
1.2714762687683105
0.49028903245925903
0.6183440089225769
0.7702582478523254
0.9987559914588928
1.2020045518875122
0.5023108720779419
0.6521508097648621
0.784010648727417
1.0590412616729736
1.2475366592407227
0.6364780068397522
0.8798706531524658
1.1020963191986084
1.2086687088012695
1.2707643508911133
0.5219345688819885
0.6674063801765442
0.8326747417449951
0.944850504398346
1.2042980194091797
0.6380410194396973
0.819374680519104
1.0852795839309692
1.234288215637207
1.2983824014663696
0.739460289478302
0.9799421429634094
1.1761764287948608
1.2548000812530518
1.2807679176330566
0.5743643045425415
0.7119351029396057
0.8912573456764221
1.1663358211517334
1.2776215076446533
0.6739249229431152
0.8970746994018555
1.1695890426635742
1.2510031461715698
1.2755295038223267
0.42065325379371643
0.521481990814209
0.6359531283378601
0.8093942999839783
1.0788030624389648
0.5051729679107666
0.6817693114280701
0.8710818290710449
1.1139914989471436
1.2513173818588257
0.7227189540863037
0.9950175881385803
1.1732689142227173
1.2597253322601318
1.293759822845459
0.6264771223068237
0.8295896053314209
1.1367496252059937
1.2112606763839722
1.2116448879241943
0.6574823260307312
0.8760884404182434
1.1136411428451538
1.2205770015716553
1.2708450555801392
0.5606920719146729
0.6916815638542175
0.9224188923835754
1.1506085395812988
1.262080430984497
0.5912781357765198
0.7356395125389099
0.8622775077819824
1.122605323791504
1.2621935606002808
0.6230592131614685
0.7950760126113892
1.0886671543121338
1.220803141593933
1.2925944328308105
0.5644209384918213
0.7162931561470032
0.8956777453422546
1.1668424606323242
1.2869056463241577
0.6255679130554199
0.7822359800338745
0.9817206859588623
1.2149428129196167
1.2855950593948364
0.7657623887062073
1.037657618522644
1.1964060068130493
1.277424693107605
1.321425199508667
0.6064980626106262
0.7527057528495789
0.944466233253479
1.205081820487976
1.2836307287216187
0.43976810574531555
0.5082427263259888
0.5997255444526672
0.6779147386550903
0.8423969149589539
0.584243893623352
0.5968358516693115
0.8143700361251831
0.9000089764595032
1.0130836963653564
0.820360004901886
0.9043562412261963
1.222292423248291
1.2511208057403564
1.2864198684692383
0.7902804017066956
1.0297540426254272
1.2385591268539429
1.2081375122070312
1.2682499885559082
0.7173442840576172
1.0044552087783813
1.0692161321640015
1.2058106660842896
1.2313556671142578
0.5594052672386169
0.6410708427429199
0.7753865718841553
1.093835711479187
1.1721229553222656
0.540900468826294
0.709818422794342
0.8826324939727783
0.9526399970054626
1.016191005706787
0.7959925532341003
0.9065722227096558
1.0403951406478882
1.1557674407958984
1.2291274070739746
0.3520832359790802
0.5411864519119263
0.6639493107795715
0.8898118734359741
1.0294458866119385
0.46534907817840576
0.5352919697761536
0.922814667224884
1.1511034965515137
1.1738463640213013
0.9563713073730469
0.7507410049438477
0.9279934167861938
1.1096997261047363
1.2112547159194946
0.6584405303001404
0.519612193107605
0.8985757231712341
1.0718837976455688
1.1933445930480957
0.7492535710334778
0.909923791885376
1.0714137554168701
1.1686776876449585
1.1352444887161255
0.3754903972148895
0.5290396213531494
0.7619656920433044
0.6819407939910889
0.78520268201828
0.47373607754707336
0.7816885113716125
1.0678378343582153
1.0244452953338623
1.136262059211731
0.6746901273727417
0.7986148595809937
1.0763726234436035
1.2149717807769775
1.2589339017868042
0.5773978233337402
0.725801944732666
0.7740322947502136
1.092153787612915
1.1676257848739624
0.6102715134620667
0.8415869474411011
0.9334326982498169
1.1103754043579102
1.244112253189087
0.5854520201683044
0.851741373538971
0.9006290435791016
1.0087529420852661
1.2244822978973389
0.46364858746528625
0.5925356149673462
0.8031944632530212
0.9543277621269226
0.9901372194290161
0.6656461954116821
0.8590850234031677
0.9525095820426941
1.0752860307693481
1.2245386838912964
0.5824211239814758
0.8162062168121338
0.6088273525238037
0.7893757224082947
1.26503586769104
0.7590928673744202
0.8001062870025635
0.8651857972145081
1.0505549907684326
1.2101901769638062
0.8237810730934143
0.848137617111206
1.0944541692733765
1.2351354360580444
1.2969205379486084
0.7603327035903931
0.5840951204299927
0.7215569019317627
1.0590661764144897
1.220070242881775
0.5620848536491394
0.5936191082000732
0.8554621934890747
0.8583218455314636
0.9207910299301147
0.4957008361816406
0.8517046570777893
1.0015305280685425
1.0511140823364258
1.0444871187210083
0.901029646396637
1.0614757537841797
1.1576142311096191
1.2157557010650635
1.201869249343872
0.7830771207809448
1.115724802017212
1.1181679964065552
1.2753477096557617
1.3026741743087769
0.8470283150672913
1.1037344932556152
1.1826226711273193
1.1659349203109741
1.266019344329834
0.7283498048782349
0.6892380118370056
1.0014451742172241
1.1401664018630981
1.2435516119003296
0.7276111841201782
0.6490268111228943
0.933890700340271
1.083604335784912
1.134323239326477
0.8137038946151733
0.9750158786773682
1.1317058801651
1.2146943807601929
1.2458552122116089
0.6096188426017761
0.9581564664840698
0.8137190937995911
1.0751889944076538
1.2274248600006104
0.9368459582328796
1.0282373428344727
1.1554310321807861
1.2244384288787842
1.2260245084762573
0.6136355996131897
1.0935372114181519
1.1508769989013672
1.2252981662750244
1.21530020236969
0.9760938882827759
0.8204977512359619
1.1336029767990112
1.1698552370071411
1.2164156436920166
0.8083165287971497
0.8389343023300171
1.0823785066604614
1.1860625743865967
0.9643614292144775
0.47662895917892456
0.5574087500572205
0.8474766612052917
0.9009212255477905
1.0821267366409302
0.8912513852119446
0.7556508779525757
1.0765959024429321
1.153691053390503
1.2271569967269897
0.7525855302810669
1.0041608810424805
1.2000213861465454
1.2205930948257446
1.2670490741729736
0.883783757686615
0.933485746383667
0.8896583318710327
1.1256942749023438
1.0658271312713623
0.7525719404220581
0.88468337059021
1.1494457721710205
1.2146615982055664
1.2365046739578247
0.9253983497619629
0.969976007938385
0.9297835826873779
1.1460604667663574
1.2062456607818604
0.6394482254981995
0.9616042375564575
1.0364419221878052
1.1580218076705933
1.2390859127044678
0.8428278565406799
1.0037894248962402
0.9476155042648315
1.2118737697601318
1.2714648246765137
0.7604352235794067
0.9395121932029724
1.0793616771697998
1.2190009355545044
1.227157473564148
0.6853433847427368
0.9471922516822815
1.0499515533447266
1.1758208274841309
1.219925045967102
0.8117466568946838
1.001089096069336
1.1601639986038208
1.2344940900802612
1.266120195388794
0.9647965431213379
1.0949676036834717
1.1482367515563965
1.2076702117919922
1.1890792846679688
0.7581375241279602
0.551566481590271
0.8915051221847534
0.749268114566803
0.9666198492050171
0.6344704031944275
0.6398149728775024
0.8140197992324829
0.918193519115448
1.0072996616363525
0.8371709585189819
0.6847299933433533
0.9298471212387085
0.9848860502243042
1.0794075727462769
0.8479496240615845
0.7155504822731018
0.859530508518219
0.9586056470870972
1.091632604598999
0.8753589987754822
0.6410550475120544
0.8758262991905212
0.9428829550743103
1.0548243522644043
0.64183109998703
0.7652848958969116
0.9673086404800415
1.0501391887664795
1.1391502618789673
0.6086326837539673
0.6707701086997986
0.8920053243637085
0.9809611439704895
1.0471187829971313
0.768334150314331
0.6428789496421814
0.8853286504745483
0.9724889397621155
1.0478484630584717
0.6381240487098694
0.7364679574966431
0.9565836787223816
1.0441343784332275
1.113690972328186
0.7371178269386292
0.629044771194458
0.8312755823135376
1.0238749980926514
1.111590027809143
0.7795619368553162
0.77099609375
0.9367348551750183
1.0384083986282349
1.084122657775879
0.7144821882247925
0.774346649646759
0.9215375781059265
1.0322445631027222
1.1025310754776
0.7419971227645874
0.680427074432373
0.8428841233253479
0.9307149052619934
1.0518739223480225
0.5076137185096741
0.662813663482666
0.8267999887466431
0.8665234446525574
0.9875402450561523
0.6980186700820923
0.7671603560447693
0.954290509223938
1.1257134675979614
1.1560215950012207
0.7761470675468445
0.7297857403755188
0.9000579118728638
1.0037589073181152
1.1045480966567993
0.698948323726654
0.5972447991371155
0.7272953391075134
0.8962263464927673
0.9408746957778931
0.7574024200439453
0.7188930511474609
0.8920943737030029
0.9829040169715881
1.076999545097351
0.6502300500869751
0.7381300330162048
0.9124038219451904
0.9815859794616699
1.0667983293533325
0.6622819304466248
0.7714731693267822
0.8895763754844666
0.9887590408325195
1.0648537874221802
0.687772810459137
0.7528253197669983
0.9619057178497314
1.085874319076538
1.1351591348648071
0.6502334475517273
0.6639094352722168
0.8857554197311401
1.0206960439682007
1.1191688776016235
0.7647972106933594
0.7272297143936157
0.9085648059844971
1.0516412258148193
1.109989881515503
0.7707318067550659
0.7206465601921082
0.9172265529632568
1.0061700344085693
1.1283867359161377
0.7125261425971985
0.6544784903526306
0.8682851791381836
0.9943286776542664
1.0710479021072388
0.5328990817070007
0.6510027050971985
0.7732154130935669
0.9055332541465759
0.9821081757545471
1.0667438507080078
1.0492115020751953
1.024924874305725
0.9520262479782104
0.8896238803863525
1.1645772457122803
1.1749998331069946
1.1744751930236816
1.1524732112884521
1.1045655012130737
1.174407720565796
1.1620889902114868
1.1464897394180298
1.1227558851242065
1.0297714471817017
1.122591495513916
1.1162137985229492
1.1189212799072266
1.1108824014663696
0.9582250714302063
1.120625615119934
1.105437159538269
1.053589940071106
1.0095993280410767
0.9538609981536865
1.0695641040802002
1.0747716426849365
1.0368825197219849
0.9938430786132812
0.9563341736793518
1.0325050354003906
1.0277128219604492
1.0224888324737549
0.999051570892334
0.9209404587745667
1.0492023229599
1.0402182340621948
1.0040603876113892
0.9495094418525696
0.9445062875747681
1.098638653755188
1.1032392978668213
1.0803686380386353
1.0476630926132202
0.7861591577529907
1.075599193572998
1.0542967319488525
1.0345826148986816
1.0214217901229858
0.9182403683662415
1.0845732688903809
1.0933407545089722
1.077755093574524
1.070177435874939
1.036984920501709
1.1337454319000244
1.12772798538208
1.097885012626648
1.0589852333068848
1.030899167060852
1.0300207138061523
1.0601656436920166
1.0732622146606445
1.0053993463516235
1.039586067199707
1.075303554534912
1.0420953035354614
1.0333292484283447
0.9819042086601257
0.9195831418037415
1.1177089214324951
1.1259384155273438
1.1233116388320923
1.097567081451416
1.0156277418136597
1.0228153467178345
1.022435188293457
1.0399810075759888
1.0137633085250854
1.0037378072738647
1.1046154499053955
1.130150556564331
1.1349233388900757
1.1025910377502441
1.0536234378814697
1.1526587009429932
1.1387754678726196
1.1210378408432007
1.0775426626205444
1.0002810955047607
1.0557646751403809
1.051551103591919
1.0402015447616577
1.0219613313674927
1.0054271221160889
1.1979724168777466
1.1727879047393799
1.1450352668762207
1.13017737865448
1.0589373111724854
1.1225558519363403
1.093063235282898
1.0668118000030518
1.025960922241211
0.990737795829773
1.1302595138549805
1.0948922634124756
1.08217453956604
1.0466259717941284
0.9681376218795776
1.1916395425796509
1.1615127325057983
1.1333516836166382
1.0721073150634766
1.0492531061172485
1.0296224355697632
1.0033252239227295
1.005293846130371
0.9953081011772156
1.0522691011428833
1.0804502964019775
1.078904628753662
1.0484435558319092
1.0065913200378418
0.9591681361198425
0.17327867448329926
0.22113914787769318
0.35461974143981934
0.3736684322357178
0.6918466687202454
0.22953781485557556
0.32444506883621216
0.5185158252716064
0.5371831059455872
0.8578118085861206
0.25930917263031006
0.4234912097454071
0.5125065445899963
0.7002627849578857
0.8443524837493896
0.2021932601928711
0.2525683641433716
0.4678703248500824
0.4395028352737427
0.7762285470962524
0.2326464056968689
0.3548642098903656
0.5723464488983154
0.6171939373016357
0.9537172913551331
0.19649234414100647
0.40657907724380493
0.37377482652664185
0.6711452603340149
0.613105058670044
0.20329639315605164
0.28499385714530945
0.40931177139282227
0.5300072431564331
0.6869045495986938
0.20054997503757477
0.4116758406162262
0.38710254430770874
0.7094036340713501
0.6992709636688232
0.1940992921590805
0.26007989048957825
0.35773181915283203
0.4765790104866028
0.5956335663795471
0.20024311542510986
0.4869319200515747
0.3684760332107544
0.8134518265724182
0.638813316822052
0.20801889896392822
0.2881273329257965
0.5874707698822021
0.5225076675415039
0.9007865190505981
0.18647833168506622
0.41202735900878906
0.3451753258705139
0.6972056031227112
0.559624195098877
0.18439166247844696
0.4085812270641327
0.34645333886146545
0.6539869904518127
0.6103163957595825
0.21954666078090668
0.30413818359375
0.4467282295227051
0.5563972592353821
0.7862276434898376
0.25939759612083435
0.36242061853408813
0.7622075080871582
0.5841817855834961
1.0510215759277344
0.1817673146724701
0.34697556495666504
0.330963134765625
0.6011031866073608
0.5114614367485046
0.2134159654378891
0.2827402353286743
0.7603136897087097
0.4868113100528717
0.9763796925544739
0.21888335049152374
0.38388192653656006
0.5525344014167786
0.6592398285865784
0.9766800403594971
0.2010204792022705
0.35458290576934814
0.39287203550338745
0.656701922416687
0.6847881078720093
0.20195889472961426
0.4258876442909241
0.44438666105270386
0.7191791534423828
0.7643587589263916
0.2062176764011383
0.48289570212364197
0.38271036744117737
0.7705979347229004
0.652397632598877
0.20389917492866516
0.43936073780059814
0.3879795968532562
0.7387064695358276
0.6468095779418945
0.23097170889377594
0.42121243476867676
0.4141031503677368
0.7599652409553528
0.6194558143615723
0.19798921048641205
0.3132155239582062
0.3558407127857208
0.541176974773407
0.5099122524261475
0.29491692781448364
0.3589949309825897
0.536598801612854
0.6097669005393982
0.7383491396903992
0.5359190106391907
0.6788470149040222
0.8123034238815308
0.8977209329605103
1.0536493062973022
0.6213382482528687
0.7749142646789551
0.9080544114112854
0.9737207293510437
1.1263750791549683
0.5921202301979065
0.7741079330444336
0.8823140263557434
0.9630723595619202
1.1258680820465088
0.6405137181282043
0.8037115335464478
0.9302025437355042
1.0053411722183228
1.1380372047424316
0.6386756300926208
0.8206743001937866
0.9245757460594177
1.0289794206619263
1.1326391696929932
0.56789630651474
0.7601667642593384
0.8580197095870972
0.9580684304237366
1.0733866691589355
0.5774633884429932
0.7331329584121704
0.8580623269081116
0.9329339265823364
1.0898438692092896
0.601497232913971
0.7724167704582214
0.8904286623001099
0.971407413482666
1.1174747943878174
0.5865157842636108
0.7357184290885925
0.8790794014930725
0.9451375603675842
1.1194173097610474
0.6145728230476379
0.8204843401908875
0.9017845988273621
1.0097275972366333
1.12325119972229
0.6046472191810608
0.7565388083457947
0.8885696530342102
0.982953667640686
1.1116001605987549
0.5928800106048584
0.7438305616378784
0.8781200051307678
0.9447146654129028
1.1021426916122437
0.5051331520080566
0.6962440609931946
0.755699634552002
0.8812484741210938
0.9836279153823853
0.6556985974311829
0.8072024583816528
0.9462574124336243
1.0080419778823853
1.1547222137451172
0.627370297908783
0.8142397403717041
0.9187957048416138
1.0291732549667358
1.1339305639266968
0.5066311359405518
0.6796935200691223
0.7743978500366211
0.8771221041679382
1.0191636085510254
0.5852959752082825
0.742159366607666
0.8729779720306396
0.9880424737930298
1.1110408306121826
0.6414047479629517
0.8003330826759338
0.9317771196365356
1.0008608102798462
1.1330101490020752
0.589147686958313
0.747512698173523
0.889305591583252
0.9671631455421448
1.111636757850647
0.5503984093666077
0.7423902750015259
0.835879921913147
0.991081714630127
1.0869368314743042
0.6477261781692505
0.8170756697654724
0.9518924951553345
1.0147948265075684
1.1745351552963257
0.622291624546051
0.7857239842414856
0.9061214923858643
0.98735111951828
1.112970232963562
0.6208370923995972
0.7923506498336792
0.9172738790512085
1.0117309093475342
1.1476155519485474
0.602608323097229
0.7586281895637512
0.894286572933197
0.96927809715271
1.121833324432373
0.5354073643684387
0.6469132900238037
0.8163396716117859
0.8468068242073059
1.0634430646896362
0.6530295610427856
0.7567667961120605
0.8435880541801453
0.9000891447067261
0.9035192728042603
0.4778566360473633
0.5520471334457397
0.6524322628974915
0.7616593837738037
0.8632810711860657
0.5572344660758972
0.657824695110321
0.7665192484855652
0.8851710557937622
1.0129035711288452
0.6002508997917175
0.7030228972434998
0.8086619973182678
0.9085626006126404
0.9851983189582825
0.8008214235305786
0.9094749689102173
1.0113002061843872
1.0976558923721313
1.1432511806488037
0.6191938519477844
0.7188228368759155
0.8243373036384583
0.9233477711677551
0.9655505418777466
0.6683747172355652
0.7786765694618225
0.8837693929672241
0.986102819442749
1.051237940788269
0.7223067879676819
0.8197122812271118
0.9013359546661377
0.9412466883659363
0.9885910153388977
0.7774916291236877
0.8938045501708984
1.0006475448608398
1.082106590270996
1.099252700805664
0.913375735282898
1.0276092290878296
1.064975619316101
1.0559357404708862
1.0662333965301514
0.7381805777549744
0.8489431142807007
0.9511542320251465
1.0125113725662231
1.0132445096969604
0.6865686178207397
0.7993728518486023
0.906266450881958
0.9940886497497559
1.0306445360183716
0.5895857214927673
0.6789221167564392
0.7667223811149597
0.8414658904075623
0.8894060850143433
0.633273184299469
0.7422800064086914
0.8560551404953003
0.9678180813789368
1.0758168697357178
0.6908019781112671
0.8035841584205627
0.9154312610626221
1.0145784616470337
1.0687025785446167
0.6190451383590698
0.7190566658973694
0.8196486234664917
0.8936415314674377
0.9569121599197388
0.7954890727996826
0.8733212947845459
0.9185388088226318
0.9599425196647644
0.9635024070739746
0.7387323975563049
0.8484756946563721
0.9608469009399414
1.059354543685913
1.1242619752883911
0.6523197889328003
0.7668836712837219
0.8721633553504944
0.968109667301178
1.011070728302002
0.7089706659317017
0.8252771496772766
0.9409784078598022
1.0274546146392822
1.0528258085250854
0.8114296197891235
0.9244130849838257
1.025320053100586
1.0980582237243652
1.1029208898544312
0.6885180473327637
0.792759895324707
0.9062178730964661
1.0037882328033447
1.0733497142791748
0.6065159440040588
0.710016131401062
0.8205804824829102
0.9376804232597351
1.0507848262786865
0.7407065629959106
0.8309460878372192
0.9054108262062073
0.9410278797149658
0.969491183757782
0.527871310710907
0.6145132780075073
0.7253378033638
0.8334230184555054
0.9351761937141418
0.46258777379989624
0.5526957511901855
0.654502809047699
0.7726981043815613
0.891652524471283
0.6062854528427124
0.7438116073608398
0.8341005444526672
0.9587053656578064
1.0765937566757202
0.6187514662742615
0.7579932808876038
0.8951021432876587
1.0294568538665771
1.122482419013977
0.6137816309928894
0.7301890254020691
0.8892374038696289
0.9967146515846252
1.0898925065994263
0.525791585445404
0.6121216416358948
0.7418472170829773
0.8850730657577515
1.0231537818908691
0.5510912537574768
0.6718933582305908
0.7872724533081055
0.8949428796768188
1.005098819732666
0.5460845828056335
0.6614868640899658
0.777647078037262
0.9153426289558411
1.0421918630599976
0.507061243057251
0.6207917332649231
0.7247793078422546
0.8417818546295166
0.9644836187362671
0.5983466506004333
0.7216743230819702
0.8539800047874451
0.979660153388977
1.084222435951233
0.6589912176132202
0.7694072127342224
0.9157937169075012
1.0085630416870117
1.0999373197555542
0.5201200842857361
0.6470544338226318
0.749477207660675
0.8632284998893738
0.9996426701545715
0.5380526781082153
0.6534833908081055
0.7571017146110535
0.9080498218536377
1.012478232383728
0.4649975895881653
0.562840461730957
0.6743403673171997
0.7658423185348511
0.8887222409248352
0.5661873817443848
0.6723175048828125
0.8131688237190247
0.9473058581352234
1.0529050827026367
0.5796049237251282
0.6805838346481323
0.8162158727645874
0.9437319040298462
1.045647144317627
0.5545594692230225
0.6896889805793762
0.7871090769767761
0.9114192724227905
1.0175658464431763
0.5801109671592712
0.6956619620323181
0.803698718547821
0.9450864195823669
1.0484211444854736
0.556088387966156
0.6572275161743164
0.768510639667511
0.8733657598495483
1.0160706043243408
0.5531604290008545
0.641080379486084
0.7871688604354858
0.9226040244102478
1.0339515209197998
0.6721168160438538
0.7717869877815247
0.8831415772438049
0.9726296067237854
1.0529016256332397
0.6190773844718933
0.7536375522613525
0.8502325415611267
0.9859601855278015
1.0886797904968262
0.5915701389312744
0.7155412435531616
0.8456162810325623
0.9612091779708862
1.063555359840393
0.6182125210762024
0.7545948624610901
0.8577980995178223
1.0000557899475098
1.1032665967941284
0.5820285677909851
0.6655086278915405
0.7947202324867249
0.9379343390464783
1.047507405281067
0.46770575642585754
0.5822007060050964
0.716698408126831
0.8351958394050598
0.9561364054679871
0.3925173580646515
0.48266616463661194
0.588429868221283
0.7531570792198181
0.9706703424453735
0.5425079464912415
0.731033205986023
0.9290942549705505
1.0940195322036743
1.1897380352020264
0.5643494725227356
0.7657084465026855
0.9603192806243896
1.1487061977386475
1.2388041019439697
0.5994629859924316
0.7944868206977844
1.0180232524871826
1.1655761003494263
1.2172375917434692
0.4364972710609436
0.5552698373794556
0.6642729640007019
0.8390794992446899
1.0307565927505493
0.4378570020198822
0.5268454551696777
0.6468230485916138
0.8049027919769287
0.9941601753234863
0.5162842869758606
0.6791548728942871
0.8682111501693726
1.07291579246521
1.1820582151412964
0.44048720598220825
0.5320517420768738
0.6681937575340271
0.8361140489578247
0.9793281555175781
0.4901486337184906
0.6562306880950928
0.8534401059150696
1.0523977279663086
1.165772557258606
0.5714750289916992
0.7346054315567017
0.9593194127082825
1.1147778034210205
1.1899415254592896
0.4785900413990021
0.5862507820129395
0.7325320839881897
0.9188721179962158
1.0780431032180786
0.5407229661941528
0.673302173614502
0.8717097043991089
1.0345922708511353
1.1542863845825195
0.3854295611381531
0.46145108342170715
0.560455322265625
0.6771218180656433
0.8085867166519165
0.4476276934146881
0.5614709258079529
0.7082766890525818
0.9007611274719238
1.09085214138031
0.5510865449905396
0.7134866118431091
0.9135358929634094
1.1094249486923218
1.23305344581604
0.48370760679244995
0.6193991303443909
0.8363832831382751
0.9910601377487183
1.0707802772521973
0.5358927845954895
0.6805252432823181
0.8814329504966736
1.0645588636398315
1.1782540082931519
0.45951443910598755
0.5844371914863586
0.7345146536827087
0.9184685945510864
1.0942598581314087
0.4766043722629547
0.5911902785301208
0.7475608587265015
0.9500792622566223
1.1132681369781494
0.4863375425338745
0.632895290851593
0.8179450631141663
1.0152183771133423
1.1747982501983643
0.45272377133369446
0.5519129037857056
0.7007217407226562
0.8912712931632996
1.0615836381912231
0.4979943335056305
0.6046434640884399
0.7867614030838013
0.9570618271827698
1.1084281206130981
0.5753344893455505
0.8102460503578186
1.005177617073059
1.1505093574523926
1.2349215745925903
0.5046944618225098
0.6301097869873047
0.7684919238090515
0.9738277196884155
1.1287447214126587
0.3769926428794861
0.4641297161579132
0.5406448841094971
0.647450864315033
0.7872801423072815
0.5793748497962952
0.7127578854560852
0.8470932841300964
0.9580879807472229
1.0796247720718384
0.742633044719696
0.8921735882759094
1.0450525283813477
1.1605311632156372
1.242999792098999
0.7878337502479553
0.9386363625526428
1.0592129230499268
1.1833868026733398
1.2670414447784424
0.7916155457496643
0.9410315752029419
1.0752274990081787
1.1715580224990845
1.2459514141082764
0.6255486011505127
0.763141393661499
0.9204515218734741
1.0651143789291382
1.1875181198120117
0.6215187907218933
0.7399958372116089
0.8645455837249756
0.99117511510849
1.1252912282943726
0.6979414224624634
0.8267857432365417
0.9789051413536072
1.0967003107070923
1.2050529718399048
0.6144288182258606
0.7513137459754944
0.8782190680503845
1.0137951374053955
1.1308897733688354
0.7002013921737671
0.8668638467788696
1.0037765502929688
1.096069097518921
1.2436017990112305
0.7855566740036011
0.9536809325218201
1.0781614780426025
1.1532292366027832
1.2430479526519775
0.6919649243354797
0.7846627831459045
0.9466971158981323
1.0709025859832764
1.1792441606521606
0.697235107421875
0.8415238261222839
0.9760050773620605
1.1039377450942993
1.2244547605514526
0.5753457546234131
0.6923364996910095
0.7943869829177856
0.8710410594940186
1.0062520503997803
0.6575475931167603
0.7933579683303833
0.9247676730155945
1.065240502357483
1.1870696544647217
0.7763841152191162
0.9176734685897827
1.0624347925186157
1.1634048223495483
1.234336256980896
0.6741693019866943
0.7990567684173584
0.9119643568992615
1.0331048965454102
1.1922980546951294
0.7431879639625549
0.8785753846168518
1.0140438079833984
1.1209063529968262
1.2127985954284668
0.6817720532417297
0.818831205368042
0.9594470858573914
1.1004148721694946
1.2014968395233154
0.6844068765640259
0.7910398244857788
0.933519184589386
1.0665591955184937
1.1889045238494873
0.6650590300559998
0.8083780407905579
0.9555059671401978
1.0908514261245728
1.1838020086288452
0.6768429279327393
0.800721287727356
0.926455020904541
1.0836619138717651
1.205173373222351
0.694273829460144
0.8283913731575012
0.9733749032020569
1.102479338645935
1.2080001831054688
0.7529270052909851
0.8907288312911987
1.0324900150299072
1.1396117210388184
1.254647135734558
0.7145443558692932
0.8640873432159424
0.9928269982337952
1.1146353483200073
1.2066152095794678
0.5270374417304993
0.6352185606956482
0.585078775882721
0.9098338484764099
1.017468810081482
0.540895938873291
0.6913179159164429
0.8367041349411011
0.9588106870651245
1.0929938554763794
0.7221173048019409
0.8608141541481018
0.9838720560073853
1.099287986755371
1.252170443534851
0.5845232009887695
0.7580423355102539
0.8380855917930603
1.0542935132980347
1.1230671405792236
0.6917129158973694
0.7523729205131531
0.8985301852226257
0.996074914932251
1.2168020009994507
0.48061907291412354
0.6165891289710999
0.7648506164550781
0.9638023376464844
1.0832185745239258
0.5471699237823486
0.6778315305709839
0.8924948573112488
0.9831576943397522
1.0629409551620483
0.554121732711792
0.7004136443138123
0.8409669995307922
0.9694060683250427
1.1299350261688232
0.5621256232261658
0.6767418384552002
0.7922142744064331
0.9738755226135254
1.0762015581130981
0.604969322681427
0.7714486122131348
0.8743212819099426
1.0529628992080688
1.1371384859085083
0.6590176820755005
0.8546356558799744
0.9759458303451538
1.0162410736083984
1.1441594362258911
0.5528042316436768
0.6608407497406006
0.8555304408073425
1.0394312143325806
1.1231932640075684
0.6110013723373413
0.7056799530982971
0.8378640413284302
1.0739872455596924
1.1495096683502197
0.5250912308692932
0.6668446063995361
0.830219566822052
0.926281213760376
1.0350135564804077
0.506612241268158
0.6386351585388184
0.7549344301223755
0.9948292374610901
1.0850979089736938
0.5735580921173096
0.6945574879646301
0.8664059042930603
1.035868763923645
1.1305348873138428
0.586418628692627
0.6802301406860352
0.8064719438552856
0.9479146599769592
1.0974299907684326
0.63328617811203
0.7494158148765564
0.9913447499275208
1.0666414499282837
1.1618372201919556
0.5701746344566345
0.8156797289848328
0.9786701202392578
1.1073797941207886
1.1663670539855957
0.5373740196228027
0.6865993738174438
0.8597737550735474
0.9846040606498718
1.1579331159591675
0.6738803386688232
0.761932373046875
0.8737295866012573
0.9513580203056335
1.075210690498352
0.6343919634819031
0.7740165591239929
0.8928092122077942
1.0667510032653809
1.1216347217559814
0.5886616706848145
0.7338396310806274
0.8642165660858154
0.9907048344612122
1.1239349842071533
0.5607628226280212
0.7080578207969666
0.8684377074241638
0.9790615439414978
1.0680856704711914
0.542094886302948
0.689190685749054
0.9175718426704407
1.0823371410369873
1.1599061489105225
0.4847992956638336
0.6063789129257202
0.7022379040718079
0.815220832824707
0.9420568943023682
0.5334164500236511
0.6862437129020691
0.7983930110931396
0.973608136177063
1.1792749166488647
0.7151879668235779
0.9554488062858582
1.1767034530639648
1.2812074422836304
1.299681544303894
0.6701464056968689
0.9102398753166199
1.168432593345642
1.253057837486267
1.290339708328247
0.7612190246582031
1.0209360122680664
1.1752535104751587
1.2252672910690308
1.2672115564346313
0.535477876663208
0.6857540011405945
0.7823377847671509
0.8558799624443054
0.99421226978302
0.5547345280647278
0.7242397665977478
0.9112075567245483
1.0170648097991943
1.20899498462677
0.6248077154159546
0.8548133969306946
1.021333932876587
1.0911834239959717
1.201281189918518
0.5388694405555725
0.691301167011261
0.7941197156906128
0.856101930141449
0.9213181734085083
0.5819805860519409
0.7330770492553711
0.9342837929725647
1.0505019426345825
1.2192445993423462
0.6588470935821533
0.8905723094940186
1.1209660768508911
1.2213718891143799
1.2666611671447754
0.6254796385765076
0.7844319939613342
0.8934250473976135
1.0770535469055176
1.2086899280548096
0.5946789383888245
0.7996320724487305
0.980262279510498
1.1524239778518677
1.238269329071045
0.4693710207939148
0.6029123067855835
0.6950572729110718
0.7534626126289368
0.9333540201187134
0.5916354656219482
0.7573717832565308
0.9107951521873474
0.9958637952804565
1.1780478954315186
0.6448108553886414
0.8449236750602722
1.0368858575820923
1.137458086013794
1.204594373703003
0.5861287713050842
0.9073641896247864
1.1624971628189087
1.201257348060608
1.208253026008606
0.5904366374015808
0.7520822286605835
1.0791072845458984
1.1980634927749634
1.2585951089859009
0.5795130729675293
0.7367203235626221
0.830812394618988
0.9862985610961914
1.1452685594558716
0.5856374502182007
0.7616158723831177
0.8706562519073486
0.9486466646194458
1.0685784816741943
0.6026992201805115
0.7492011189460754
0.9584851264953613
1.0895813703536987
1.231812596321106
0.6288806796073914
0.7948248982429504
0.9752667546272278
1.084692120552063
1.2362977266311646
0.6032475829124451
0.759713888168335
0.9539880752563477
1.075336217880249
1.2338389158248901
0.6258224844932556
0.858443558216095
1.0574983358383179
1.188321590423584
1.2637648582458496
0.5958691239356995
0.7547138333320618
0.9323174357414246
1.052131175994873
1.2341499328613281
0.33940333127975464
0.44188860058784485
0.5232290625572205
0.5848506093025208
0.6470540761947632
0.5740242600440979
0.7484416365623474
0.9246494770050049
1.0812287330627441
1.213529109954834
0.8004344701766968
1.0511656999588013
1.1991318464279175
1.2842496633529663
1.302869439125061
0.8512744307518005
1.101090908050537
1.218268871307373
1.2921686172485352
1.308786392211914
0.9164953231811523
1.108555793762207
1.2060396671295166
1.2583121061325073
1.2678683996200562
0.6101762652397156
0.7610799670219421
0.9077452421188354
1.05942964553833
1.1920757293701172
0.6165028214454651
0.7507900595664978
0.9494907855987549
1.1224727630615234
1.242434024810791
0.7162674069404602
0.9151781797409058
1.084683895111084
1.1843371391296387
1.2527790069580078
0.6089527606964111
0.7887929677963257
0.929750919342041
1.078956961631775
1.1967785358428955
0.7052813768386841
0.8930279612541199
1.0851354598999023
1.224767804145813
1.2889829874038696
0.8076059818267822
0.9937622547149658
1.1567069292068481
1.2476063966751099
1.2755661010742188
0.6515049338340759
0.8409109711647034
1.0177067518234253
1.17669677734375
1.2562049627304077
0.7979570031166077
0.9640533924102783
1.144261360168457
1.2378735542297363
1.2635719776153564
0.5481810569763184
0.6296104192733765
0.8171823620796204
0.9219887852668762
1.0706053972244263
0.6293376088142395
0.773317277431488
0.9414339065551758
1.116686224937439
1.246586799621582
0.7833650708198547
1.002479910850525
1.1494715213775635
1.2469730377197266
1.2862699031829834
0.7214452624320984
0.9413034915924072
1.1163504123687744
1.197037935256958
1.2072100639343262
0.801177442073822
0.9608221054077148
1.1327979564666748
1.2240283489227295
1.2636895179748535
0.6529881358146667
0.8260895013809204
0.9965972900390625
1.150429129600525
1.2381445169448853
0.7131096124649048
0.905768632888794
1.061498761177063
1.1752187013626099
1.248380184173584
0.6949498653411865
0.8843339681625366
1.0729622840881348
1.211098313331604
1.286342978477478
0.6337482333183289
0.7989842891693115
0.9821420907974243
1.149537444114685
1.2762417793273926
0.6911789178848267
0.8434950113296509
1.0448524951934814
1.2001055479049683
1.2834779024124146
0.8381494283676147
1.0056812763214111
1.1866755485534668
1.2840948104858398
1.316261649131775
0.6597764492034912
0.8601917624473572
1.0225883722305298
1.1798533201217651
1.262292742729187
0.5101557374000549
0.5999219417572021
0.7364723086357117
0.922786295413971
1.1250919103622437
