0.30566105246543884
0.37177717685699463
0.4439791738986969
0.5073583126068115
0.5648940801620483
0.345156729221344
0.40991970896720886
0.4717909097671509
0.532481849193573
0.5888573527336121
0.39022669196128845
0.45164984464645386
0.5112014412879944
0.5559348464012146
0.6000057458877563
0.35437607765197754
0.4240841567516327
0.492695689201355
0.5497670769691467
0.6029960513114929
0.25448617339134216
0.31047719717025757
0.37122511863708496
0.43463990092277527
0.4998458921909332
0.3099817931652069
0.3667970299720764
0.4278574585914612
0.48903724551200867
0.5451722741127014
0.3203999996185303
0.3836001455783844
0.44993075728416443
0.5218730568885803
0.5726668238639832
0.2824831008911133
0.3518234193325043
0.4165492653846741
0.48046937584877014
0.532480001449585
0.41141122579574585
0.467921644449234
0.5200822949409485
0.5614326596260071
0.5956991910934448
0.3533870577812195
0.4240694046020508
0.4879497289657593
0.5497823357582092
0.5976127982139587
0.3125167191028595
0.37249821424484253
0.43717333674430847
0.4977874755859375
0.5591146349906921
0.35480445623397827
0.4195353090763092
0.48317816853523254
0.5368496775627136
0.5879641771316528
0.2984166145324707
0.35165950655937195
0.4109621047973633
0.4774084985256195
0.5356751084327698
0.2879613935947418
0.3509446084499359
0.426733136177063
0.49701979756355286
0.5543749928474426
0.3509812653064728
0.4175049066543579
0.4833814203739166
0.5360576510429382
0.5850792527198792
0.37780648469924927
0.4420115351676941
0.5010960698127747
0.5542477369308472
0.602422833442688
0.3391103148460388
0.4105851650238037
0.472191721200943
0.5315631628036499
0.5815232396125793
0.2968238890171051
0.3539997339248657
0.4218846559524536
0.48651063442230225
0.5491623878479004
0.31346404552459717
0.3784949779510498
0.442672997713089
0.5054545402526855
0.5566638708114624
0.3164981007575989
0.38768893480300903
0.45437297224998474
0.5252799987792969
0.5662268996238708
0.3316675126552582
0.3923545777797699
0.45497387647628784
0.5196201205253601
0.5632637143135071
0.31976690888404846
0.3769484758377075
0.4434218406677246
0.5055128931999207
0.5588125586509705
0.3639090061187744
0.42738643288612366
0.4920583963394165
0.5398852825164795
0.5797280669212341
0.32131147384643555
0.3841671645641327
0.45850419998168945
0.5227248072624207
0.5756587386131287
0.35700586438179016
0.44863975048065186
0.5136339664459229
0.5589136481285095
0.588979184627533
0.2646982669830322
0.3177119791507721
0.3803674280643463
0.4449317455291748
0.5125010013580322
0.2649967670440674
0.3222168982028961
0.37830257415771484
0.44820553064346313
0.5080272555351257
0.2995416522026062
0.3605949878692627
0.4244045913219452
0.4939356744289398
0.5419535636901855
0.2767763137817383
0.33583515882492065
0.4044594466686249
0.46524012088775635
0.5279244780540466
0.2081080824136734
0.24707995355129242
0.3048321008682251
0.36923909187316895
0.43222397565841675
0.25822529196739197
0.3138819932937622
0.37392693758010864
0.4283372163772583
0.48956745862960815
0.24165944755077362
0.29774898290634155
0.36471983790397644
0.42873409390449524
0.5033027529716492
0.23849987983703613
0.29652488231658936
0.3579423129558563
0.4173431098461151
0.4876724183559418
0.3414869010448456
0.38962996006011963
0.4535485804080963
0.5092504620552063
0.5554104447364807
0.29096901416778564
0.35123491287231445
0.4212147295475006
0.48019522428512573
0.5385792851448059
0.25552770495414734
0.30350175499916077
0.3655377924442291
0.43121084570884705
0.48891305923461914
0.2851395308971405
0.34426718950271606
0.4022654592990875
0.4617452919483185
0.5133039355278015
0.2560437023639679
0.30534815788269043
0.36149710416793823
0.4267713725566864
0.4907434582710266
0.22929415106773376
0.27805575728416443
0.3340644836425781
0.3985168933868408
0.4640443027019501
0.2732113003730774
0.3223815858364105
0.4000055491924286
0.46132493019104004
0.5205449461936951
0.31758034229278564
0.37336838245391846
0.4308329224586487
0.4941413402557373
0.5549786686897278
0.2845374047756195
0.34181052446365356
0.4101109504699707
0.46892473101615906
0.5320891737937927
0.23910845816135406
0.2860773205757141
0.34637561440467834
0.4051060080528259
0.4776701033115387
0.25196006894111633
0.30417385697364807
0.36798086762428284
0.43099525570869446
0.4891839921474457
0.24626491963863373
0.3054860532283783
0.3716672956943512
0.44376274943351746
0.5103940367698669
0.2737170457839966
0.32129722833633423
0.3851604461669922
0.4549866318702698
0.5166652798652649
0.25330203771591187
0.3048258423805237
0.3634115159511566
0.42506909370422363
0.4847314655780792
0.2681354284286499
0.3381201922893524
0.4004333019256592
0.46755295991897583
0.5227254629135132
0.25366100668907166
0.31906187534332275
0.38119563460350037
0.4503672420978546
0.5188359022140503
0.27288225293159485
0.3488840162754059
0.43207812309265137
0.49985039234161377
0.5437860488891602
0.4521068334579468
0.5152903199195862
0.5706612467765808
0.6108843684196472
0.6529898643493652
0.4732728898525238
0.5395151972770691
0.5929625630378723
0.6419306993484497
0.6831002235412598
0.5150368213653564
0.5600107908248901
0.6015443205833435
0.6399218440055847
0.6744438409805298
0.4852490723133087
0.5529640913009644
0.603653073310852
0.6482964754104614
0.6809459924697876
0.36920252442359924
0.43773752450942993
0.502395510673523
0.5584761500358582
0.613718569278717
0.4358898103237152
0.5034957528114319
0.5572635531425476
0.6061527132987976
0.6422005295753479
0.45111456513404846
0.5138310194015503
0.5673450231552124
0.6089634299278259
0.6496307849884033
0.4317673146724701
0.49076390266418457
0.5462388396263123
0.5905165076255798
0.6277747750282288
0.5217647552490234
0.5636991858482361
0.6035915613174438
0.636073887348175
0.6690055727958679
0.5016887187957764
0.5578814744949341
0.6082011461257935
0.6514604687690735
0.6842074990272522
0.4473314881324768
0.5067195296287537
0.5603947043418884
0.6113906502723694
0.6515679359436035
0.4766739308834076
0.5314744710922241
0.5868552923202515
0.632051944732666
0.6725544333457947
0.43125930428504944
0.4888073205947876
0.543720543384552
0.5962010025978088
0.6337850093841553
0.4189286231994629
0.4911094903945923
0.5536059141159058
0.6020570397377014
0.6506912708282471
0.4852110743522644
0.5435284376144409
0.5899028182029724
0.6355215311050415
0.677047848701477
0.5074748992919922
0.5617496371269226
0.605345606803894
0.6413277387619019
0.6785050630569458
0.47816869616508484
0.5410701036453247
0.5896569490432739
0.6270718574523926
0.665791392326355
0.41832274198532104
0.48040059208869934
0.5484497547149658
0.6087148189544678
0.6559956073760986
0.44056275486946106
0.5037893652915955
0.5669931769371033
0.6089518070220947
0.6531246900558472
0.4662117063999176
0.5317240953445435
0.5746661424636841
0.6108259558677673
0.6464315056800842
0.4745470881462097
0.5248222351074219
0.5657792687416077
0.6108947992324829
0.6504296660423279
0.4414093494415283
0.5041096210479736
0.5668785572052002
0.6110644936561584
0.6573098301887512
0.4821881651878357
0.5352996587753296
0.5781562924385071
0.6170833110809326
0.6524441838264465
0.47171473503112793
0.5351918935775757
0.5834070444107056
0.6213304400444031
0.6691011786460876
0.5123577117919922
0.5521060824394226
0.5818663835525513
0.6109609007835388
0.6353645324707031
0.18850599229335785
0.22484935820102692
0.2689102590084076
0.31505587697029114
0.37656453251838684
0.2149774730205536
0.2556982636451721
0.30403727293014526
0.36142948269844055
0.4300631582736969
0.22104011476039886
0.26346150040626526
0.3080492317676544
0.36618635058403015
0.4413582682609558
0.21372738480567932
0.2551158368587494
0.3006148636341095
0.36148467659950256
0.43956300616264343
0.167748361825943
0.19878189265727997
0.237893208861351
0.2828803062438965
0.3382244110107422
0.19031059741973877
0.224348247051239
0.26705536246299744
0.3195022940635681
0.3716382682323456
0.1887233704328537
0.22576680779457092
0.266891747713089
0.3194398880004883
0.3788052797317505
0.1716829389333725
0.2016366571187973
0.24006740748882294
0.28578096628189087
0.3407595455646515
0.18713583052158356
0.22278393805027008
0.26739412546157837
0.32139497995376587
0.38449588418006897
0.20414091646671295
0.23578216135501862
0.27908626198768616
0.3319970965385437
0.39336633682250977
0.1930944323539734
0.22469231486320496
0.26777327060699463
0.3179049491882324
0.3777279555797577
0.21894288063049316
0.25674617290496826
0.30556273460388184
0.3626573085784912
0.4273472726345062
0.1887897551059723
0.21636773645877838
0.25789207220077515
0.3045908510684967
0.3635310232639313
0.18520765006542206
0.21639414131641388
0.25721126794815063
0.3056734800338745
0.3633107841014862
0.21566559374332428
0.25386443734169006
0.30265358090400696
0.36168670654296875
0.42552316188812256
0.21687966585159302
0.2528790831565857
0.30034467577934265
0.3557840883731842
0.4181057810783386
0.2035614252090454
0.2359994649887085
0.282084196805954
0.3372531533241272
0.40098896622657776
0.1827751100063324
0.2163648009300232
0.2572565972805023
0.3063364028930664
0.36425483226776123
0.17182984948158264
0.21348631381988525
0.25485628843307495
0.2932714819908142
0.3663061261177063
0.19954276084899902
0.2373507171869278
0.28361523151397705
0.33893296122550964
0.4044761061668396
0.18455760180950165
0.21840831637382507
0.26048871874809265
0.3125341236591339
0.3676379919052124
0.20478133857250214
0.23735517263412476
0.2817736268043518
0.33299264311790466
0.3936904966831207
0.1877954751253128
0.2241082787513733
0.2689254879951477
0.3211611211299896
0.38371530175209045
0.19456562399864197
0.22847123444080353
0.27171966433525085
0.3221825361251831
0.37939465045928955
0.18891790509223938
0.24045933783054352
0.3040204644203186
0.380499929189682
0.45085859298706055
0.23600398004055023
0.28255268931388855
0.3838329315185547
0.49349161982536316
0.5924602746963501
0.27128866314888
0.3227829337120056
0.42879292368888855
0.5324293375015259
0.6224798560142517
0.3039163053035736
0.36815574765205383
0.47220084071159363
0.5579976439476013
0.6248505115509033
0.28002309799194336
0.3355138599872589
0.44551387429237366
0.5465949177742004
0.627641499042511
0.20257370173931122
0.24335867166519165
0.33326098322868347
0.44456684589385986
0.5473363399505615
0.2429662048816681
0.29364368319511414
0.3899834454059601
0.4898163974285126
0.5848666429519653
0.24574434757232666
0.30228835344314575
0.40997397899627686
0.5189868211746216
0.5960015654563904
0.2208637148141861
0.26542603969573975
0.3619372248649597
0.47600293159484863
0.5706557631492615
0.3352736234664917
0.39098936319351196
0.4839245676994324
0.5600610375404358
0.6152983903884888
0.27589738368988037
0.3288005590438843
0.43607020378112793
0.5433465242385864
0.6269102096557617
0.2478225976228714
0.29887834191322327
0.4011465311050415
0.5037670135498047
0.5958177447319031
0.28256845474243164
0.3403015434741974
0.44564083218574524
0.538024365901947
0.6168350577354431
0.23713047802448273
0.28032612800598145
0.36653634905815125
0.4673573970794678
0.5726588368415833
0.2284812033176422
0.2730964124202728
0.3677174746990204
0.4929693937301636
0.5918411016464233
0.2785957157611847
0.33316630125045776
0.44191619753837585
0.5413278937339783
0.6259704828262329
0.2956189513206482
0.3525335490703583
0.4547523856163025
0.549765944480896
0.6276572942733765
0.2665698826313019
0.32233935594558716
0.43254509568214417
0.5367444753646851
0.6235465407371521
0.23873381316661835
0.28527989983558655
0.3799067437648773
0.4869329035282135
0.5951557159423828
0.24232593178749084
0.29186683893203735
0.39384394884109497
0.4974123239517212
0.5848712921142578
0.24660617113113403
0.3060626685619354
0.4203241765499115
0.5336471199989319
0.6022828221321106
0.27138808369636536
0.3209802806377411
0.4129258692264557
0.5143505334854126
0.5965636968612671
0.2566865384578705
0.3078611195087433
0.4079440236091614
0.5082229971885681
0.5936110019683838
0.28610512614250183
0.3463119566440582
0.45377317070961
0.5436316132545471
0.6062113046646118
0.2470661848783493
0.2982417345046997
0.41058555245399475
0.5274757742881775
0.60761958360672
0.2624911367893219
0.33287298679351807
0.4794822633266449
0.5602892637252808
0.6079035401344299
0.3264524042606354
0.3947143852710724
0.4369123876094818
0.5075967311859131
0.5649235844612122
0.3914182484149933
0.45840296149253845
0.5148594379425049
0.5726020932197571
0.621587872505188
0.4353748559951782
0.48256370425224304
0.5223281979560852
0.5673160552978516
0.6101133227348328
0.4026399850845337
0.4803439676761627
0.5234721302986145
0.5724619030952454
0.618259847164154
0.2719056010246277
0.332628458738327
0.40141165256500244
0.46150240302085876
0.5232155323028564
0.36164212226867676
0.43032941222190857
0.474444717168808
0.5201876163482666
0.5747033357620239
0.34737637639045715
0.3999038338661194
0.44845548272132874
0.5020239353179932
0.5559452772140503
0.3258698284626007
0.3735843598842621
0.44701704382896423
0.5010164380073547
0.5611142516136169
0.4325312077999115
0.48610755801200867
0.5258468389511108
0.5691817402839661
0.5982617735862732
0.36087965965270996
0.43915918469429016
0.49532467126846313
0.5546572208404541
0.608061671257019
0.3609780967235565
0.41934502124786377
0.4652191996574402
0.5254136919975281
0.5808160305023193
0.4047069847583771
0.4673028588294983
0.5214837193489075
0.5687349438667297
0.6120884418487549
0.3162558674812317
0.3657665550708771
0.4311375916004181
0.49246811866760254
0.5586786270141602
0.30447056889533997
0.38187333941459656
0.43561118841171265
0.4989994764328003
0.56419837474823
0.43970122933387756
0.4988233149051666
0.5423573851585388
0.5837346911430359
0.6219198107719421
0.4048071503639221
0.4634128510951996
0.5048933625221252
0.5563963055610657
0.6022459864616394
0.40104660391807556
0.4613255262374878
0.512457549571991
0.5538182258605957
0.6012789011001587
0.3309704661369324
0.41032373905181885
0.46536514163017273
0.5187040567398071
0.5830003619194031
0.33231765031814575
0.39099717140197754
0.4544591009616852
0.5026617050170898
0.5613757967948914
0.4451121687889099
0.5112076997756958
0.5493407249450684
0.589301586151123
0.6217186450958252
0.3629443645477295
0.4078761041164398
0.4626515805721283
0.5247193574905396
0.5702157020568848
0.3514217138290405
0.4104783833026886
0.46370023488998413
0.517977774143219
0.5666807293891907
0.41974955797195435
0.46911460161209106
0.5081018805503845
0.5504956841468811
0.5830586552619934
0.3235654830932617
0.3929833173751831
0.4605470895767212
0.5202867984771729
0.582360029220581
0.41178205609321594
0.4700380265712738
0.5357558131217957
0.5729922652244568
0.6045985817909241
0.35645100474357605
0.42049095034599304
0.4694651663303375
0.5266207456588745
0.5891615152359009
0.3909255564212799
0.4465421140193939
0.5297046899795532
0.562127411365509
0.6150407195091248
0.45786887407302856
0.5266731381416321
0.5601929426193237
0.5889009833335876
0.6078996658325195
0.45191553235054016
0.534068763256073
0.5717227458953857
0.6208882927894592
0.6487998366355896
0.29395514726638794
0.36048436164855957
0.4389440417289734
0.515408456325531
0.5626451373100281
0.37610912322998047
0.429139643907547
0.482689768075943
0.5354681611061096
0.585557758808136
0.36349260807037354
0.4293902516365051
0.5069990754127502
0.5567987561225891
0.5822991132736206
0.30556896328926086
0.40284618735313416
0.46806350350379944
0.530544638633728
0.5755181908607483
0.4572414457798004
0.5023514628410339
0.5325337052345276
0.5867827534675598
0.6235554814338684
0.4632268249988556
0.5287250280380249
0.5820997357368469
0.6271877884864807
0.662577211856842
0.3753170073032379
0.4548538029193878
0.5111180543899536
0.5664405226707458
0.6070206165313721
0.42815592885017395
0.48844245076179504
0.5687339305877686
0.5950963497161865
0.6296806335449219
0.3110056221485138
0.3845999836921692
0.45466887950897217
0.5461697578430176
0.6335323452949524
0.323580265045166
0.3985733985900879
0.49284011125564575
0.5541910529136658
0.6085104942321777
0.4697400629520416
0.5286850929260254
0.5701629519462585
0.6096251606941223
0.6345117092132568
0.49170413613319397
0.555610716342926
0.6080470085144043
0.6321716904640198
0.6636456251144409
0.4388265311717987
0.530206024646759
0.589056134223938
0.6253390312194824
0.6553717255592346
0.3424747586250305
0.42046260833740234
0.5081949234008789
0.5642067790031433
0.5983506441116333
0.3997019827365875
0.45501449704170227
0.5001487135887146
0.5517416000366211
0.5883129239082336
0.36386945843696594
0.43737196922302246
0.5047646164894104
0.5432701706886292
0.5617294311523438
0.4038110077381134
0.46374017000198364
0.5169800519943237
0.5558986067771912
0.5994055271148682
0.355964332818985
0.4283030927181244
0.49164101481437683
0.5448448657989502
0.6204642057418823
0.4608739912509918
0.5334189534187317
0.5853394865989685
0.6116278171539307
0.6379090547561646
0.38786831498146057
0.46853893995285034
0.5401809215545654
0.5735471844673157
0.6438650488853455
0.43944332003593445
0.47614040970802307
0.49714261293411255
0.5143813490867615
0.5547479391098022
0.28177759051322937
0.3800812363624573
0.49720898270606995
0.6130093932151794
0.6945485472679138
0.25522303581237793
0.34428948163986206
0.4561222195625305
0.5835420489311218
0.6713767647743225
0.2531411647796631
0.3401477634906769
0.45392897725105286
0.572892427444458
0.6579986810684204
0.23396606743335724
0.3158108592033386
0.4284214973449707
0.5497300624847412
0.6497836709022522
0.2653355896472931
0.3578387200832367
0.4833361506462097
0.6173619031906128
0.7018164396286011
0.2759721279144287
0.3745080232620239
0.4913191497325897
0.6051523685455322
0.6907364726066589
0.24431933462619781
0.33350566029548645
0.4544791579246521
0.5819807648658752
0.6817850470542908
0.29435262084007263
0.3957291543483734
0.5042390823364258
0.6116018891334534
0.6915993690490723
0.26201751828193665
0.35439586639404297
0.4644259214401245
0.5687140226364136
0.6668872833251953
0.26007989048957825
0.3528231978416443
0.4771469533443451
0.6024377346038818
0.6867237091064453
0.26433613896369934
0.358613520860672
0.47992804646492004
0.600673258304596
0.6873646378517151
0.27471157908439636
0.3691786825656891
0.48278963565826416
0.6009573340415955
0.692744255065918
0.282188355922699
0.37799909710884094
0.4892823100090027
0.608144998550415
0.6882330179214478
0.2794860005378723
0.37562498450279236
0.4959079623222351
0.610552966594696
0.6942395567893982
0.25463905930519104
0.3395311236381531
0.4508891701698303
0.5761293768882751
0.6617856025695801
0.25482580065727234
0.34197384119033813
0.45328807830810547
0.5728616714477539
0.6583027243614197
0.23142381012439728
0.3126375675201416
0.4254658818244934
0.5563462972640991
0.6726950407028198
0.26110580563545227
0.35111626982688904
0.4701473116874695
0.6036160588264465
0.6986609101295471
0.275611937046051
0.37699809670448303
0.5033604502677917
0.6229192018508911
0.7005764245986938
0.25646519660949707
0.3463650047779083
0.45865145325660706
0.5718623995780945
0.6704836487770081
0.26119908690452576
0.3533385097980499
0.46871858835220337
0.5804063677787781
0.6744398474693298
0.2660895884037018
0.35843604803085327
0.47181737422943115
0.5892584919929504
0.6793631315231323
0.23470264673233032
0.3155454099178314
0.4201813340187073
0.5377649664878845
0.6514707207679749
0.2527523934841156
0.34579092264175415
0.4714743196964264
0.6086542010307312
0.6938677430152893
0.3271850645542145
0.4368372857570648
0.5306661128997803
0.6078521013259888
0.6825150847434998
0.33868110179901123
0.41036564111709595
0.5202142000198364
0.6134224534034729
0.6921572685241699
0.38776087760925293
0.4407680034637451
0.5277274250984192
0.6167769432067871
0.6916743516921997
0.3358289897441864
0.3997902572154999
0.49255630373954773
0.5868935585021973
0.6653492450714111
0.38675442337989807
0.4408430755138397
0.5189120769500732
0.6008788347244263
0.6734682321548462
0.2881508767604828
0.34210237860679626
0.43460768461227417
0.5639595985412598
0.6839078664779663
0.3409673869609833
0.3966204524040222
0.4941094219684601
0.5988861322402954
0.701293408870697
0.2913765013217926
0.348358690738678
0.44400402903556824
0.5463241338729858
0.6649391055107117
0.3129934072494507
0.36661481857299805
0.4633261561393738
0.5624164342880249
0.6630656719207764
0.3252549171447754
0.3839617967605591
0.4752027690410614
0.5679509043693542
0.6619729399681091
0.3689342439174652
0.4279586374759674
0.5277647376060486
0.6242066621780396
0.6973605751991272
0.3431386947631836
0.40495315194129944
0.49960872530937195
0.6001966595649719
0.6954637765884399
0.3879631459712982
0.44861945509910583
0.5286242961883545
0.6081987619400024
0.6901853084564209
0.3547177016735077
0.43122950196266174
0.5348896384239197
0.6242620348930359
0.6960383057594299
0.3323361277580261
0.39914122223854065
0.49646201729774475
0.5885376930236816
0.6790998578071594
0.3721424639225006
0.4367041289806366
0.5156903266906738
0.6065815687179565
0.6813584566116333
0.3834574520587921
0.4403780400753021
0.5307114124298096
0.6112685799598694
0.6835967302322388
0.35364410281181335
0.4233098328113556
0.524418294429779
0.6081904768943787
0.6890369653701782
0.3412954807281494
0.4004681408405304
0.5008993744850159
0.621308445930481
0.7019717693328857
0.31476765871047974
0.3777317404747009
0.47299134731292725
0.5705872178077698
0.6724799275398254
0.30122560262680054
0.3571288585662842
0.43449094891548157
0.5507788062095642
0.6547073721885681
0.3266504406929016
0.3842257857322693
0.4793609380722046
0.5815187692642212
0.6716670393943787
0.36014291644096375
0.42436498403549194
0.5110304951667786
0.604302704334259
0.6743861436843872
0.3340795040130615
0.38595491647720337
0.459480345249176
0.5493589639663696
0.6464371681213379
0.3327060341835022
0.4017510712146759
0.49467676877975464
0.6026540398597717
0.6896483898162842
0.21557363867759705
0.2777935862541199
0.37380504608154297
0.49741482734680176
0.6267389059066772
0.26982033252716064
0.33222055435180664
0.4556540548801422
0.5782595872879028
0.6592040061950684
0.29714110493659973
0.35865482687950134
0.4626760482788086
0.592340886592865
0.6807448267936707
0.27353188395500183
0.33365318179130554
0.460018515586853
0.5932390689849854
0.6669908761978149
0.2816358506679535
0.34159982204437256
0.4592238962650299
0.616119921207428
0.6854014992713928
0.2638547122478485
0.31557825207710266
0.4118969142436981
0.5472954511642456
0.6466626524925232
0.2732113003730774
0.33552318811416626
0.4520028531551361
0.5849065780639648
0.6603168845176697
0.25567877292633057
0.30601632595062256
0.4078487455844879
0.5443363785743713
0.6355519890785217
0.26605021953582764
0.3231085538864136
0.4446832537651062
0.5708073377609253
0.6412913203239441
0.26698219776153564
0.32592517137527466
0.4385564625263214
0.5724347829818726
0.658433735370636
0.28733834624290466
0.345918744802475
0.4754651188850403
0.6181825399398804
0.6843464970588684
0.27246707677841187
0.33646729588508606
0.43738120794296265
0.5830104351043701
0.6719231605529785
0.2823805809020996
0.3410089612007141
0.45387032628059387
0.5963901281356812
0.6928743720054626
0.29083073139190674
0.36343464255332947
0.47744983434677124
0.5852841734886169
0.6679109930992126
0.2925238609313965
0.35238611698150635
0.45043516159057617
0.5766302943229675
0.6701539158821106
0.2870084047317505
0.3443348705768585
0.45313987135887146
0.604006290435791
0.6694334149360657
0.29041120409965515
0.35019510984420776
0.4863821566104889
0.6160335540771484
0.6753150224685669
0.2684302031993866
0.32697707414627075
0.45568758249282837
0.5883705615997314
0.6673837304115295
0.27129313349723816
0.32739683985710144
0.4348292350769043
0.586876630783081
0.6735729575157166
0.25619032979011536
0.31260278820991516
0.4254235625267029
0.5773751139640808
0.6604060530662537
0.24242812395095825
0.2988849878311157
0.4039955139160156
0.5411708950996399
0.6210998892784119
0.2779412865638733
0.33858567476272583
0.45928481221199036
0.5810920596122742
0.6456015110015869
0.29275521636009216
0.34331321716308594
0.44241786003112793
0.5859218835830688
0.6668325066566467
0.26344525814056396
0.3346267342567444
0.4312751293182373
0.581949770450592
0.6590694785118103
0.2744869291782379
0.3344537913799286
0.45077869296073914
0.5831672549247742
0.6720783114433289
0.26175326108932495
0.2941819727420807
0.4008930027484894
0.5158520340919495
0.6021045446395874
0.2723013460636139
0.34138643741607666
0.42200419306755066
0.5942443609237671
0.708426296710968
0.36801961064338684
0.4769613444805145
0.6435031890869141
0.7292440533638
0.7507882118225098
0.3729853630065918
0.52876877784729
0.6411916613578796
0.7082048058509827
0.7398286461830139
0.442440390586853
0.5889266729354858
0.667395830154419
0.7297520041465759
0.7551339268684387
0.22535495460033417
0.2959652245044708
0.3737126588821411
0.5037438869476318
0.6387504935264587
0.28776657581329346
0.35822004079818726
0.4388054311275482
0.5793983936309814
0.7220886945724487
0.32725989818573
0.43053847551345825
0.5631595849990845
0.6670196652412415
0.7263250350952148
0.25781938433647156
0.32777729630470276
0.4113928973674774
0.4836367964744568
0.6292309165000916
0.33286580443382263
0.41553476452827454
0.561885416507721
0.6734706163406372
0.7333220839500427
0.36430999636650085
0.47735387086868286
0.6256680488586426
0.7110780477523804
0.7481744289398193
0.2918013632297516
0.36267879605293274
0.44688907265663147
0.6269850730895996
0.7302423119544983
0.3680466115474701
0.4858211874961853
0.6580086350440979
0.7237164378166199
0.7447381019592285
0.24212531745433807
0.3003348410129547
0.3815302550792694
0.4711543321609497
0.625846803188324
0.25756800174713135
0.33762598037719727
0.4324483275413513
0.5783284902572632
0.6985987424850464
0.3662477433681488
0.5130607485771179
0.6443938612937927
0.7145777344703674
0.7441273331642151
0.3721543848514557
0.4902667999267578
0.6502244472503662
0.729637086391449
0.7401690483093262
0.3465310037136078
0.44609299302101135
0.6022937297821045
0.6954748630523682
0.7484551668167114
0.2779523730278015
0.3487546443939209
0.4556887745857239
0.6200190186500549
0.7270828485488892
0.2984621822834015
0.3725649118423462
0.4416193664073944
0.5888549089431763
0.7033982872962952
0.3118131458759308
0.388189435005188
0.550888180732727
0.6578819155693054
0.7186365723609924
0.2973167896270752
0.365093469619751
0.45677876472473145
0.6038762331008911
0.7158684134483337
0.30666059255599976
0.3934609293937683
0.5093947649002075
0.6725990772247314
0.7461839318275452
0.3754318952560425
0.49863311648368835
0.6097689867019653
0.6798216104507446
0.7375384569168091
0.30662065744400024
0.3859331011772156
0.49463409185409546
0.6548988819122314
0.7385474443435669
0.20700688660144806
0.24454505741596222
0.29556170105934143
0.33824265003204346
0.442587673664093
0.3093463182449341
0.3190891146659851
0.4279954135417938
0.49152764678001404
0.5606760382652283
0.40365442633628845
0.43450918793678284
0.6461528539657593
0.6769518852233887
0.7105169892311096
0.4026595652103424
0.4803684651851654
0.6356310844421387
0.6293140053749084
0.6773764491081238
0.3665001392364502
0.49521705508232117
0.5645913481712341
0.6577262282371521
0.6852566599845886
0.24845027923583984
0.28305017948150635
0.3537077009677887
0.5399767160415649
0.5811557173728943
0.30150529742240906
0.3681011497974396
0.42169034481048584
0.48639997839927673
0.5655498504638672
0.3578470051288605
0.41289710998535156
0.4939807057380676
0.5789601802825928
0.664715051651001
0.2050648182630539
0.2665182054042816
0.33149147033691406
0.4793475866317749
0.5013375878334045
0.25930747389793396
0.3130655586719513
0.4824008047580719
0.5775279998779297
0.6182436347007751
0.43149420619010925
0.37936046719551086
0.47492724657058716
0.5774253010749817
0.6775304079055786
0.2817458212375641
0.27808332443237305
0.4446924030780792
0.5584700107574463
0.6452028751373291
0.3441338539123535
0.4466652572154999
0.5215058326721191
0.6111003160476685
0.5829876065254211
0.21820825338363647
0.29620110988616943
0.44944310188293457
0.4020284414291382
0.4684848189353943
0.24446378648281097
0.3623166084289551
0.4982263147830963
0.4943322539329529
0.5875636339187622
0.38098475337028503
0.42793434858322144
0.5453076362609863
0.6362985968589783
0.6816110014915466
0.36353591084480286
0.3964063823223114
0.44823509454727173
0.611922562122345
0.6714555025100708
0.2959561049938202
0.4036107361316681
0.4424218237400055
0.5812072157859802
0.677003026008606
0.2944523096084595
0.4032544493675232
0.44686952233314514
0.4973209798336029
0.678957462310791
0.23855458199977875
0.3176475465297699
0.42169189453125
0.4950706958770752
0.4996933341026306
0.32530543208122253
0.38681888580322266
0.454152375459671
0.5436807870864868
0.6454428434371948
0.30040135979652405
0.4302061200141907
0.3580496609210968
0.4398348927497864
0.6656855940818787
0.3410882353782654
0.3736336827278137
0.4121750593185425
0.5320441126823425
0.6728678345680237
0.36924493312835693
0.38587626814842224
0.4956423044204712
0.601470410823822
0.6821337342262268
0.41977107524871826
0.3143504559993744
0.3787902295589447
0.5172349214553833
0.6653552055358887
0.2611407935619354
0.27883651852607727
0.4036332666873932
0.43417924642562866
0.45333775877952576
0.28342291712760925
0.458456814289093
0.5463835000991821
0.5763136744499207
0.5644887089729309
0.47239950299263
0.5410901308059692
0.6317777633666992
0.665233850479126
0.6252010464668274
0.4202479124069214
0.5862043499946594
0.5722506046295166
0.6647972464561462
0.7162905931472778
0.4614728093147278
0.5899173021316528
0.6456663608551025
0.6265777349472046
0.7139633893966675
0.3489835560321808
0.3612636625766754
0.4672582745552063
0.559408962726593
0.6425999999046326
0.3627794682979584
0.33718639612197876
0.4839596748352051
0.578894853591919
0.6231663227081299
0.40971681475639343
0.49157875776290894
0.5819464921951294
0.6338916420936584
0.6757647395133972
0.2918132543563843
0.47610971331596375
0.3922688066959381
0.5298899412155151
0.649781346321106
0.4694080650806427
0.5642016530036926
0.6065441966056824
0.6490594744682312
0.6452236175537109
0.3363080620765686
0.5747247338294983
0.6187876462936401
0.6831375360488892
0.6687820553779602
0.5079004764556885
0.41434258222579956
0.5945011377334595
0.6346312761306763
0.6752097606658936
0.43361762166023254
0.46887293457984924
0.5889512896537781
0.6502604484558105
0.5025020241737366
0.2629360556602478
0.3191916346549988
0.4715714454650879
0.5154540538787842
0.6370021104812622
0.4415477216243744
0.3826536238193512
0.5543608069419861
0.6030743718147278
0.665215015411377
0.4390696585178375
0.5398781299591064
0.6290263533592224
0.6690149903297424
0.7107744216918945
0.49343714118003845
0.5578470230102539
0.5272763967514038
0.6536688208580017
0.6125211119651794
0.35944005846977234
0.4819260239601135
0.6086260080337524
0.6738634705543518
0.6784628033638
0.4579128324985504
0.4703517258167267
0.44469207525253296
0.6095283031463623
0.6733042597770691
0.324445903301239
0.44253307580947876
0.5071210861206055
0.600624680519104
0.6774768829345703
0.4665600061416626
0.5169165730476379
0.4607240557670593
0.6116425395011902
0.6829919815063477
0.3745236098766327
0.4884854257106781
0.5434750318527222
0.6222367286682129
0.6261470913887024
0.32182133197784424
0.48768457770347595
0.5464503169059753
0.6290901303291321
0.6566228270530701
0.4234592616558075
0.5053918361663818
0.5853173732757568
0.661214292049408
0.6495368480682373
0.42697298526763916
0.5673724412918091
0.6064682006835938
0.6452409029006958
0.6311393976211548
0.39468124508857727
0.32741448283195496
0.5461538434028625
0.4444960653781891
0.5216805934906006
0.31356748938560486
0.33940932154655457
0.44060972332954407
0.5018640756607056
0.5538682341575623
0.39107847213745117
0.338471919298172
0.4419613778591156
0.48806264996528625
0.5551052689552307
0.40289682149887085
0.3429763913154602
0.4238857924938202
0.47405609488487244
0.5527896285057068
0.44554078578948975
0.30560415983200073
0.41040506958961487
0.45407429337501526
0.5288444757461548
0.28431349992752075
0.3411904573440552
0.438212126493454
0.4986313283443451
0.5582591891288757
0.32299137115478516
0.34109416604042053
0.45866239070892334
0.518344521522522
0.5638163685798645
0.3468031585216522
0.32020795345306396
0.4282087981700897
0.4817493259906769
0.5340323448181152
0.2907392680644989
0.34245866537094116
0.4563508927822113
0.51456218957901
0.5735409259796143
0.34970322251319885
0.30986669659614563
0.4256959855556488
0.5010436177253723
0.555256187915802
0.3616514205932617
0.3498363494873047
0.44569745659828186
0.5151278972625732
0.5629940032958984
0.32816892862319946
0.3754749596118927
0.4621361196041107
0.5331681370735168
0.5794402360916138
0.39766326546669006
0.33034569025039673
0.43113794922828674
0.4728613793849945
0.5498032569885254
0.2751706838607788
0.36012473702430725
0.45485255122184753
0.5074460506439209
0.5793431997299194
0.3205084204673767
0.35156160593032837
0.4669231176376343
0.5551491975784302
0.5997487306594849
0.37746164202690125
0.3162623643875122
0.40901944041252136
0.4548659026622772
0.5232543349266052
0.37794557213783264
0.33447349071502686
0.39671406149864197
0.48395246267318726
0.5237805247306824
0.35481032729148865
0.3430972397327423
0.4248574674129486
0.4872661232948303
0.536261260509491
0.3079794645309448
0.3326932489871979
0.4415777325630188
0.49705609679222107
0.5604636073112488
0.31241029500961304
0.35129380226135254
0.4221132695674896
0.48375245928764343
0.537267804145813
0.31905820965766907
0.3398275077342987
0.4717811942100525
0.529958963394165
0.5675809979438782
0.30452603101730347
0.33626317977905273
0.4224885404109955
0.5010585188865662
0.5686634182929993
0.343990296125412
0.34116971492767334
0.4365653395652771
0.5231541395187378
0.5731952786445618
0.3366764187812805
0.31208935379981995
0.3927399814128876
0.45724979043006897
0.5260035991668701
0.3396962881088257
0.34275758266448975
0.4363275170326233
0.504136860370636
0.549202024936676
0.24247188866138458
0.337108850479126
0.3909830152988434
0.45514538884162903
0.5004846453666687
0.5695217251777649
0.5542316436767578
0.5334997177124023
0.4827803373336792
0.4097227156162262
0.5626804232597351
0.5608975291252136
0.5399494171142578
0.5085954666137695
0.4788174033164978
0.5622380971908569
0.5422466397285461
0.5112674832344055
0.4772123098373413
0.4387870728969574
0.5267208814620972
0.5127326250076294
0.5000202059745789
0.48248404264450073
0.448677122592926
0.510341465473175
0.5018341541290283
0.47254088521003723
0.43841779232025146
0.40027308464050293
0.5240404009819031
0.501197874546051
0.4822823107242584
0.44011566042900085
0.4121093153953552
0.5045764446258545
0.49933183193206787
0.4771151542663574
0.4475124180316925
0.4029642343521118
0.4944365620613098
0.48398229479789734
0.4585461914539337
0.42953023314476013
0.3953692317008972
0.5269001722335815
0.5209729671478271
0.4850972294807434
0.44280385971069336
0.3755797743797302
0.5260398387908936
0.501602292060852
0.47320738434791565
0.4430108070373535
0.4056607484817505
0.5173064470291138
0.5095401406288147
0.49126774072647095
0.46115222573280334
0.4277172088623047
0.5707939267158508
0.5580440163612366
0.5205832719802856
0.48834288120269775
0.4694368839263916
0.5235308408737183
0.527122437953949
0.5354449152946472
0.4983830153942108
0.4917639493942261
0.5139723420143127
0.4867800772190094
0.47247716784477234
0.4418204128742218
0.40708208084106445
0.5496270656585693
0.5346892476081848
0.5145191550254822
0.49302515387535095
0.4010902941226959
0.5416046977043152
0.5353928804397583
0.5240006446838379
0.5095213651657104
0.4680771231651306
0.5207262635231018
0.5194222927093506
0.48803192377090454
0.4756820499897003
0.43626001477241516
0.5557258725166321
0.5417776107788086
0.5107710361480713
0.4650750756263733
0.40418288111686707
0.5050150156021118
0.49824124574661255
0.4811180830001831
0.4647309184074402
0.43940675258636475
0.5648080110549927
0.5407290458679199
0.5093441605567932
0.47189459204673767
0.40086865425109863
0.5452224612236023
0.507045567035675
0.4791989028453827
0.4413522779941559
0.3957657516002655
0.5657644271850586
0.5429582595825195
0.5207617282867432
0.47481241822242737
0.3965747654438019
0.5506027340888977
0.5208715200424194
0.5018746852874756
0.46913936734199524
0.40861478447914124
0.5032119750976562
0.493130624294281
0.4767593443393707
0.4576503336429596
0.43447938561439514
0.49892616271972656
0.4751111567020416
0.44762542843818665
0.429266095161438
0.3901301324367523
0.09943187981843948
0.11853098124265671
0.2029947191476822
0.19098921120166779
0.3725581467151642
0.10594719648361206
0.12962937355041504
0.2523691654205322
0.23178260028362274
0.431821346282959
0.09900476038455963
0.18328005075454712
0.20645470917224884
0.30686426162719727
0.3625294864177704
0.11592333763837814
0.1399219036102295
0.25983333587646484
0.22224697470664978
0.4269151985645294
0.10263817012310028
0.1519576460123062
0.24898864328861237
0.2713139057159424
0.4278354048728943
0.07039518654346466
0.20233707129955292
0.15029208362102509
0.31769633293151855
0.28497591614723206
0.0964842438697815
0.12861914932727814
0.19401785731315613
0.22513647377490997
0.32108721137046814
0.07621181756258011
0.19031059741973877
0.15643322467803955
0.3330882787704468
0.31693267822265625
0.07984798401594162
0.11174317449331284
0.14938004314899445
0.20864395797252655
0.28995224833488464
0.08025462925434113
0.17582587897777557
0.15193217992782593
0.2916547656059265
0.2914530038833618
0.08728840947151184
0.11536460369825363
0.2839481830596924
0.2090618908405304
0.43217942118644714
0.07039518654346466
0.18574415147304535
0.13186854124069214
0.32194069027900696
0.22030970454216003
0.10029954463243484
0.19987522065639496
0.19971854984760284
0.3292050063610077
0.3399330973625183
0.0978802815079689
0.13330022990703583
0.19717133045196533
0.24529290199279785
0.35623258352279663
0.1346871703863144
0.19619353115558624
0.3438089191913605
0.2857835292816162
0.5218223929405212
0.08356139808893204
0.18749363720417023
0.16047516465187073
0.3218885362148285
0.2776663303375244
0.12285146117210388
0.15546733140945435
0.3902517259120941
0.25830796360969543
0.4832354485988617
0.11193488538265228
0.15689027309417725
0.2546265125274658
0.2616490125656128
0.4714077115058899
0.08773308247327805
0.1393088847398758
0.16326268017292023
0.2679753303527832
0.2998392879962921
0.07417956739664078
0.20231910049915314
0.2039623111486435
0.3091895878314972
0.3719557225704193
0.07913605123758316
0.17027705907821655
0.1558070331811905
0.2821606695652008
0.28916847705841064
0.07828041166067123
0.1658163219690323
0.15045852959156036
0.3063107132911682
0.25925812125205994
0.10404220223426819
0.18796153366565704
0.1934201717376709
0.3151860237121582
0.2963511645793915
0.09414442628622055
0.14181870222091675
0.18123456835746765
0.23893223702907562
0.27155551314353943
0.1541995108127594
0.16971942782402039
0.27297264337539673
0.2922954559326172
0.38040879368782043
0.22854098677635193
0.28766098618507385
0.3845769166946411
0.39533719420433044
0.5879220366477966
0.2474021315574646
0.31972989439964294
0.4042527377605438
0.4286668002605438
0.5840409398078918
0.2324834018945694
0.33007004857063293
0.3742540776729584
0.4421639144420624
0.5488448143005371
0.23764346539974213
0.31035876274108887
0.3842257857322693
0.42189738154411316
0.5537245869636536
0.23511750996112823
0.3117079436779022
0.3791683614253998
0.43190139532089233
0.5388762950897217
0.2117285132408142
0.31856489181518555
0.3490132689476013
0.4205593168735504
0.5269004106521606
0.22791844606399536
0.295133501291275
0.37186989188194275
0.40685921907424927
0.5413690805435181
0.22164328396320343
0.31729164719581604
0.362100213766098
0.4362676441669464
0.5320661664009094
0.23532752692699432
0.29423192143440247
0.37606847286224365
0.408440500497818
0.5310872793197632
0.24507129192352295
0.3241676688194275
0.3958604633808136
0.4432803690433502
0.5675047636032104
0.22933359444141388
0.30070406198501587
0.3749450743198395
0.425028920173645
0.5518408417701721
0.2443397045135498
0.32480087876319885
0.3966847360134125
0.43448323011398315
0.5720816254615784
0.21807648241519928
0.3399159014225006
0.35535940527915955
0.4420068860054016
0.5249397158622742
0.23020333051681519
0.3010415732860565
0.37572139501571655
0.4121018350124359
0.5450918078422546
0.23598137497901917
0.3391231298446655
0.3821517527103424
0.45496994256973267
0.5540035367012024
0.24564625322818756
0.34102821350097656
0.39573103189468384
0.4511556327342987
0.5630396008491516
0.22205986082553864
0.3130800127983093
0.35921645164489746
0.4587758183479309
0.5308589339256287
0.22870761156082153
0.31054824590682983
0.36918970942497253
0.41961708664894104
0.5420063138008118
0.22234979271888733
0.2923060953617096
0.3694498836994171
0.4112730622291565
0.5532283782958984
0.20082607865333557
0.3242238759994507
0.3302239179611206
0.45461753010749817
0.49489736557006836
0.21794159710407257
0.30339810252189636
0.3554534316062927
0.4137767255306244
0.5220816135406494
0.22249840199947357
0.30727946758270264
0.362508624792099
0.41923993825912476
0.5356765389442444
0.2187698632478714
0.317026287317276
0.35344886779785156
0.4286225140094757
0.5192875266075134
0.2403952181339264
0.31383517384529114
0.3900693356990814
0.4291553795337677
0.5607355833053589
0.23513579368591309
0.2896226942539215
0.3748258352279663
0.3948160409927368
0.5386415123939514
0.2776760160923004
0.3468559682369232
0.43510666489601135
0.5073632001876831
0.5098060965538025
0.1658228486776352
0.18838591873645782
0.22310855984687805
0.27112820744514465
0.32807302474975586
0.20958080887794495
0.23809373378753662
0.2730935215950012
0.3257206678390503
0.38630980253219604
0.21306322515010834
0.26066476106643677
0.3220943212509155
0.40565159916877747
0.5101060271263123
0.27223819494247437
0.32647189497947693
0.3904905915260315
0.508743941783905
0.6011106967926025
0.24961897730827332
0.3012828826904297
0.37100887298583984
0.4690857529640198
0.5220985412597656
0.23423472046852112
0.2819547951221466
0.34109270572662354
0.4304731488227844
0.5476863384246826
0.33850306272506714
0.42130011320114136
0.5040576457977295
0.5332413911819458
0.5300868153572083
0.3451753258705139
0.3942224681377411
0.45010873675346375
0.5336121916770935
0.5558801889419556
0.37309515476226807
0.452566921710968
0.5115147233009338
0.5045690536499023
0.520778238773346
0.30539587140083313
0.36718958616256714
0.46100401878356934
0.5595066547393799
0.5417342782020569
0.2408961057662964
0.28760749101638794
0.35515594482421875
0.4662972390651703
0.5272154211997986
0.2929060161113739
0.35941481590270996
0.4385877549648285
0.5112012028694153
0.532522439956665
0.2128661721944809
0.25217318534851074
0.29997408390045166
0.35393226146698
0.41635990142822266
0.24891358613967896
0.2933465242385864
0.35847172141075134
0.4590728282928467
0.5446155071258545
0.35965824127197266
0.42676839232444763
0.4924735426902771
0.5257024765014648
0.553320050239563
0.42219001054763794
0.4732573926448822
0.474608838558197
0.48228055238723755
0.48521944880485535
0.231089785695076
0.28200235962867737
0.3611629605293274
0.4645403325557709
0.5790171027183533
0.24159209430217743
0.29643410444259644
0.3653968870639801
0.45823177695274353
0.5075907111167908
0.23994280397891998
0.29489850997924805
0.3598024249076843
0.4560090899467468
0.5005295276641846
0.30249249935150146
0.3667525351047516
0.4456317722797394
0.5363927483558655
0.545957088470459
0.2363782674074173
0.2764754295349121
0.3440884053707123
0.43931737542152405
0.5523536801338196
0.20111563801765442
0.2381245493888855
0.28081291913986206
0.3341386616230011
0.39742544293403625
0.38938698172569275
0.4699174165725708
0.5344935059547424
0.5372957587242126
0.523048460483551
0.2275056391954422
0.2678612470626831
0.315948486328125
0.372116357088089
0.4448815882205963
0.30823495984077454
0.3668035566806793
0.4352455139160156
0.4908595681190491
0.5484884977340698
0.30745643377304077
0.37121081352233887
0.4331758916378021
0.5016780495643616
0.5531221032142639
0.38949546217918396
0.45833221077919006
0.5221297740936279
0.567893385887146
0.6095724105834961
0.35152244567871094
0.4249766767024994
0.4882739186286926
0.5346003174781799
0.5853428840637207
0.2590979039669037
0.30951178073883057
0.36995235085487366
0.4324180483818054
0.49698716402053833
0.3347272276878357
0.3920762538909912
0.4472351670265198
0.5007683634757996
0.550923228263855
0.3396632671356201
0.4007071554660797
0.46945688128471375
0.5310332179069519
0.5682413578033447
0.3007594645023346
0.362781286239624
0.4278295338153839
0.4847104549407959
0.534139096736908
0.38042202591896057
0.45360279083251953
0.5133543014526367
0.559729278087616
0.5948169827461243
0.3644854426383972
0.4288060963153839
0.5011551976203918
0.5548930168151855
0.6035723090171814
0.3005658984184265
0.36405834555625916
0.4260062575340271
0.4829801321029663
0.556807816028595
0.3626677393913269
0.42484357953071594
0.48910465836524963
0.5390571355819702
0.5833942294120789
0.3031279146671295
0.3563784658908844
0.4156028926372528
0.486723393201828
0.5423675179481506
0.3173525929450989
0.3817160725593567
0.45869162678718567
0.5119758248329163
0.5600675344467163
0.33642321825027466
0.3958028256893158
0.4568263590335846
0.5096725225448608
0.5566343069076538
0.38866469264030457
0.44582071900367737
0.5042410492897034
0.5604249238967896
0.601936399936676
0.3320139944553375
0.3970879018306732
0.4645119607448578
0.5214322209358215
0.5705078840255737
0.2915020287036896
0.3511223793029785
0.41464728116989136
0.47686639428138733
0.5472533702850342
0.3154015839099884
0.3793695569038391
0.4458678960800171
0.5069710612297058
0.5614886283874512
0.3417162597179413
0.41024696826934814
0.4775511622428894
0.5288506150245667
0.5658833384513855
0.34895315766334534
0.4102700650691986
0.46957898139953613
0.5252035856246948
0.5685368180274963
0.3257974088191986
0.3866400122642517
0.4483567774295807
0.4978095293045044
0.5497508645057678
0.37111133337020874
0.4350539743900299
0.49476370215415955
0.5417308211326599
0.5860661268234253
0.3197975754737854
0.38510483503341675
0.4593827724456787
0.5239028334617615
0.5739478468894958
0.35835331678390503
0.4476736783981323
0.5121225714683533
0.5508440732955933
0.5889967083930969
0.2238331139087677
0.2763659656047821
0.3382464051246643
0.4352964460849762
0.562027633190155
0.29531967639923096
0.3817685544490814
0.48257097601890564
0.5851053595542908
0.6805264949798584
0.31729722023010254
0.40204498171806335
0.5099087953567505
0.6201072335243225
0.677088737487793
0.3088904023170471
0.42512017488479614
0.5542824268341064
0.6609702706336975
0.7077534198760986
0.206417515873909
0.2584335505962372
0.3184032440185547
0.4025537073612213
0.5004196166992188
0.2409874051809311
0.2864370048046112
0.3605562746524811
0.4515629708766937
0.5628978610038757
0.26862773299217224
0.3510579466819763
0.4487382769584656
0.5529099106788635
0.6431964039802551
0.21720539033412933
0.2620142102241516
0.332374632358551
0.4266110360622406
0.5197884440422058
0.2806723713874817
0.3604305684566498
0.463052362203598
0.5637396574020386
0.641952395439148
0.2944847345352173
0.38588747382164
0.49735715985298157
0.6074433922767639
0.6802526116371155
0.249601811170578
0.30602970719337463
0.38081106543540955
0.4751769006252289
0.5901058316230774
0.3027505576610565
0.39356499910354614
0.48805779218673706
0.5826174020767212
0.6594268679618835
0.2201928049325943
0.25918489694595337
0.31433144211769104
0.384713739156723
0.47350266575813293
0.22938531637191772
0.28142881393432617
0.35616639256477356
0.45322826504707336
0.5757358074188232
0.28833502531051636
0.3713199496269226
0.4747714400291443
0.6103601455688477
0.6905632615089417
0.29642388224601746
0.3789410889148712
0.496807724237442
0.5968990325927734
0.6714449524879456
0.27263250946998596
0.36350908875465393
0.4594362676143646
0.5794187784194946
0.6652606129646301
0.23582524061203003
0.29083433747291565
0.3635261654853821
0.4609147012233734
0.5876990556716919
0.24162788689136505
0.30296334624290466
0.38757434487342834
0.4944468140602112
0.6060680747032166
0.26340633630752563
0.3357613682746887
0.4188767075538635
0.5327799320220947
0.6340054869651794
0.242206871509552
0.2896701991558075
0.3629547953605652
0.46460527181625366
0.5786690711975098
0.25393515825271606
0.31362777948379517
0.39714547991752625
0.5025463104248047
0.6063860654830933
0.30123963952064514
0.40479931235313416
0.509738564491272
0.600493848323822
0.6652052402496338
0.2538807690143585
0.31959718465805054
0.396729439496994
0.5038334727287292
0.6120100617408752
0.19057345390319824
0.23312866687774658
0.27191004157066345
0.32311904430389404
0.3939596116542816
0.3325756788253784
0.3950294852256775
0.47875168919563293
0.5583977699279785
0.6279861927032471
0.3988204896450043
0.47228699922561646
0.5523486137390137
0.6320850849151611
0.6924217939376831
0.4211440086364746
0.4951363503932953
0.5613956451416016
0.6202491521835327
0.6835007071495056
0.42175737023353577
0.5008755326271057
0.5848537683486938
0.6404141783714294
0.7124831080436707
0.288790762424469
0.36072680354118347
0.4228811264038086
0.5127873420715332
0.6135216355323792
0.34771639108657837
0.40539541840553284
0.4805516004562378
0.5536333918571472
0.6305429339408875
0.35809051990509033
0.428476482629776
0.5079968571662903
0.5741016864776611
0.6572349667549133
0.3136507570743561
0.38012585043907166
0.45208486914634705
0.5352674722671509
0.6111685633659363
0.4153810739517212
0.4821987748146057
0.5513039827346802
0.6053252816200256
0.6854069232940674
0.4032292664051056
0.49215203523635864
0.560450553894043
0.630431056022644
0.7088872790336609
0.3495981693267822
0.41671404242515564
0.49724045395851135
0.5736770629882812
0.6538653373718262
0.4107215106487274
0.4765790104866028
0.5492913126945496
0.6173573136329651
0.7079409956932068
0.3266867697238922
0.3889060318470001
0.4540706276893616
0.5258675217628479
0.6017475724220276
0.32811975479125977
0.39657336473464966
0.47722166776657104
0.5658242702484131
0.6453348994255066
0.3963335454463959
0.47225040197372437
0.5647177696228027
0.6323027610778809
0.684289276599884
0.4207637906074524
0.4926488995552063
0.5590168833732605
0.6181979775428772
0.7178857922554016
0.3843229115009308
0.4701921045780182
0.5367549657821655
0.6051338315010071
0.6709365844726562
0.3369205594062805
0.40707647800445557
0.4893183410167694
0.5863302946090698
0.6731175184249878
0.34188780188560486
0.4081449806690216
0.48961612582206726
0.5728720426559448
0.65896075963974
0.34838369488716125
0.41927289962768555
0.4871109426021576
0.5514717698097229
0.6153357028961182
0.3494599759578705
0.4133695960044861
0.5004208087921143
0.5718241930007935
0.6366546750068665
0.35806113481521606
0.426981121301651
0.5020681619644165
0.5845426321029663
0.6653178930282593
0.4021664261817932
0.4680715501308441
0.5336254239082336
0.5944191217422485
0.6639715433120728
0.35232505202293396
0.4322552978992462
0.5116749405860901
0.5876733064651489
0.662924587726593
0.2999959886074066
0.3749140202999115
0.36359867453575134
0.5191194415092468
0.557236909866333
0.3180645704269409
0.3813309967517853
0.47193777561187744
0.5473153591156006
0.6498426198959351
0.335938423871994
0.4023171663284302
0.48041048645973206
0.5511170625686646
0.698618471622467
0.3293510377407074
0.3861883878707886
0.44886651635169983
0.5484302639961243
0.593335747718811
0.3380303978919983
0.4031442403793335
0.4816780686378479
0.5368507504463196
0.68243807554245
0.22749553620815277
0.28291693329811096
0.3549540936946869
0.45533299446105957
0.5367851257324219
0.31326737999916077
0.37728556990623474
0.47330498695373535
0.516288697719574
0.587684154510498
0.28331491351127625
0.3409043550491333
0.4182153046131134
0.4882867634296417
0.6192299723625183
0.2867313027381897
0.3539448380470276
0.41130924224853516
0.5093744993209839
0.566477358341217
0.3342892825603485
0.4102746844291687
0.45930245518684387
0.5472927689552307
0.6095443367958069
0.31753888726234436
0.4078175723552704
0.4681814908981323
0.5232099890708923
0.5885763168334961
0.2899740934371948
0.35464537143707275
0.4501071274280548
0.5428003668785095
0.6183602809906006
0.33153510093688965
0.3885231912136078
0.46553945541381836
0.5688791275024414
0.6426036357879639
0.3167722523212433
0.3850701153278351
0.4785071909427643
0.561733067035675
0.6310907602310181
0.25475943088531494
0.31244128942489624
0.36931291222572327
0.489920049905777
0.5674063563346863
0.3098915219306946
0.37748822569847107
0.458805650472641
0.5368255376815796
0.5956524610519409
0.37310752272605896
0.4143823981285095
0.48467129468917847
0.5506650805473328
0.6310252547264099
0.3425391614437103
0.4103161692619324
0.538223385810852
0.5781717300415039
0.6362499594688416
0.2786642014980316
0.3567865788936615
0.4585488736629486
0.5591537952423096
0.6298147439956665
0.27977049350738525
0.34203481674194336
0.4299798607826233
0.49823829531669617
0.6199735403060913
0.3375946581363678
0.3801301419734955
0.4511002004146576
0.49340957403182983
0.5657966136932373
0.33427664637565613
0.38825467228889465
0.4527277648448944
0.5144742727279663
0.5626791715621948
0.30154410004615784
0.36440685391426086
0.43271780014038086
0.5129268765449524
0.599816083908081
0.3077436685562134
0.3685362637042999
0.44662827253341675
0.49879708886146545
0.5686809420585632
0.29416224360466003
0.351786345243454
0.4801715016365051
0.5893607139587402
0.6411177515983582
0.28116801381111145
0.38017475605010986
0.43156617879867554
0.5012418627738953
0.5318689942359924
0.25793877243995667
0.3416314721107483
0.401883602142334
0.48243448138237
0.6557438373565674
0.2864621877670288
0.42045673727989197
0.6311048269271851
0.7281336188316345
0.7450259923934937
0.27524036169052124
0.39359796047210693
0.6049607992172241
0.6866360902786255
0.718921959400177
0.3403940796852112
0.49914973974227905
0.6483548283576965
0.6917105317115784
0.7508940696716309
0.2265479862689972
0.30274099111557007
0.3533797264099121
0.39358267188072205
0.4590572118759155
0.24478228390216827
0.3300381004810333
0.4105202555656433
0.4645882546901703
0.6744641661643982
0.2806321680545807
0.3886095881462097
0.4928938150405884
0.5437999963760376
0.6729549765586853
0.2329690307378769
0.31007590889930725
0.3694370985031128
0.4079175591468811
0.44990217685699463
0.2714651823043823
0.3544690012931824
0.44742900133132935
0.5213902592658997
0.6338522434234619
0.2981536388397217
0.4154154062271118
0.5398567318916321
0.6802741885185242
0.7326469421386719
0.2473825216293335
0.32580339908599854
0.38384634256362915
0.47714170813560486
0.6439127326011658
0.26352956891059875
0.3713913559913635
0.48290571570396423
0.6133865118026733
0.7119182348251343
0.22739702463150024
0.30372241139411926
0.3579653203487396
0.39439234137535095
0.47003310918807983
0.2384648323059082
0.32060423493385315
0.39768269658088684
0.44530120491981506
0.5978479385375977
0.28388094902038574
0.3933132588863373
0.5251192450523376
0.6021621227264404
0.6789629459381104
0.3118598759174347
0.49623245000839233
0.6827996969223022
0.7275782823562622
0.7363741397857666
0.3107649087905884
0.3950370252132416
0.5340619087219238
0.6479100584983826
0.7293897867202759
0.2399621456861496
0.31753337383270264
0.36943361163139343
0.45158126950263977
0.569406270980835
0.22896800935268402
0.3042934834957123
0.3562721610069275
0.3980375826358795
0.46918830275535583
0.2677454650402069
0.350178062915802
0.44204971194267273
0.5098182559013367
0.6399571299552917
0.2637157440185547
0.3499227464199066
0.4361357092857361
0.49040278792381287
0.6258748173713684
0.23859179019927979
0.31706514954566956
0.409100741147995
0.5106284618377686
0.6933004260063171
0.2762395739555359
0.37554556131362915
0.46989938616752625
0.5578365921974182
0.6595216393470764
0.26452377438545227
0.36110198497772217
0.44665658473968506
0.5064003467559814
0.6909276843070984
0.15231293439865112
0.20525774359703064
0.2555810213088989
0.29312005639076233
0.3240863084793091
0.32603493332862854
0.4175938665866852
0.5098039507865906
0.6085509061813354
0.7117109298706055
0.39790016412734985
0.5085395574569702
0.6428384184837341
0.7313291430473328
0.7549231648445129
0.4342779815196991
0.5472791790962219
0.6539315581321716
0.7122124433517456
0.7473930716514587
0.46918556094169617
0.5998924970626831
0.6791027188301086
0.7313212156295776
0.7591282725334167
0.27461862564086914
0.3403448760509491
0.41875240206718445
0.5234508514404297
0.6454929113388062
0.3302721381187439
0.40094754099845886
0.5050566792488098
0.6062144637107849
0.7246292233467102
0.35930052399635315
0.458810955286026
0.5728952288627625
0.6675775051116943
0.7305359244346619
0.29907748103141785
0.37134167551994324
0.4507087469100952
0.5458654165267944
0.6316884756088257
0.3766203224658966
0.47237178683280945
0.5776064991950989
0.6678882241249084
0.7283881902694702
0.39604973793029785
0.5000824332237244
0.6204390525817871
0.712228536605835
0.749600887298584
0.3251881003379822
0.4095667600631714
0.512178897857666
0.6354659199714661
0.7306734323501587
0.42235907912254333
0.5155676007270813
0.6463977694511414
0.7232052683830261
0.7454606890678406
0.3193085789680481
0.3762111961841583
0.452701598405838
0.5282107591629028
0.6228523850440979
0.29559949040412903
0.37419217824935913
0.47265398502349854
0.5794035792350769
0.7056949734687805
0.40114742517471313
0.5287382006645203
0.6341115832328796
0.7127222418785095
0.7485142946243286
0.4196006655693054
0.5399152040481567
0.652040958404541
0.7308593392372131
0.7368196845054626
0.3952760100364685
0.47508925199508667
0.5955535769462585
0.7013230323791504
0.7554749846458435
0.30338436365127563
0.3824368417263031
0.48500680923461914
0.6097647547721863
0.7197251915931702
0.33731600642204285
0.43104416131973267
0.5294867753982544
0.6357016563415527
0.7045518755912781
0.3507542908191681
0.43462517857551575
0.547378659248352
0.6611109375953674
0.7205044031143188
0.32105693221092224
0.39515164494514465
0.49248385429382324
0.6086826920509338
0.715823769569397
0.34573546051979065
0.4292566180229187
0.5404812097549438
0.6608822345733643
0.7453677654266357
0.40477174520492554
0.4862191677093506
0.5848057270050049
0.6784535646438599
0.7432906031608582
0.3351181149482727
0.43101608753204346
0.5162203907966614
0.6423605680465698
0.7401888966560364
0.24059167504310608
0.29300132393836975
0.36880192160606384
0.4807587265968323
0.5774341821670532
