0.2787066400051117
0.34596914052963257
0.42767632007598877
0.5012125372886658
0.5708729028701782
0.31338444352149963
0.387265682220459
0.46872052550315857
0.5485925674438477
0.6263394355773926
0.3501198887825012
0.44422003626823425
0.5387527942657471
0.600284993648529
0.6455996632575989
0.3341331481933594
0.4213757812976837
0.5074403285980225
0.5748026967048645
0.6399980783462524
0.26229575276374817
0.3222847580909729
0.39528167247772217
0.4822654724121094
0.578052818775177
0.2852543592453003
0.35856202244758606
0.43327322602272034
0.5036957859992981
0.5711809992790222
0.30266106128692627
0.38474905490875244
0.48237767815589905
0.5659657120704651
0.6409517526626587
0.27621990442276
0.3380996584892273
0.4155311584472656
0.4962739646434784
0.5745598077774048
0.3463112711906433
0.44726428389549255
0.5363197922706604
0.6013330221176147
0.6482204794883728
0.3328346908092499
0.4216741919517517
0.5107436180114746
0.5832963585853577
0.6456769108772278
0.30417490005493164
0.3827967047691345
0.46464356780052185
0.5343641042709351
0.6093404293060303
0.32246777415275574
0.39981070160865784
0.4779892861843109
0.5496940612792969
0.6171624064445496
0.25624677538871765
0.30822691321372986
0.3682582974433899
0.4314752221107483
0.5004345774650574
0.2789921760559082
0.3437770903110504
0.42380619049072266
0.500423014163971
0.5861859917640686
0.33831560611724854
0.4321587085723877
0.5165945887565613
0.5756655931472778
0.637662947177887
0.3418016731739044
0.4237588047981262
0.5043279528617859
0.5594233274459839
0.6121861934661865
0.32741275429725647
0.41156205534935
0.5040993690490723
0.5676438808441162
0.6275398135185242
0.29309773445129395
0.36458882689476013
0.4412541091442108
0.511150598526001
0.5867233872413635
0.3072010278701782
0.38595032691955566
0.4668334722518921
0.5294800996780396
0.5985700488090515
0.2869269847869873
0.3698112964630127
0.46625182032585144
0.5781053900718689
0.6460784077644348
0.3175656199455261
0.40875959396362305
0.48851633071899414
0.5457357168197632
0.5960700511932373
0.30551302433013916
0.38490405678749084
0.463127464056015
0.5387693047523499
0.6053747534751892
0.35829341411590576
0.46713706851005554
0.5557361245155334
0.6064649820327759
0.6518603563308716
0.2995801568031311
0.3719165027141571
0.46473824977874756
0.5462349057197571
0.6284218430519104
0.306551992893219
0.39580658078193665
0.49592870473861694
0.5580618977546692
0.6078245043754578
0.24430713057518005
0.3002682626247406
0.3694046139717102
0.43016305565834045
0.4939350187778473
0.24212321639060974
0.2967310845851898
0.36633530259132385
0.438668429851532
0.5196090340614319
0.2620620131492615
0.3287665843963623
0.4168159067630768
0.5017784237861633
0.5675216913223267
0.2634955644607544
0.3305644094944
0.4063052833080292
0.4834001362323761
0.5574269890785217
0.22379864752292633
0.2686735987663269
0.32604509592056274
0.39824435114860535
0.4751998484134674
0.23628823459148407
0.2916381061077118
0.3583768606185913
0.4310804307460785
0.5003588795661926
0.23328797519207
0.2949826717376709
0.3694307506084442
0.45561665296554565
0.5414355993270874
0.23241952061653137
0.28067371249198914
0.3411512076854706
0.41230151057243347
0.48637551069259644
0.2597927153110504
0.3331288993358612
0.4190461039543152
0.509952962398529
0.5763000249862671
0.26046016812324524
0.3255935609340668
0.40426549315452576
0.4802330434322357
0.5518258213996887
0.24674265086650848
0.2973673939704895
0.36972105503082275
0.4426684081554413
0.5150768756866455
0.2616291344165802
0.3218690752983093
0.38935738801956177
0.4595094323158264
0.5345129370689392
0.22833405435085297
0.27303093671798706
0.3244044780731201
0.3833332359790802
0.4469240605831146
0.23695872724056244
0.289203941822052
0.3497588336467743
0.41239482164382935
0.4873208701610565
0.2618821859359741
0.33039796352386475
0.4106399416923523
0.4938679039478302
0.55843585729599
0.26401761174201965
0.3301478326320648
0.4088202714920044
0.47855159640312195
0.5452592372894287
0.2676697373390198
0.33238181471824646
0.40367916226387024
0.4790269434452057
0.5385536551475525
0.2417646050453186
0.29019835591316223
0.35884276032447815
0.4279792010784149
0.502010703086853
0.24185073375701904
0.2980297803878784
0.3756618797779083
0.4503960609436035
0.5155017375946045
0.23123174905776978
0.29067185521125793
0.3679567873477936
0.4579751789569855
0.5515971183776855
0.24404603242874146
0.3028229773044586
0.38604360818862915
0.46590590476989746
0.5311794877052307
0.2445308417081833
0.2986166179180145
0.36945390701293945
0.44788917899131775
0.5232250094413757
0.26796916127204895
0.3478958010673523
0.44032588601112366
0.5267565846443176
0.5889771580696106
0.2442215532064438
0.2978833019733429
0.36867648363113403
0.44406428933143616
0.5249379873275757
0.23741067945957184
0.3031427562236786
0.38535621762275696
0.4672204256057739
0.5343595743179321
0.4353204667568207
0.501652181148529
0.568129301071167
0.650377631187439
0.7282179594039917
0.46999481320381165
0.5494083166122437
0.6262053847312927
0.7027129530906677
0.7668502330780029
0.5213931798934937
0.590566873550415
0.6479365229606628
0.7067474126815796
0.7597506046295166
0.490781307220459
0.5563772916793823
0.6348696351051331
0.7007881999015808
0.7605063915252686
0.3903898000717163
0.4748851954936981
0.5592159032821655
0.6616387963294983
0.7513916492462158
0.4279806911945343
0.503453254699707
0.5812488794326782
0.6475765705108643
0.7217400074005127
0.45775797963142395
0.5409092307090759
0.619710385799408
0.697828471660614
0.7714117169380188
0.4104905128479004
0.48192498087882996
0.5681218504905701
0.6536555886268616
0.7413511276245117
0.5242848992347717
0.5973094701766968
0.6529919505119324
0.7069639563560486
0.7682802677154541
0.49655139446258545
0.5738877654075623
0.6444994807243347
0.7110807299613953
0.7736674547195435
0.4546807110309601
0.5330284237861633
0.6050573587417603
0.6811145544052124
0.7506221532821655
0.4686330556869507
0.5420790910720825
0.6140860915184021
0.6811575293540955
0.7427342534065247
0.38382622599601746
0.44715768098831177
0.5218819975852966
0.5976281762123108
0.6784763932228088
0.41946056485176086
0.4915671646595001
0.5840861797332764
0.6622822284698486
0.74698805809021
0.5009850859642029
0.5681864619255066
0.6359386444091797
0.6968815922737122
0.7548702359199524
0.4895849823951721
0.5512292385101318
0.6157917976379395
0.672459065914154
0.7360405325889587
0.4886425733566284
0.5497230291366577
0.607455313205719
0.6684771180152893
0.734839677810669
0.4294113516807556
0.5004256963729858
0.583285391330719
0.66461181640625
0.7382460236549377
0.4519016146659851
0.5215070247650146
0.5941205024719238
0.6674001216888428
0.7440621256828308
0.4742955267429352
0.565386176109314
0.6450639963150024
0.7044615149497986
0.759734034538269
0.48312908411026
0.5449779033660889
0.6069484949111938
0.670248806476593
0.7406668663024902
0.4588705599308014
0.5375181436538696
0.6064288020133972
0.6775108575820923
0.748545229434967
0.5243648290634155
0.5892202854156494
0.6423457264900208
0.6986793875694275
0.7564719319343567
0.4483965039253235
0.5322214961051941
0.6160470247268677
0.6975998878479004
0.7748980522155762
0.4807414412498474
0.5500887632369995
0.6069681644439697
0.658970057964325
0.7212743759155273
0.16146057844161987
0.19377698004245758
0.2345922440290451
0.28094926476478577
0.3483183979988098
0.17984335124492645
0.21793298423290253
0.26818156242370605
0.33710041642189026
0.4329126477241516
0.18271657824516296
0.22724774479866028
0.2808075547218323
0.35759595036506653
0.46127212047576904
0.18025138974189758
0.2189740389585495
0.2649984061717987
0.33422937989234924
0.4336860477924347
0.15914711356163025
0.19009433686733246
0.23168469965457916
0.28378769755363464
0.35419729351997375
0.16438032686710358
0.19555999338626862
0.23661859333515167
0.29120174050331116
0.35044434666633606
0.1637938916683197
0.20077462494373322
0.24702481925487518
0.3131377100944519
0.39635685086250305
0.16014985740184784
0.19042707979679108
0.23143576085567474
0.28509482741355896
0.3556661605834961
0.16699254512786865
0.2040359228849411
0.25551170110702515
0.3263804018497467
0.4170425236225128
0.184958815574646
0.21639414131641388
0.2624254822731018
0.3244907557964325
0.4061737656593323
0.17177699506282806
0.20186129212379456
0.24590227007865906
0.30323609709739685
0.3798210322856903
0.18059103190898895
0.21744005382061005
0.26977503299713135
0.3397397994995117
0.4282722771167755
0.15687483549118042
0.18071220815181732
0.21658465266227722
0.2586035430431366
0.31529906392097473
0.16455437242984772
0.19435924291610718
0.23556654155254364
0.2896665632724762
0.36207982897758484
0.20065687596797943
0.2401982694864273
0.2920404076576233
0.35958200693130493
0.44362032413482666
0.1706797331571579
0.20203469693660736
0.2475823163986206
0.30586156249046326
0.3790799379348755
0.17153562605381012
0.20210321247577667
0.24810108542442322
0.30917659401893616
0.3887990713119507
0.1642124503850937
0.1959725022315979
0.2367507964372635
0.28916966915130615
0.3575228154659271
0.15184718370437622
0.19683662056922913
0.24589228630065918
0.2953070402145386
0.3952566981315613
0.18822543323040009
0.22910654544830322
0.2845464050769806
0.3574933111667633
0.45112016797065735
0.1621355563402176
0.19423751533031464
0.23524312674999237
0.2896665632724762
0.3574952483177185
0.17840850353240967
0.21051162481307983
0.2590143084526062
0.3210230767726898
0.4016973376274109
0.16318735480308533
0.20049093663692474
0.24993520975112915
0.3151153028011322
0.39526093006134033
0.1693834364414215
0.2009361833333969
0.2430220991373062
0.2975808084011078
0.3663543462753296
0.17009583115577698
0.21277053654193878
0.2657220661640167
0.33223339915275574
0.40424394607543945
0.20467734336853027
0.2512575089931488
0.36067622900009155
0.4903779923915863
0.6215018033981323
0.23233425617218018
0.2889283001422882
0.4147540032863617
0.5522405505180359
0.6786931157112122
0.24182133376598358
0.31799304485321045
0.4820621907711029
0.601597011089325
0.6882795691490173
0.24073658883571625
0.30562901496887207
0.4521012306213379
0.5805500149726868
0.6843512058258057
0.2002764642238617
0.24436208605766296
0.347144216299057
0.4929168224334717
0.6661533117294312
0.21215027570724487
0.2629915177822113
0.3819498121738434
0.5071924924850464
0.6236515045166016
0.21516279876232147
0.2771194577217102
0.42271724343299866
0.570689857006073
0.6964365243911743
0.20504069328308105
0.2506188154220581
0.35861608386039734
0.4908462166786194
0.641254723072052
0.23894095420837402
0.31401360034942627
0.48085305094718933
0.604539155960083
0.6910752654075623
0.24178563058376312
0.3094988167285919
0.45643946528434753
0.5857834815979004
0.6986455321311951
0.2203347235918045
0.2759312391281128
0.4020753502845764
0.5379629135131836
0.6674929261207581
0.23609434068202972
0.29729875922203064
0.4264349341392517
0.5521857142448425
0.6670411825180054
0.1970975250005722
0.23481059074401855
0.3158174157142639
0.4234011173248291
0.5538303852081299
0.21108950674533844
0.2575836181640625
0.3628769814968109
0.4999503195285797
0.6502209305763245
0.24006526172161102
0.3117215931415558
0.46834468841552734
0.5883622765541077
0.6837038397789001
0.23675303161144257
0.3073374629020691
0.4552972912788391
0.5610962510108948
0.649727463722229
0.23061636090278625
0.29536905884742737
0.44225582480430603
0.574936032295227
0.672461748123169
0.2180248498916626
0.2707257568836212
0.39033985137939453
0.5154579281806946
0.6500021815299988
0.22155311703681946
0.2821250855922699
0.41584324836730957
0.5299513936042786
0.6511713266372681
0.20682893693447113
0.2660958766937256
0.41673120856285095
0.5922835469245911
0.6921298503875732
0.22663229703903198
0.29340624809265137
0.44048991799354553
0.5467827916145325
0.6440554261207581
0.22580555081367493
0.282635360956192
0.4133097529411316
0.5390057563781738
0.6570679545402527
0.25409266352653503
0.3372132182121277
0.5106337070465088
0.6099774241447449
0.6859877705574036
0.22025683522224426
0.2748173177242279
0.4036257565021515
0.550175666809082
0.6860156059265137
0.21223744750022888
0.2827978730201721
0.4405882656574249
0.5659830570220947
0.6622925996780396
0.29792359471321106
0.3651006817817688
0.43290412425994873
0.5087462663650513
0.5783886313438416
0.3511494994163513
0.45660531520843506
0.5506255030632019
0.6230290532112122
0.6853470802307129
0.3795522451400757
0.4607435464859009
0.5546456575393677
0.618563711643219
0.6734636425971985
0.33607804775238037
0.4626087546348572
0.5377079844474792
0.615577757358551
0.6776597499847412
0.29191917181015015
0.3654400706291199
0.4495076835155487
0.5407812595367432
0.6425545811653137
0.3531307876110077
0.4881807863712311
0.5437864065170288
0.5915175676345825
0.6390641331672668
0.3187408149242401
0.3907817006111145
0.47339048981666565
0.5668388605117798
0.6476517915725708
0.31385141611099243
0.4132203757762909
0.5090854167938232
0.5870410799980164
0.6732993721961975
0.3642948567867279
0.4616709351539612
0.5440294146537781
0.613854706287384
0.6639948487281799
0.32977649569511414
0.4527176320552826
0.5448709726333618
0.619750440120697
0.6838976144790649
0.3651680052280426
0.4359241724014282
0.5083938837051392
0.5731824636459351
0.6465927362442017
0.3583883047103882
0.48464158177375793
0.565062940120697
0.6171839833259583
0.675940990447998
0.26987314224243164
0.32494959235191345
0.39020320773124695
0.4587261974811554
0.5289013385772705
0.30687856674194336
0.4099024832248688
0.47732865810394287
0.5519557595252991
0.6369466185569763
0.4116210341453552
0.5080055594444275
0.5834507942199707
0.6339038610458374
0.6849004030227661
0.32761991024017334
0.4403723180294037
0.5115677714347839
0.5891132950782776
0.6387112736701965
0.3816295266151428
0.4843270778656006
0.5507464408874512
0.5944679975509644
0.6476075053215027
0.32169386744499207
0.4577389657497406
0.5229378938674927
0.5950987339019775
0.6606307625770569
0.3054145574569702
0.3832239508628845
0.46674486994743347
0.5378022789955139
0.6210719347000122
0.4902168810367584
0.6412320137023926
0.6844921708106995
0.71439528465271
0.7520793080329895
0.3150983452796936
0.40092724561691284
0.4900434613227844
0.5598589181900024
0.6154424548149109
0.3209517300128937
0.44077199697494507
0.5136476755142212
0.5839918851852417
0.6503916382789612
0.3802034258842468
0.4712936580181122
0.5620007514953613
0.6256020069122314
0.6757351756095886
0.2996768653392792
0.4085761308670044
0.4950762689113617
0.5729559063911438
0.6586198806762695
0.3647976815700531
0.44145333766937256
0.5222072005271912
0.5952375531196594
0.6515689492225647
0.3414573669433594
0.4043809175491333
0.48751354217529297
0.5647925734519958
0.6654393076896667
0.3789169490337372
0.4603050947189331
0.5641154050827026
0.6328549385070801
0.7076493501663208
0.45754462480545044
0.5488069653511047
0.6164131760597229
0.6650716066360474
0.7244175672531128
0.4501572847366333
0.5390206575393677
0.6248489618301392
0.7156189680099487
0.7850064039230347
0.31227949261665344
0.4134629964828491
0.5159673094749451
0.6310011744499207
0.7055427432060242
0.36889347434043884
0.4304215610027313
0.49403682351112366
0.566207230091095
0.6425684690475464
0.3697395622730255
0.46074941754341125
0.556907057762146
0.6499301791191101
0.7242224812507629
0.30601221323013306
0.39564934372901917
0.49243801832199097
0.5926243662834167
0.6842414140701294
0.4160429835319519
0.49574941396713257
0.5551751852035522
0.6522924900054932
0.7146396636962891
0.4431074261665344
0.5198156833648682
0.611534833908081
0.7102050185203552
0.7563318014144897
0.3545045554637909
0.46757379174232483
0.5422706604003906
0.645978569984436
0.7128087282180786
0.43753257393836975
0.49546730518341064
0.6113471984863281
0.6447540521621704
0.716305673122406
0.2730964124202728
0.34320783615112305
0.42821982502937317
0.5372616052627563
0.6716601252555847
0.3419628143310547
0.425404816865921
0.56410813331604
0.6537384390830994
0.7500219941139221
0.4605809450149536
0.5526989698410034
0.6000663638114929
0.6974745392799377
0.7709430456161499
0.4553499221801758
0.5260688662528992
0.6412410140037537
0.6946858167648315
0.7733319401741028
0.42169034481048584
0.5528727173805237
0.6598919630050659
0.7165539264678955
0.7779020667076111
0.34952324628829956
0.4435602128505707
0.5656638145446777
0.638241708278656
0.7167353630065918
0.3922137916088104
0.4786717891693115
0.5589266419410706
0.6303261518478394
0.7122470736503601
0.3535451889038086
0.4502125084400177
0.5435304641723633
0.6228395700454712
0.664921760559082
0.3647168278694153
0.47387728095054626
0.5237876772880554
0.6075456142425537
0.6924900412559509
0.36189889907836914
0.44880732893943787
0.5321663618087769
0.6131483912467957
0.7130959630012512
0.474391371011734
0.5936324596405029
0.683816134929657
0.7318134903907776
0.8072441816329956
0.37504202127456665
0.465421587228775
0.5785589218139648
0.6622438430786133
0.7615275382995605
0.5395723581314087
0.5809940099716187
0.6127526164054871
0.6550561189651489
0.6950240135192871
0.31697624921798706
0.4333612620830536
0.5835633873939514
0.7391815185546875
0.8288219571113586
0.30785608291625977
0.4181745946407318
0.5622714757919312
0.6959121823310852
0.7762616276741028
0.28053030371665955
0.37995466589927673
0.511330783367157
0.6478405594825745
0.748820424079895
0.2730978727340698
0.3690931797027588
0.4982500970363617
0.6275002360343933
0.7262755036354065
0.3324194848537445
0.4492765963077545
0.6081207394599915
0.7772436141967773
0.8881988525390625
0.32917776703834534
0.4412023425102234
0.5793209671974182
0.7169875502586365
0.8023204803466797
0.2698806822299957
0.36915192008018494
0.5116126537322998
0.6797448396682739
0.8331127166748047
0.3571990430355072
0.4905765950679779
0.6621186137199402
0.8069643378257751
0.8971490263938904
0.28736457228660583
0.39099276065826416
0.5319325923919678
0.6861466765403748
0.7996479868888855
0.29093897342681885
0.3969285488128662
0.5464752316474915
0.7039730548858643
0.7955756783485413
0.3216566741466522
0.4377536177635193
0.5892513394355774
0.7375501394271851
0.8223153352737427
0.31457918882369995
0.4257296025753021
0.5631216764450073
0.6927294135093689
0.7804269790649414
0.3151303827762604
0.42644232511520386
0.568392276763916
0.7026198506355286
0.7789396643638611
0.30361270904541016
0.4134891927242279
0.5648508667945862
0.7295106649398804
0.8354259133338928
0.28524163365364075
0.38307511806488037
0.5114115476608276
0.6504848599433899
0.7493283748626709
0.28821641206741333
0.39587363600730896
0.5316333174705505
0.6506869792938232
0.7211578488349915
0.2706928551197052
0.3658108115196228
0.5003430247306824
0.6515055298805237
0.7525365352630615
0.311913400888443
0.4265100061893463
0.5625997185707092
0.7047606110572815
0.8004270792007446
0.3228144943714142
0.4493372142314911
0.6155992150306702
0.7754129767417908
0.8631674647331238
0.3182212710380554
0.4236150085926056
0.5559279322624207
0.6997294425964355
0.8032487630844116
0.3113632798194885
0.42496615648269653
0.5740447044372559
0.7179413437843323
0.8112668395042419
0.30723363161087036
0.42041903734207153
0.5651713609695435
0.7108604311943054
0.7992626428604126
0.260500431060791
0.35452696681022644
0.48420068621635437
0.6335986852645874
0.7473548054695129
0.31367939710617065
0.4303246736526489
0.590268611907959
0.7487166523933411
0.8340370655059814
0.3659912645816803
0.5118017792701721
0.6785402297973633
0.8340879082679749
0.8939985632896423
0.3757065236568451
0.4761209785938263
0.604420006275177
0.701598048210144
0.8040542006492615
0.4312445819377899
0.5013396143913269
0.5993847250938416
0.6928766965866089
0.779708206653595
0.3581581711769104
0.4294157028198242
0.5219320058822632
0.632377564907074
0.7487441301345825
0.4222275912761688
0.4866679310798645
0.5666802525520325
0.657837450504303
0.7476829886436462
0.33205661177635193
0.40436118841171265
0.542119562625885
0.7136346101760864
0.8586639165878296
0.3504266142845154
0.42970678210258484
0.5524046421051025
0.6788227558135986
0.7881675958633423
0.312648206949234
0.38104650378227234
0.49844005703926086
0.6368136405944824
0.7858089804649353
0.36999332904815674
0.4395376741886139
0.5469760298728943
0.6844407916069031
0.8217393159866333
0.3470788896083832
0.41256892681121826
0.514899730682373
0.6290403008460999
0.7683661580085754
0.3914255201816559
0.462967187166214
0.573067307472229
0.702206015586853
0.805094301700592
0.38062912225723267
0.4569717347621918
0.5745766758918762
0.7056733965873718
0.8094676733016968
0.41828957200050354
0.4826089143753052
0.5775861740112305
0.6720348596572876
0.7565687894821167
0.34766122698783875
0.44025933742523193
0.5731001496315002
0.6895399689674377
0.7766135334968567
0.3785869777202606
0.45333898067474365
0.5730239748954773
0.6996883749961853
0.8152337074279785
0.3845759332180023
0.4467960000038147
0.5435928702354431
0.649850070476532
0.7473069429397583
0.3899466097354889
0.45636260509490967
0.5508462190628052
0.6545906066894531
0.7295162081718445
0.3711942434310913
0.43833425641059875
0.5314064621925354
0.6530871391296387
0.7605749368667603
0.3656684160232544
0.44067147374153137
0.5666473507881165
0.7148416042327881
0.7975295186042786
0.3576658368110657
0.4315117597579956
0.5329402089118958
0.6496365070343018
0.772016704082489
0.3210355341434479
0.38957327604293823
0.48492252826690674
0.6262352466583252
0.763799786567688
0.34492427110671997
0.41898247599601746
0.5313327312469482
0.6564272046089172
0.7796733379364014
0.3803254961967468
0.467875599861145
0.5720478892326355
0.67641282081604
0.7780209183692932
0.34939664602279663
0.41033464670181274
0.4973733723163605
0.6051070690155029
0.73906010389328
0.3712639808654785
0.4541069269180298
0.5818619728088379
0.7201589345932007
0.8255832195281982
0.23710596561431885
0.3074909746646881
0.4132002592086792
0.5738725066184998
0.7724912166595459
0.2590979039669037
0.32293012738227844
0.44199758768081665
0.6201504468917847
0.7539191246032715
0.28554093837738037
0.35667482018470764
0.49838075041770935
0.6788954734802246
0.7800007462501526
0.24597811698913574
0.3042263388633728
0.4462297260761261
0.6556764841079712
0.7783318161964417
0.2647062838077545
0.3275788426399231
0.4755483567714691
0.6704322695732117
0.8130640387535095
0.2851216495037079
0.3537203073501587
0.4920053482055664
0.688847541809082
0.822185754776001
0.26868125796318054
0.334420770406723
0.4533003568649292
0.6334270238876343
0.7566013336181641
0.261969655752182
0.322778582572937
0.45243245363235474
0.647826075553894
0.7742605805397034
0.2751180827617645
0.34122079610824585
0.4729264974594116
0.6511427164077759
0.7855454087257385
0.24898093938827515
0.31680476665496826
0.44625231623649597
0.6412714123725891
0.7629576921463013
0.258364737033844
0.3214704692363739
0.4605243504047394
0.6677659153938293
0.7856536507606506
0.2802615761756897
0.34645968675613403
0.47249335050582886
0.6544172763824463
0.8006283044815063
0.25828731060028076
0.32347583770751953
0.4577719569206238
0.6640182137489319
0.7838935852050781
0.2712782621383667
0.33960023522377014
0.4523753821849823
0.6120693683624268
0.7453756928443909
0.30044499039649963
0.374210000038147
0.5033141374588013
0.6852583289146423
0.8194885849952698
0.2658626139163971
0.33322998881340027
0.47079095244407654
0.6718873977661133
0.7865960597991943
0.25251859426498413
0.3103933334350586
0.44084441661834717
0.632754921913147
0.7568874955177307
0.2473217248916626
0.31068122386932373
0.43562406301498413
0.6234236359596252
0.7763984203338623
0.2870234251022339
0.35444000363349915
0.4930804669857025
0.6724134683609009
0.7910771369934082
0.25954872369766235
0.32384446263313293
0.4485573172569275
0.641585648059845
0.7793020606040955
0.24131356179714203
0.3022648096084595
0.41886454820632935
0.6128813028335571
0.7362251281738281
0.27747514843940735
0.34818142652511597
0.46785426139831543
0.6453766226768494
0.773012638092041
0.28649744391441345
0.3518887460231781
0.4759514331817627
0.6660931706428528
0.7928584814071655
0.24465462565422058
0.31103214621543884
0.4554566442966461
0.6564777493476868
0.8030465245246887
0.2850322127342224
0.34527885913848877
0.4802911877632141
0.665348470211029
0.783812940120697
0.28669238090515137
0.3219813406467438
0.4307507872581482
0.6089476346969604
0.7402769923210144
0.2728283107280731
0.3591145873069763
0.46318674087524414
0.6580790281295776
0.8387211561203003
0.39742085337638855
0.5630394220352173
0.7583675980567932
0.8432750701904297
0.8638623356819153
0.392078161239624
0.5997394323348999
0.7483137249946594
0.8384594321250916
0.8690871596336365
0.5168928503990173
0.6697972416877747
0.7658405303955078
0.8307260870933533
0.855533242225647
0.24995233118534088
0.34378504753112793
0.44364166259765625
0.6165797114372253
0.8113628625869751
0.28084903955459595
0.36831921339035034
0.4698221981525421
0.6511019468307495
0.827506422996521
0.3477778732776642
0.5059897899627686
0.6784847974777222
0.8064952492713928
0.8872831463813782
0.27941134572029114
0.378709077835083
0.4815923869609833
0.5775517225265503
0.7932989597320557
0.35508519411087036
0.45328807830810547
0.6388839483261108
0.791771650314331
0.8735476732254028
0.38280192017555237
0.5388951301574707
0.7096285820007324
0.8233213424682617
0.8704009056091309
0.3121689558029175
0.40264758467674255
0.5209611654281616
0.7502709627151489
0.8680317997932434
0.38974857330322266
0.5494481921195984
0.7391313314437866
0.8216360807418823
0.8560424447059631
0.21696706116199493
0.27904945611953735
0.3685707449913025
0.49984630942344666
0.7008105516433716
0.2775472104549408
0.3764895796775818
0.49893608689308167
0.7035113573074341
0.8565823435783386
0.38218939304351807
0.5837495923042297
0.7288566827774048
0.8172757029533386
0.8577062487602234
0.37799587845802307
0.5117607712745667
0.7097031474113464
0.7870712876319885
0.7998521327972412
0.3612673878669739
0.488405704498291
0.6804612874984741
0.7947403192520142
0.8443391919136047
0.2828397750854492
0.3717288076877594
0.5241268277168274
0.7239301204681396
0.8468376398086548
0.32205989956855774
0.41645121574401855
0.5229918360710144
0.6990607380867004
0.8423439860343933
0.34538373351097107
0.4520409107208252
0.6645222902297974
0.7870214581489563
0.85650235414505
0.30579131841659546
0.3962559998035431
0.5171346068382263
0.7109113931655884
0.8390242457389832
0.30756208300590515
0.4131300747394562
0.5872929096221924
0.7798195481300354
0.8708072900772095
0.40390440821647644
0.5698533654212952
0.7125080823898315
0.7973183393478394
0.8619436621665955
0.3281097412109375
0.43978092074394226
0.5859158039093018
0.7932575345039368
0.8837089538574219
0.2344747930765152
0.274564266204834
0.3284236788749695
0.40640339255332947
0.5156002044677734
0.3246666193008423
0.3428371548652649
0.49959930777549744
0.5686224102973938
0.6567227244377136
0.43456071615219116
0.4805648624897003
0.7282241582870483
0.7739229202270508
0.8386329412460327
0.4418739378452301
0.5277553796768188
0.74208003282547
0.7313656210899353
0.8157945275306702
0.411048024892807
0.5480867624282837
0.6340864896774292
0.7728894352912903
0.8052873015403748
0.33448606729507446
0.38811320066452026
0.4723976254463196
0.6821324229240417
0.7454702854156494
0.3176650404930115
0.4145335853099823
0.4750535786151886
0.5386897325515747
0.6197125315666199
0.4782281816005707
0.48362231254577637
0.588690459728241
0.724036455154419
0.8133906722068787
0.299733966588974
0.3751881718635559
0.4537499248981476
0.5821022987365723
0.6851375102996826
0.280816912651062
0.3509262502193451
0.5414983630180359
0.6827177405357361
0.7497929334640503
0.43635067343711853
0.39611944556236267
0.5413109660148621
0.6584383249282837
0.7928317785263062
0.31402596831321716
0.29247063398361206
0.5200785994529724
0.6329548358917236
0.7614631652832031
0.3846778869628906
0.5050534009933472
0.576046347618103
0.7149303555488586
0.6843175292015076
0.23434101045131683
0.33158597350120544
0.49309709668159485
0.4375274181365967
0.5185351371765137
0.2552105188369751
0.4482192099094391
0.6406306028366089
0.579860270023346
0.6990143656730652
0.4057241380214691
0.4767729341983795
0.6055145859718323
0.7376540303230286
0.8082426190376282
0.3271169066429138
0.39045780897140503
0.44248709082603455
0.662941575050354
0.7520899772644043
0.35022178292274475
0.4771328568458557
0.5197233557701111
0.6865028142929077
0.7937106490135193
0.3345049321651459
0.4757632911205292
0.5287054181098938
0.5741118788719177
0.7661092281341553
0.2738109230995178
0.38602229952812195
0.480823278427124
0.6180909872055054
0.6197911500930786
0.38921666145324707
0.45937690138816833
0.5492978692054749
0.6562756299972534
0.7765403985977173
0.35371237993240356
0.43540722131729126
0.39659202098846436
0.4878833293914795
0.7836798429489136
0.40221014618873596
0.4161798655986786
0.4699579179286957
0.5994571447372437
0.7753236889839172
0.43215158581733704
0.4801388680934906
0.5803450345993042
0.7081308960914612
0.8175877332687378
0.4348911643028259
0.3571655750274658
0.4302625358104706
0.6226668953895569
0.8099437952041626
0.30742695927619934
0.33159971237182617
0.5143157839775085
0.5427860021591187
0.5828595161437988
0.3034478425979614
0.5078930258750916
0.6103678941726685
0.6549791693687439
0.640489399433136
0.5013713836669922
0.5574970245361328
0.72688889503479
0.7501816153526306
0.7420228719711304
0.44550415873527527
0.6536034345626831
0.6530567407608032
0.8011505603790283
0.8671088218688965
0.5050828456878662
0.6506363153457642
0.7116804122924805
0.7153893113136292
0.831591784954071
0.377454549074173
0.44844850897789
0.5643349289894104
0.6945208311080933
0.8081877827644348
0.40549203753471375
0.37122341990470886
0.5462493896484375
0.6613003611564636
0.7126671075820923
0.4694044888019562
0.5774010419845581
0.7000100612640381
0.7845640182495117
0.8335740566253662
0.3592682480812073
0.5542565584182739
0.44573405385017395
0.639874279499054
0.7977449893951416
0.5158641338348389
0.633970320224762
0.7167564034461975
0.7734938859939575
0.7618942260742188
0.39002367854118347
0.6445227861404419
0.6905375719070435
0.8121870756149292
0.7911714315414429
0.5677413940429688
0.49554410576820374
0.6929343938827515
0.7336977124214172
0.7941266298294067
0.45379701256752014
0.48698535561561584
0.6564967036247253
0.7305477261543274
0.5579783916473389
0.2747444808483124
0.3179077208042145
0.47466713190078735
0.5262776613235474
0.667566180229187
0.49024292826652527
0.4114452600479126
0.6275195479393005
0.6957111954689026
0.7833541035652161
0.4183989465236664
0.5973899364471436
0.6762646436691284
0.744339108467102
0.8169945478439331
0.501074492931366
0.5976729989051819
0.5802032947540283
0.7137356400489807
0.6867103576660156
0.4465835690498352
0.4862130284309387
0.6789966821670532
0.7790699601173401
0.7573040723800659
0.5171899795532227
0.5161179900169373
0.529771625995636
0.6760349273681641
0.7628981471061707
0.3912963569164276
0.5189686417579651
0.5912864208221436
0.6875741481781006
0.8126371502876282
0.5069663524627686
0.6212221384048462
0.499620646238327
0.749584972858429
0.8386901021003723
0.4099680781364441
0.5259206891059875
0.6302395462989807
0.7255182266235352
0.7426623702049255
0.3704279661178589
0.5191885828971863
0.6131216883659363
0.7098215222358704
0.7879841923713684
0.45132771134376526
0.585832417011261
0.6758412718772888
0.7741260528564453
0.7789424657821655
0.4991767406463623
0.676716148853302
0.7285489439964294
0.7689636945724487
0.7583807706832886
0.44539621472358704
0.33616331219673157
0.5730940699577332
0.47756752371788025
0.6118115186691284
0.33278435468673706
0.35248732566833496
0.47769397497177124
0.5483453869819641
0.6205036044120789
0.4028555452823639
0.3319528102874756
0.47070175409317017
0.5265491604804993
0.6049420833587646
0.41510069370269775
0.3288792669773102
0.4364509582519531
0.49885961413383484
0.5949732065200806
0.4458834230899811
0.29569336771965027
0.415183961391449
0.47758573293685913
0.5772057771682739
0.33263328671455383
0.3928854763507843
0.5200504064559937
0.6048300266265869
0.6906144618988037
0.31767240166664124
0.34771430492401123
0.47603991627693176
0.5363009572029114
0.6039320230484009
0.3846839964389801
0.3364449143409729
0.47278279066085815
0.5603486895561218
0.625823438167572
0.33268284797668457
0.3907475471496582
0.537085771560669
0.6194380521774292
0.7009905576705933
0.3858610987663269
0.34722214937210083
0.4776698648929596
0.5774554014205933
0.6475148797035217
0.37858808040618896
0.36739274859428406
0.4785146713256836
0.5761377811431885
0.6247519850730896
0.34507954120635986
0.3942343294620514
0.506015419960022
0.5925575494766235
0.6546897292137146
0.3957287073135376
0.3337688148021698
0.45113539695739746
0.518642246723175
0.6085907816886902
0.2752673923969269
0.3728077709674835
0.4896722137928009
0.5350476503372192
0.617186427116394
0.3460513949394226
0.3795106112957001
0.5311442613601685
0.6318569779396057
0.7068290710449219
0.37656891345977783
0.32064536213874817
0.44276851415634155
0.49264422059059143
0.5825768709182739
0.3578387200832367
0.30526095628738403
0.38884463906288147
0.4854803681373596
0.5339204668998718
0.35921958088874817
0.35116511583328247
0.4590221345424652
0.5354458093643188
0.6057690382003784
0.3134276270866394
0.34745198488235474
0.47938528656959534
0.5513396859169006
0.6228610873222351
0.33916914463043213
0.38483041524887085
0.48255518078804016
0.5519263744354248
0.6225652098655701
0.3513053357601166
0.3874426484107971
0.5192907452583313
0.6044415235519409
0.6554257869720459
0.3134448528289795
0.3565332293510437
0.4672008752822876
0.5674321055412292
0.632979691028595
0.3499096930027008
0.35895055532455444
0.46415019035339355
0.5794592499732971
0.6534531116485596
0.3475794196128845
0.33025991916656494
0.4248179793357849
0.5142984390258789
0.594810962677002
0.36191868782043457
0.35238343477249146
0.47346529364585876
0.5571579337120056
0.6243080496788025
0.31015315651893616
0.39800623059272766
0.4538719058036804
0.540360689163208
0.5941773653030396
0.6382928490638733
0.6155577301979065
0.5941570401191711
0.5482816696166992
0.4906984865665436
0.6225204467773438
0.6267162561416626
0.6122884750366211
0.5951287746429443
0.5275984406471252
0.663330078125
0.6435222029685974
0.6125609874725342
0.5858398079872131
0.512363076210022
0.5981085896492004
0.5945059061050415
0.5827109813690186
0.5702547430992126
0.5063468217849731
0.6513227224349976
0.6330924034118652
0.6022148132324219
0.5584671497344971
0.5162369012832642
0.6190066933631897
0.6068620681762695
0.5700950622558594
0.5447899699211121
0.49122148752212524
0.6079320311546326
0.6017988920211792
0.587466299533844
0.5472242832183838
0.5001475811004639
0.6301361322402954
0.621008038520813
0.589108407497406
0.5489090085029602
0.4955563545227051
0.6308308839797974
0.6177449822425842
0.5847010612487793
0.5491732358932495
0.46546670794487
0.6136807203292847
0.598216712474823
0.5776008367538452
0.5456339120864868
0.48392558097839355
0.604607343673706
0.5998600125312805
0.5793834924697876
0.5469533801078796
0.5342166423797607
0.6427760720252991
0.6332527995109558
0.6110782623291016
0.5632363557815552
0.5382673740386963
0.5693716406822205
0.5779192447662354
0.5735152959823608
0.530362606048584
0.527190625667572
0.6240060925483704
0.612052857875824
0.5962678790092468
0.5623335242271423
0.5125718712806702
0.6284654140472412
0.6261306405067444
0.6001803278923035
0.5592211484909058
0.4904192388057709
0.5654959082603455
0.553249716758728
0.5389536023139954
0.5177387595176697
0.5066208243370056
0.5931866765022278
0.5873706340789795
0.5614311695098877
0.5319099426269531
0.517206609249115
0.6335514187812805
0.6258944869041443
0.6038692593574524
0.5714888572692871
0.5188446640968323
0.621269702911377
0.6075104475021362
0.5827516317367554
0.553687572479248
0.5264436602592468
0.6807085871696472
0.65208899974823
0.6174543499946594
0.5782222151756287
0.5143454670906067
0.6242071986198425
0.5981704592704773
0.5819554924964905
0.5402829647064209
0.5087754726409912
0.6423003673553467
0.6273024082183838
0.6006022095680237
0.5637428164482117
0.5008630752563477
0.6532217860221863
0.6189966201782227
0.5943254232406616
0.5550371408462524
0.5231667160987854
0.5735138654708862
0.5588193535804749
0.5392550230026245
0.5194442272186279
0.5092108249664307
0.6507106423377991
0.6235366463661194
0.5927150845527649
0.556990921497345
0.5225706100463867
0.09701076149940491
0.1229637861251831
0.18716762959957123
0.21099139750003815
0.33740487694740295
0.11010582745075226
0.1423587054014206
0.2384144365787506
0.24491378664970398
0.41752156615257263
0.11764435470104218
0.1852170079946518
0.22646357119083405
0.3228451609611511
0.3782210946083069
0.10749166458845139
0.1308831125497818
0.22967778146266937
0.2259370982646942
0.40521982312202454
0.11235740780830383
0.1613117754459381
0.2852786183357239
0.28752532601356506
0.5105406045913696
0.0971735492348671
0.2197374701499939
0.18554875254631042
0.3326932489871979
0.30801689624786377
0.09885085374116898
0.13497887551784515
0.2052302211523056
0.24590426683425903
0.35487601161003113
0.09746452420949936
0.21614132821559906
0.18702217936515808
0.3896619379520416
0.3458676040172577
0.09736783057451248
0.13214054703712463
0.17867007851600647
0.24195773899555206
0.28121063113212585
0.09772101044654846
0.17547424137592316
0.18114449083805084
0.3071480393409729
0.31553977727890015
0.10194212198257446
0.1342337280511856
0.28916478157043457
0.23999223113059998
0.4635380506515503
0.09736783057451248
0.21386127173900604
0.17755834758281708
0.3524833023548126
0.26714250445365906
0.09816503524780273
0.19414405524730682
0.18766048550605774
0.33415526151657104
0.3244139850139618
0.10579653084278107
0.14132525026798248
0.21001245081424713
0.26344040036201477
0.38533687591552734
0.1283804327249527
0.18357430398464203
0.3515602648258209
0.2846183180809021
0.5455420017242432
0.0964842438697815
0.18590188026428223
0.1783822923898697
0.3359609544277191
0.27695783972740173
0.111550472676754
0.14614896476268768
0.36207494139671326
0.2426903396844864
0.4699956178665161
0.10556931048631668
0.1619044840335846
0.2546139061450958
0.2839921712875366
0.4994029104709625
0.09964340180158615
0.16060473024845123
0.1948518604040146
0.30017319321632385
0.33737653493881226
0.10380324721336365
0.19272546470165253
0.23684701323509216
0.31255441904067993
0.4214780330657959
0.09571194648742676
0.1810743361711502
0.1811695247888565
0.30757325887680054
0.3267475664615631
0.09671565890312195
0.18469005823135376
0.180408775806427
0.34177300333976746
0.2911694049835205
0.13243652880191803
0.2051992565393448
0.22848619520664215
0.3630227744579315
0.3229406177997589
0.09707597643136978
0.1452338695526123
0.17809836566448212
0.25412705540657043
0.2623565196990967
0.16195359826087952
0.1867348551750183
0.2858177721500397
0.3256499171257019
0.4041164815425873
0.23493441939353943
0.314273476600647
0.38245612382888794
0.4494554102420807
0.5696083903312683
0.2592921257019043
0.3543972074985504
0.42090561985969543
0.4970540404319763
0.6177688241004944
0.25513729453086853
0.3622894883155823
0.41226306557655334
0.4988560080528259
0.6015820503234863
0.26367855072021484
0.3490215837955475
0.42576736211776733
0.48865246772766113
0.620664119720459
0.27255934476852417
0.37379440665245056
0.44004762172698975
0.5270189642906189
0.6430472731590271
0.23688052594661713
0.35101383924484253
0.3833513557910919
0.4716774523258209
0.5603328347206116
0.25867384672164917
0.3492395877838135
0.4194413721561432
0.491843581199646
0.6186098456382751
0.25895965099334717
0.3695826530456543
0.4231720566749573
0.5214918255805969
0.6240906119346619
0.25376096367836
0.34037917852401733
0.4097336530685425
0.47774094343185425
0.5990166068077087
0.2558986246585846
0.3468306064605713
0.41494283080101013
0.4877532422542572
0.6110081672668457
0.2487632930278778
0.33588486909866333
0.404827743768692
0.49088189005851746
0.602139413356781
0.2567812204360962
0.3519170582294464
0.4170054495334625
0.4859939515590668
0.6098796725273132
0.22128744423389435
0.34540584683418274
0.3570747673511505
0.46949365735054016
0.5278573632240295
0.26200762391090393
0.3470437824726105
0.427355021238327
0.49201762676239014
0.630151629447937
0.2607969641685486
0.3668355643749237
0.4202786386013031
0.5121339559555054
0.6090884804725647
0.2355870008468628
0.35090792179107666
0.3793620467185974
0.48568373918533325
0.5591296553611755
0.24000084400177002
0.3221190273761749
0.389438271522522
0.4854162931442261
0.5761620402336121
0.251530259847641
0.34740859270095825
0.408240407705307
0.49140259623527527
0.6005801558494568
0.252759724855423
0.3440675139427185
0.4102398157119751
0.48968756198883057
0.6060847640037537
0.24316267669200897
0.36608678102493286
0.39431312680244446
0.531809389591217
0.5814164280891418
0.2518244683742523
0.3442715108394623
0.40533968806266785
0.48801589012145996
0.5892624855041504
0.24883076548576355
0.3520442545413971
0.4036191403865814
0.4924801290035248
0.5949734449386597
0.26814004778862
0.38829749822616577
0.43224963545799255
0.5392090082168579
0.6244745254516602
0.2569825351238251
0.33867883682250977
0.4195263385772705
0.4777469038963318
0.6235964298248291
0.2656398415565491
0.33878856897354126
0.4278041124343872
0.4620296359062195
0.6309237480163574
0.3057189881801605
0.362224817276001
0.4307418167591095
0.4912644028663635
0.5076406002044678
0.23237691819667816
0.267203152179718
0.31947603821754456
0.3815454840660095
0.4441179633140564
0.23374302685260773
0.27930399775505066
0.333518385887146
0.40059107542037964
0.4845091998577118
0.28659936785697937
0.33730143308639526
0.39835888147354126
0.47305163741111755
0.544653058052063
0.3682430684566498
0.44187793135643005
0.5293150544166565
0.6311895847320557
0.6977272629737854
0.2834606468677521
0.34059518575668335
0.407879501581192
0.4811632037162781
0.5260478258132935
0.315605491399765
0.3798162341117859
0.4553511142730713
0.5446890592575073
0.6201779246330261
0.3694562613964081
0.44452279806137085
0.5205712914466858
0.5522674918174744
0.5832639932632446
0.32310593128204346
0.3884158730506897
0.4681089520454407
0.5509510636329651
0.5800343751907349
0.3891647756099701
0.4722541570663452
0.5172699689865112
0.525214433670044
0.5606847405433655
0.34817513823509216
0.41274937987327576
0.49941277503967285
0.5778874158859253
0.5855377316474915
0.2991238832473755
0.36093074083328247
0.429752916097641
0.5089343786239624
0.5580785870552063
0.3168288767337799
0.37773987650871277
0.4401456117630005
0.4895334243774414
0.5077446103096008
0.27019381523132324
0.32318803668022156
0.38802844285964966
0.46726080775260925
0.5672004818916321
0.3121670186519623
0.3733554482460022
0.443610817193985
0.5213867425918579
0.5858013033866882
0.3180343210697174
0.3775685727596283
0.44175654649734497
0.4721432328224182
0.5292810201644897
0.3866400122642517
0.43747735023498535
0.44634702801704407
0.4862319231033325
0.4947456419467926
0.3141973614692688
0.3791404664516449
0.4575074017047882
0.5500138998031616
0.6214824318885803
0.2865968346595764
0.34456929564476013
0.40915319323539734
0.4809320271015167
0.5267583131790161
0.2965191900730133
0.35663992166519165
0.42664965987205505
0.5050638318061829
0.5493609309196472
0.33270761370658875
0.3986940085887909
0.4763319790363312
0.5537096261978149
0.5755797624588013
0.3035587966442108
0.3611243963241577
0.4321594536304474
0.5144065022468567
0.5941029787063599
0.26433292031288147
0.3164170980453491
0.3810660243034363
0.4577445983886719
0.5445562601089478
0.3759547173976898
0.444787859916687
0.516087532043457
0.53208988904953
0.5675902962684631
0.27106866240501404
0.32041701674461365
0.3845036029815674
0.4611385464668274
0.5497907996177673
0.27492573857307434
0.3349013030529022
0.4061088263988495
0.4822641909122467
0.5650039315223694
0.3130973279476166
0.3870587944984436
0.4688079059123993
0.5557889938354492
0.6356175541877747
0.35133376717567444
0.44370633363723755
0.5311239957809448
0.6012057662010193
0.6590989828109741
0.3465832471847534
0.43539226055145264
0.5144575238227844
0.5839751362800598
0.6439172625541687
0.2707615792751312
0.3322494328022003
0.40692469477653503
0.4939361810684204
0.5863826274871826
0.3464491069316864
0.4097694456577301
0.4632686674594879
0.5094807147979736
0.5721931457519531
0.33702510595321655
0.41919994354248047
0.5049950480461121
0.5777841806411743
0.6456830501556396
0.29629096388816833
0.35344886779785156
0.42857274413108826
0.5024878978729248
0.5841711163520813
0.36947423219680786
0.46476858854293823
0.5367698669433594
0.5921971201896667
0.646243691444397
0.3553195297718048
0.4436623454093933
0.5234888195991516
0.59267258644104
0.6491225361824036
0.2867501378059387
0.36213600635528564
0.4372083842754364
0.5140056610107422
0.5975208282470703
0.3325996696949005
0.4065738916397095
0.47560760378837585
0.5422688126564026
0.6088091731071472
0.26120737195014954
0.31692808866500854
0.38137149810791016
0.44715577363967896
0.5158498287200928
0.3112908601760864
0.3735557794570923
0.4498541057109833
0.5283461809158325
0.6096106171607971
0.35169124603271484
0.4146063029766083
0.4796196520328522
0.554131269454956
0.618376612663269
0.3573315143585205
0.44665753841400146
0.5129827260971069
0.5672221183776855
0.6150020956993103
0.31579214334487915
0.38952505588531494
0.4657047688961029
0.5389665961265564
0.6060757637023926
0.2840619385242462
0.34923475980758667
0.42674317955970764
0.5064050555229187
0.5866386890411377
0.3103370666503906
0.38311558961868286
0.4652884006500244
0.5322021842002869
0.6015703082084656
0.3397952914237976
0.4443478286266327
0.533435046672821
0.5859881043434143
0.6265521049499512
0.3399810194969177
0.43171367049217224
0.5035334229469299
0.550341784954071
0.5994541645050049
0.3297460675239563
0.40775084495544434
0.47520512342453003
0.5356711745262146
0.6024577021598816
0.3690297305583954
0.46122249960899353
0.5435466170310974
0.6124077439308167
0.6624422073364258
0.30686628818511963
0.38646745681762695
0.4648056924343109
0.5500757098197937
0.6321715712547302
0.32627609372138977
0.4144425690174103
0.4812498986721039
0.5465097427368164
0.6069186925888062
0.21170346438884735
0.2608537971973419
0.32488512992858887
0.4352116882801056
0.5879433751106262
0.2635959982872009
0.3541841208934784
0.48831793665885925
0.6377713084220886
0.7485215663909912
0.2773599922657013
0.378912091255188
0.5229445099830627
0.6645582914352417
0.7721888422966003
0.28277820348739624
0.4146379828453064
0.583559513092041
0.7198836207389832
0.7942243814468384
0.2187073528766632
0.27429327368736267
0.34948816895484924
0.46038949489593506
0.6062738299369812
0.21742850542068481
0.26894986629486084
0.34134727716445923
0.4468238949775696
0.5970030426979065
0.2621641457080841
0.3513127863407135
0.49009841680526733
0.6477959752082825
0.7693701982498169
0.21330881118774414
0.2647574245929718
0.34121784567832947
0.4532656967639923
0.5832262635231018
0.25052258372306824
0.3349968492984772
0.4634522795677185
0.6009132862091064
0.7281185984611511
0.2699560225009918
0.36396244168281555
0.5087301731109619
0.6455707550048828
0.7474469542503357
0.23664550483226776
0.2953323423862457
0.3810026943683624
0.5067107081413269
0.6590227484703064
0.2658957540988922
0.3596683144569397
0.48657524585723877
0.6154499053955078
0.7302057147026062
0.19624081254005432
0.2360062599182129
0.28995347023010254
0.3548366129398346
0.4563409984111786
0.22413204610347748
0.27810949087142944
0.3663126826286316
0.48828941583633423
0.6523303389549255
0.25858810544013977
0.346455454826355
0.47543641924858093
0.6511062383651733
0.7724494338035583
0.24986673891544342
0.3314550817012787
0.4622592628002167
0.5883557796478271
0.6883059740066528
0.25541555881500244
0.33957093954086304
0.4677460193634033
0.6163303256034851
0.7346717119216919
0.224403515458107
0.28100666403770447
0.36313962936401367
0.4916260838508606
0.6602221131324768
0.22503742575645447
0.2925628125667572
0.39382344484329224
0.533218502998352
0.6760635375976562
0.24512776732444763
0.3267492949962616
0.4387320280075073
0.5962931513786316
0.7270864844322205
0.21554096043109894
0.26521962881088257
0.34579020738601685
0.4721294641494751
0.6322071552276611
0.22950094938278198
0.2893836200237274
0.3830087184906006
0.5224884152412415
0.6786869764328003
0.27943986654281616
0.4032394289970398
0.5447288751602173
0.6810755133628845
0.7749873995780945
0.24159841239452362
0.31226983666419983
0.4086296856403351
0.5600124597549438
0.6944025158882141
0.20171646773815155
0.242754727602005
0.29019349813461304
0.351036936044693
0.4361419379711151
0.31956014037132263
0.39115583896636963
0.48383766412734985
0.5887746810913086
0.6917333006858826
0.3860901892185211
0.48776495456695557
0.6018646359443665
0.7095468640327454
0.7891393303871155
0.3943861722946167
0.4896084666252136
0.603173017501831
0.6959589719772339
0.7937698364257812
0.4117094576358795
0.5169664025306702
0.6244620084762573
0.7056930065155029
0.8019217252731323
0.3204044997692108
0.40922218561172485
0.5080357789993286
0.6348284482955933
0.7687520384788513
0.33072489500045776
0.4021293520927429
0.48475149273872375
0.5803911685943604
0.691645622253418
0.36998581886291504
0.46246984601020813
0.574572741985321
0.6781367659568787
0.7934958338737488
0.31782227754592896
0.40222978591918945
0.49900662899017334
0.6064631938934326
0.7291156649589539
0.3700424134731293
0.46315237879753113
0.5839492678642273
0.673099935054779
0.7944648861885071
0.38873162865638733
0.49946630001068115
0.5950092673301697
0.6973994374275208
0.8100882172584534
0.35351860523223877
0.4382871687412262
0.5313398838043213
0.6423736810684204
0.7531838417053223
0.388621985912323
0.47890007495880127
0.5793187022209167
0.6786084771156311
0.7821779847145081
0.2985321879386902
0.3631017208099365
0.42952045798301697
0.5155379772186279
0.6245542764663696
0.33565089106559753
0.41346585750579834
0.5142251253128052
0.6267950534820557
0.7525938749313354
0.3873353898525238
0.48573392629623413
0.5969457030296326
0.7013561725616455
0.760590136051178
0.37227797508239746
0.46249455213546753
0.5549529790878296
0.6464606523513794
0.768729031085968
0.3725428879261017
0.46544697880744934
0.5579808354377747
0.6561307907104492
0.7494588494300842
0.33817800879478455
0.4224632680416107
0.5249219536781311
0.6453700065612793
0.7627878785133362
0.34116750955581665
0.4190213978290558
0.5234439373016357
0.6337886452674866
0.7477799654006958
0.3509581685066223
0.44178614020347595
0.5378422737121582
0.6333329677581787
0.7180854678153992
0.3312227427959442
0.40719249844551086
0.5112254023551941
0.6180944442749023
0.7205232977867126
0.34837254881858826
0.4363282322883606
0.5358879566192627
0.650871753692627
0.7627080082893372
0.39765772223472595
0.4905301034450531
0.6031493544578552
0.6815229058265686
0.774863064289093
0.3681522011756897
0.46014928817749023
0.5660441517829895
0.6695306301116943
0.7765098810195923
0.29840990900993347
0.3709515929222107
0.33899638056755066
0.5614442825317383
0.6456484198570251
0.3202052414417267
0.39203131198883057
0.49475836753845215
0.5684617161750793
0.7147253155708313
0.3389102816581726
0.4303702414035797
0.5213513970375061
0.6049447059631348
0.7905658483505249
0.27918294072151184
0.3595989942550659
0.45057249069213867
0.5987116694450378
0.6716969013214111
0.3236507177352905
0.4055933654308319
0.5040539503097534
0.5876492857933044
0.7673724889755249
0.2417709231376648
0.3151794373989105
0.40551769733428955
0.5343574285507202
0.6527553796768188
0.31073737144470215
0.3732796311378479
0.4944228529930115
0.5528672337532043
0.6340532898902893
0.2933066487312317
0.3723442852497101
0.47239360213279724
0.5815178155899048
0.7206745743751526
0.28801965713500977
0.3638409376144409
0.4557397663593292
0.5617135763168335
0.6411312222480774
0.3102194368839264
0.3943060040473938
0.48197951912879944
0.6035012006759644
0.6791288256645203
0.30167120695114136
0.4110693037509918
0.5079056024551392
0.5816580653190613
0.676028311252594
0.2826458513736725
0.3521733283996582
0.4783419072628021
0.5846765041351318
0.6965382099151611
0.31459149718284607
0.39786046743392944
0.4926096796989441
0.6147182583808899
0.7158427238464355
0.2755368947982788
0.34696856141090393
0.4560392200946808
0.5459041595458984
0.6391770243644714
0.24594418704509735
0.32029953598976135
0.39843377470970154
0.5548151135444641
0.6479108333587646
0.28397276997566223
0.36657440662384033
0.47249385714530945
0.6031444072723389
0.6826048493385315
0.3303203880786896
0.3985288441181183
0.5086240768432617
0.5900629758834839
0.7073374390602112
0.3256601393222809
0.3980974853038788
0.5341041088104248
0.616348147392273
0.7110209465026855
0.2748544216156006
0.38310521841049194
0.4989773631095886
0.6193220615386963
0.7122741937637329
0.2911681532859802
0.3762073516845703
0.4648799002170563
0.5628445148468018
0.7132160067558289
0.3316521942615509
0.3966372013092041
0.4930952191352844
0.5710425972938538
0.6621953845024109
0.323140025138855
0.3980555236339569
0.4899786412715912
0.5756846070289612
0.6432824730873108
0.2890840172767639
0.37189945578575134
0.46322911977767944
0.5647498965263367
0.6738071441650391
0.29764699935913086
0.38347917795181274
0.4873731732368469
0.5679237246513367
0.66362464427948
0.28870102763175964
0.36798378825187683
0.5080045461654663
0.671458899974823
0.7419646978378296
0.3032636344432831
0.39789000153541565
0.4611411690711975
0.5259199738502502
0.586689829826355
0.3171761929988861
0.4266136586666107
0.5003926157951355
0.60245281457901
0.7853212356567383
0.34831422567367554
0.5046112537384033
0.7233871817588806
0.829439640045166
0.8485619425773621
0.328635573387146
0.47719693183898926
0.7047598958015442
0.8028018474578857
0.8491959571838379
0.38487541675567627
0.5697438716888428
0.7289613485336304
0.786655068397522
0.8386449217796326
0.29785311222076416
0.3933486044406891
0.45735302567481995
0.5089246034622192
0.6113653779029846
0.28942883014678955
0.38512423634529114
0.48801153898239136
0.5603116750717163
0.7852003574371338
0.33808064460754395
0.47090891003608704
0.5959441065788269
0.6670936346054077
0.8153740167617798
0.29312944412231445
0.3841131329536438
0.44945383071899414
0.4918893873691559
0.5418840050697327
0.33302852511405945
0.4231141209602356
0.5335931777954102
0.621329128742218
0.7829779982566833
0.31665340065956116
0.44716599583625793
0.6345180869102478
0.7894924879074097
0.8490384221076965
0.3112976849079132
0.4065247178077698
0.47567835450172424
0.6015799641609192
0.7817551493644714
0.31774139404296875
0.4443494379520416
0.5731766223907471
0.7270900011062622
0.8212313055992126
0.25216948986053467
0.33998847007751465
0.40430936217308044
0.4496386647224426
0.5687484741210938
0.29599371552467346
0.4005874693393707
0.5070282220840454
0.577627420425415
0.7552394866943359
0.3213478922843933
0.4369044601917267
0.5908990502357483
0.6896630525588989
0.7739773988723755
0.31473642587661743
0.5313686728477478
0.739338755607605
0.7809367775917053
0.7858856916427612
0.32658955454826355
0.4204217493534088
0.6085536479949951
0.7359126806259155
0.8243996500968933
0.2926691174507141
0.3834761083126068
0.4433392584323883
0.5464566946029663
0.6882768869400024
0.3016626238822937
0.3962545692920685
0.4587329626083374
0.5118117928504944
0.6261351108551025
0.3130347728729248
0.4022783935070038
0.5156749486923218
0.6077215671539307
0.7835967540740967
0.2990940511226654
0.3967028856277466
0.5094709992408752
0.5939173102378845
0.7590357661247253
0.2899765074253082
0.38421499729156494
0.5113932490348816
0.6211236119270325
0.816489577293396
0.32497620582580566
0.43915340304374695
0.5547061562538147
0.6746500134468079
0.7748262882232666
0.31275439262390137
0.41508975625038147
0.5250405073165894
0.6154478788375854
0.8377671837806702
0.20604786276817322
0.2736867070198059
0.32707479596138
0.3689255118370056
0.4106893241405487
0.32122430205345154
0.4127427935600281
0.537792980670929
0.6944320201873779
0.8256951570510864
0.4383298456668854
0.5876262187957764
0.7420236468315125
0.8238974809646606
0.8486502170562744
0.46202874183654785
0.5964261293411255
0.7455093264579773
0.8355708122253418
0.8665319681167603
0.5238451957702637
0.6584571003913879
0.7590121626853943
0.8232742547988892
0.8419098854064941
0.3154025375843048
0.40805584192276
0.5160020589828491
0.6611440181732178
0.8071091175079346
0.3359469771385193
0.4141899049282074
0.532781183719635
0.6750251650810242
0.8205660581588745
0.39524540305137634
0.5174838900566101
0.6753024458885193
0.8026772737503052
0.8788722157478333
0.323237806558609
0.4193646013736725
0.518422544002533
0.6480014324188232
0.7918775081634521
0.3827837109565735
0.5075870752334595
0.6611846089363098
0.7908868789672852
0.8608052730560303
0.4233109652996063
0.5440101027488708
0.7011711597442627
0.8221016526222229
0.8638943433761597
0.35105860233306885
0.45893073081970215
0.5866628289222717
0.745405375957489
0.8572589755058289
0.4397569000720978
0.565457820892334
0.7198943495750427
0.8159251809120178
0.8422042727470398
0.30180034041404724
0.36403289437294006
0.4575919806957245
0.547439455986023
0.6848716139793396
0.31514546275138855
0.4050099551677704
0.5300256013870239
0.6889213919639587
0.8528032898902893
0.4097134470939636
0.5653434991836548
0.7094866633415222
0.8033702373504639
0.857928454875946
0.41583719849586487
0.5476176738739014
0.7002581357955933
0.7780903577804565
0.7877389192581177
0.4148768186569214
0.5072281956672668
0.6498028635978699
0.7825253009796143
0.836690366268158
0.3211531341075897
0.42229241132736206
0.5637279152870178
0.7065899968147278
0.8313490748405457
0.3725581467151642
0.4844062328338623
0.6033197641372681
0.7317495942115784
0.8312657475471497
0.38955363631248474
0.4992947280406952
0.6325514912605286
0.782137930393219
0.856436014175415
0.3458690345287323
0.4415510594844818
0.5632529854774475
0.708973228931427
0.833381712436676
0.3488370180130005
0.4520789682865143
0.6042848825454712
0.7671468257904053
0.8651313185691833
0.43241095542907715
0.5392984747886658
0.6668477058410645
0.7887113690376282
0.8602349758148193
0.35874882340431213
0.48533642292022705
0.6065120100975037
0.7696837186813354
0.8740896582603455
0.27546176314353943
0.32528918981552124
0.41374361515045166
0.5463674664497375
0.7183164358139038
