0.239060640335083
0.29652032256126404
0.3657049238681793
0.42694374918937683
0.4866679310798645
0.2659604251384735
0.3280738592147827
0.3960403501987457
0.4624433219432831
0.527585506439209
0.2948327660560608
0.3730022609233856
0.45038506388664246
0.503972589969635
0.545753538608551
0.28360873460769653
0.3554684817790985
0.4266578257083893
0.4840477406978607
0.5407755970954895
0.2266603708267212
0.27849292755126953
0.34116455912590027
0.41564399003982544
0.4972960948944092
0.24197450280189514
0.3027782142162323
0.36501699686050415
0.42394107580184937
0.4823299050331116
0.25903308391571045
0.327759712934494
0.4091781973838806
0.47965165972709656
0.5449839234352112
0.2373107224702835
0.2897797226905823
0.3546355068683624
0.4238251745700836
0.4916379153728485
0.2920166552066803
0.37561342120170593
0.4493725001811981
0.505221962928772
0.5480308532714844
0.2818596363067627
0.35493898391723633
0.42841270565986633
0.49030929803848267
0.5446817874908447
0.258971631526947
0.32487913966178894
0.3924379050731659
0.45190778374671936
0.5155892968177795
0.27354782819747925
0.33842188119888306
0.404190331697464
0.46466708183288574
0.5225355625152588
0.21975988149642944
0.26333001255989075
0.31442832946777344
0.3679632544517517
0.42609503865242004
0.2394055724143982
0.29472073912620544
0.36278557777404785
0.4276158809661865
0.5005453824996948
0.2865351736545563
0.36360353231430054
0.43404003977775574
0.48453348875045776
0.5381947755813599
0.28686681389808655
0.3536984324455261
0.4203914403915405
0.467987596988678
0.5143672823905945
0.27745991945266724
0.3476772606372833
0.4236195683479309
0.4779887795448303
0.5295125842094421
0.24966095387935638
0.30862951278686523
0.3723538815975189
0.43240347504615784
0.4964773654937744
0.2602803409099579
0.3256780505180359
0.39279183745384216
0.44643333554267883
0.5064142942428589
0.24315647780895233
0.3127833306789398
0.39301446080207825
0.4841534197330475
0.5433583855628967
0.2678288519382477
0.34334078431129456
0.4094161093235016
0.45967739820480347
0.5042212009429932
0.26008325815200806
0.3263295292854309
0.39115485548973083
0.45445576310157776
0.5121733546257019
0.3021073341369629
0.39121711254119873
0.46473202109336853
0.5105646848678589
0.5518951416015625
0.2555028200149536
0.31636399030685425
0.3943420648574829
0.4628553092479706
0.532137930393219
0.25910472869873047
0.3339325785636902
0.4162083566188812
0.46972721815109253
0.514262318611145
0.21078209578990936
0.25836989283561707
0.31703922152519226
0.3685958683490753
0.4227654039859772
0.207077294588089
0.25327280163764954
0.3117664158344269
0.3726694583892822
0.439687043428421
0.2217087745666504
0.2776165008544922
0.35138586163520813
0.42216160893440247
0.4787725806236267
0.22459791600704193
0.280850350856781
0.34420090913772583
0.40731269121170044
0.47010689973831177
0.19417250156402588
0.2331450879573822
0.2823226749897003
0.343960702419281
0.41040298342704773
0.20165841281414032
0.24806608259677887
0.3042672574520111
0.36491522192955017
0.4229646921157837
0.2011595368385315
0.25338414311408997
0.31565994024276733
0.3879297077655792
0.4604356586933136
0.20061634480953217
0.24189481139183044
0.2934355139732361
0.35367390513420105
0.41691726446151733
0.22143545746803284
0.28241604566574097
0.353634774684906
0.429581880569458
0.4857747256755829
0.2223200500011444
0.27678051590919495
0.3420421779155731
0.4051705598831177
0.46598291397094727
0.21135778725147247
0.25444111227989197
0.315354585647583
0.3768322765827179
0.43801844120025635
0.22343707084655762
0.2742358148097992
0.3313312530517578
0.39002910256385803
0.45272377133369446
0.1962604969739914
0.23434561491012573
0.2784023582935333
0.3281664252281189
0.3814324736595154
0.20390267670154572
0.24837476015090942
0.2997317612171173
0.35318678617477417
0.4170357286930084
0.223191499710083
0.28032076358795166
0.3471589684486389
0.415926069021225
0.471256822347641
0.22373762726783752
0.27865463495254517
0.34379228949546814
0.4013928174972534
0.4581713378429413
0.2287796437740326
0.2828528583049774
0.3429836928844452
0.4056972563266754
0.4567491114139557
0.2067650407552719
0.24762731790542603
0.3048654794692993
0.3626229166984558
0.425381600856781
0.20667409896850586
0.25433656573295593
0.318494588136673
0.3802751302719116
0.43609312176704407
0.19773951172828674
0.24764686822891235
0.31242290139198303
0.38735446333885193
0.46399304270744324
0.20786011219024658
0.2570629119873047
0.3266749083995819
0.3933658301830292
0.4490438997745514
0.20940610766410828
0.25512656569480896
0.3147525191307068
0.3798045217990875
0.44366204738616943
0.22753843665122986
0.29343903064727783
0.36964693665504456
0.4417591989040375
0.49580949544906616
0.20974864065647125
0.25559884309768677
0.31516245007514954
0.3779672086238861
0.4464111030101776
0.20276671648025513
0.2575036883354187
0.32617422938346863
0.39492517709732056
0.45194247364997864
0.37152713537216187
0.42752665281295776
0.48407167196273804
0.5532615184783936
0.6203079223632812
0.39551451802253723
0.4613933861255646
0.5263980627059937
0.592173159122467
0.6490476131439209
0.4334689974784851
0.4925551116466522
0.5443499088287354
0.5984301567077637
0.6472430229187012
0.41243115067481995
0.4688941240310669
0.5351935029029846
0.5936424136161804
0.6461062431335449
0.3380882441997528
0.4097568094730377
0.4825727343559265
0.5698304772377014
0.6486502885818481
0.3596985340118408
0.4230230152606964
0.48842474818229675
0.545890212059021
0.6103471517562866
0.38812369108200073
0.4588578939437866
0.5266714096069336
0.5951588153839111
0.6604350209236145
0.3513486385345459
0.41222381591796875
0.48591139912605286
0.5597705841064453
0.6361028552055359
0.43573251366615295
0.4973163902759552
0.548158586025238
0.5982769727706909
0.6539216637611389
0.4155029058456421
0.47950199246406555
0.5412737131118774
0.600854218006134
0.6566787362098694
0.3838520050048828
0.449003130197525
0.5115812420845032
0.5772777199745178
0.638296902179718
0.39537957310676575
0.4565345346927643
0.5184987187385559
0.5774900913238525
0.631813108921051
0.3279678523540497
0.3813630938529968
0.44367846846580505
0.5071865320205688
0.5741251111030579
0.35803818702697754
0.4206385016441345
0.49883437156677246
0.5668741464614868
0.6406489014625549
0.4195701479911804
0.476036012172699
0.5350081920623779
0.5885471701622009
0.6402055025100708
0.4073139727115631
0.4597674012184143
0.5157485008239746
0.5658291578292847
0.6214301586151123
0.4112984240055084
0.4630509316921234
0.5136483311653137
0.5666493773460388
0.624190092086792
0.3637661039829254
0.42320626974105835
0.49390658736228943
0.5632619857788086
0.6267414093017578
0.37974271178245544
0.4391595125198364
0.5006709694862366
0.5645237565040588
0.6314319968223572
0.392069011926651
0.4681341350078583
0.5367125868797302
0.5917822122573853
0.643831729888916
0.4016256630420685
0.4546816051006317
0.5096234679222107
0.566547155380249
0.6289843916893005
0.38663190603256226
0.4520699977874756
0.5121708512306213
0.5732278227806091
0.636336088180542
0.43800103664398193
0.4947560131549835
0.5422464609146118
0.5928778052330017
0.6454001069068909
0.381069153547287
0.4509587287902832
0.522258460521698
0.5920405983924866
0.6591376066207886
0.40128907561302185
0.45951294898986816
0.510066568851471
0.5575358867645264
0.6139192581176758
0.13876579701900482
0.16651085019111633
0.2014840692281723
0.2411760687828064
0.2986743748188019
0.1539062261581421
0.18629907071590424
0.2287994921207428
0.2868505120277405
0.3668012022972107
0.15712882578372955
0.19527286291122437
0.24098315834999084
0.3060719668865204
0.3933184742927551
0.15523694455623627
0.1883770227432251
0.22767455875873566
0.28640174865722656
0.37000027298927307
0.13729310035705566
0.1639765501022339
0.19981184601783752
0.24467895925045013
0.3051227331161499
0.14086923003196716
0.16740664839744568
0.2022184431552887
0.2482021152973175
0.2977064251899719
0.14117728173732758
0.17281903326511383
0.21223433315753937
0.26835355162620544
0.3386220633983612
0.1386765092611313
0.16482771933078766
0.20019862055778503
0.2462768256664276
0.3065047860145569
0.14363223314285278
0.17528106272220612
0.21904195845127106
0.2785121202468872
0.3539726436138153
0.15775461494922638
0.18460969626903534
0.22386756539344788
0.2765972912311554
0.3454286456108093
0.1469721794128418
0.17263410985469818
0.21006059646606445
0.2584833800792694
0.32269787788391113
0.1556650996208191
0.18726740777492523
0.23193517327308655
0.2911837697029114
0.36543527245521545
0.1342337280511856
0.15455570816993713
0.18510447442531586
0.22077256441116333
0.2687484622001648
0.14199593663215637
0.16767260432243347
0.20309779047966003
0.24955597519874573
0.3115381896495819
0.17127546668052673
0.2050061672925949
0.24912314116954803
0.3064873218536377
0.37704333662986755
0.14615850150585175
0.17279016971588135
0.21125057339668274
0.26012206077575684
0.3208901882171631
0.14682181179523468
0.17285938560962677
0.2119193971157074
0.263547420501709
0.330265611410141
0.14134636521339417
0.1686743199825287
0.20363543927669525
0.24836312234401703
0.30627676844596863
0.13124042749404907
0.16950583457946777
0.21099139750003815
0.2523931562900543
0.33534154295921326
0.16175691783428192
0.19673900306224823
0.24407260119915009
0.3061656951904297
0.3852415680885315
0.13936394453048706
0.1668003648519516
0.2017671912908554
0.2480466365814209
0.30535852909088135
0.15345486998558044
0.1810743361711502
0.22264131903648376
0.2755722999572754
0.343764066696167
0.14082658290863037
0.1727439910173416
0.21472559869289398
0.26964661478996277
0.3365352153778076
0.1452435702085495
0.17214591801166534
0.2079593986272812
0.2541722357273102
0.3121301233768463
0.1487143337726593
0.18496820330619812
0.2295156866312027
0.28565022349357605
0.34798502922058105
0.17612090706825256
0.21594667434692383
0.30906063318252563
0.41858306527137756
0.5294030904769897
0.19799304008483887
0.24572834372520447
0.35114002227783203
0.46442022919654846
0.5709236860275269
0.20481251180171967
0.2682829201221466
0.4043318033218384
0.5054387450218201
0.5838531851768494
0.20538491010665894
0.2600562870502472
0.38108763098716736
0.48873183131217957
0.5790395140647888
0.173238605260849
0.2111811339855194
0.299509733915329
0.4242081940174103
0.5728398561477661
0.18053540587425232
0.22322624921798706
0.3222768306732178
0.42667341232299805
0.5272506475448608
0.18489761650562286
0.23722174763679504
0.35886746644973755
0.4834391176700592
0.5927332639694214
0.17649035155773163
0.2152910679578781
0.3064863085746765
0.4191363751888275
0.5492691397666931
0.20314039289951324
0.26577579975128174
0.40379205346107483
0.507339358329773
0.5854417085647583
0.2055872231721878
0.26223984360694885
0.38336482644081116
0.4919571578502655
0.5895920395851135
0.1886347234249115
0.2355983555316925
0.34121188521385193
0.45451903343200684
0.5657256245613098
0.2011631727218628
0.2525370419025421
0.36077985167503357
0.4663878083229065
0.565068781375885
0.16919314861297607
0.20140762627124786
0.2702929675579071
0.36099618673324585
0.47037625312805176
0.18175740540027618
0.22154764831066132
0.311167448759079
0.4270862936973572
0.5554234385490417
0.20467041432857513
0.26461827754974365
0.39370763301849365
0.4946739971637726
0.5777183175086975
0.20036160945892334
0.25882115960121155
0.37929144501686096
0.46894702315330505
0.5469074249267578
0.19669209420681
0.25093314051628113
0.372734397649765
0.48335763812065125
0.5686427354812622
0.18627603352069855
0.2305217832326889
0.3297542631626129
0.43473127484321594
0.549933910369873
0.1887543648481369
0.23936012387275696
0.350116491317749
0.44702568650245667
0.5518873929977417
0.17728647589683533
0.22731861472129822
0.3530747890472412
0.4956761598587036
0.5862245559692383
0.1921323835849762
0.2477250099182129
0.3695588707923889
0.4600147306919098
0.5465615391731262
0.19289572536945343
0.24071954190731049
0.34954318404197693
0.4543793499469757
0.5566964745521545
0.2154785692691803
0.28420907258987427
0.4259887635707855
0.5128549337387085
0.583126962184906
0.1884482055902481
0.23462216556072235
0.34295162558555603
0.46555885672569275
0.5818989872932434
0.1813744455575943
0.24024756252765656
0.3713742196559906
0.47710657119750977
0.5632092356681824
0.25412705540657043
0.3113172650337219
0.3700885772705078
0.4327707290649414
0.4933375418186188
0.29687246680259705
0.3836202919483185
0.4613829255104065
0.5222524404525757
0.576433539390564
0.31898555159568787
0.3868611752986908
0.4635617434978485
0.5186493992805481
0.5686642527580261
0.2858203053474426
0.3894180655479431
0.45213836431503296
0.5163581371307373
0.5714022517204285
0.2518690824508667
0.3155660629272461
0.38709449768066406
0.4651375412940979
0.5527235865592957
0.2933921813964844
0.4001425504684448
0.4491115212440491
0.49351590871810913
0.5380294322967529
0.27256226539611816
0.332937628030777
0.4025892913341522
0.4810328185558319
0.5503764152526855
0.268318235874176
0.3521377146244049
0.4330625534057617
0.49993306398391724
0.5749539732933044
0.30695414543151855
0.38641035556793213
0.4553202688694
0.5150681138038635
0.5606861114501953
0.2788146734237671
0.3801598846912384
0.4556378126144409
0.519903838634491
0.5760101675987244
0.3062911927700043
0.36632102727890015
0.426883339881897
0.48305124044418335
0.5474467873573303
0.30369919538497925
0.4061906337738037
0.4733138084411621
0.5194582939147949
0.5714872479438782
0.23073981702327728
0.27750149369239807
0.3323400914669037
0.38945603370666504
0.4493854343891144
0.2622184455394745
0.34933605790138245
0.4054119884967804
0.47001585364341736
0.5442673563957214
0.3446267545223236
0.4239111542701721
0.48735350370407104
0.5327638983726501
0.5785453915596008
0.2755354642868042
0.36729300022125244
0.42550069093704224
0.4896281063556671
0.5341299176216125
0.31956735253334045
0.4033363461494446
0.4597398340702057
0.49979227781295776
0.5476797223091125
0.27345797419548035
0.3832871615886688
0.43919408321380615
0.5008198618888855
0.5579943656921387
0.2590859532356262
0.32392337918281555
0.3934905529022217
0.4544426500797272
0.5253373384475708
0.39825719594955444
0.5181259512901306
0.5611754059791565
0.5977097749710083
0.6361732482910156
0.2664884328842163
0.33709120750427246
0.4101332426071167
0.47079721093177795
0.5208156704902649
0.27282536029815674
0.3700481951236725
0.4317305088043213
0.49163198471069336
0.5492708086967468
0.32181426882743835
0.3965076506137848
0.47068649530410767
0.5271623730659485
0.5723004341125488
0.25546544790267944
0.3461916744709015
0.41821253299713135
0.48362430930137634
0.5569172501564026
0.3065468668937683
0.37134796380996704
0.43945616483688354
0.5021466016769409
0.5535950064659119
0.2891366183757782
0.3429209887981415
0.41314443945884705
0.4796504080295563
0.563771665096283
0.31992730498313904
0.38589152693748474
0.4715525209903717
0.5297627449035645
0.5961071252822876
0.3819749653339386
0.4556320309638977
0.5128549337387085
0.5551890730857849
0.6111778020858765
0.3766891658306122
0.44991472363471985
0.5209377408027649
0.6009443998336792
0.6626423597335815
0.2698354125022888
0.35507732629776
0.44152072072029114
0.538188636302948
0.6038029789924622
0.3067814111709595
0.35998788475990295
0.41345810890197754
0.4744632840156555
0.5397661924362183
0.31504547595977783
0.3894357979297638
0.47215667366981506
0.5518118739128113
0.6119440793991089
0.26314952969551086
0.33763977885246277
0.4174043536186218
0.5016075968742371
0.579237163066864
0.34718844294548035
0.4150780141353607
0.4652906656265259
0.5479206442832947
0.6026062369346619
0.36878037452697754
0.43300729990005493
0.5115211606025696
0.5956063270568848
0.6369383931159973
0.3014049530029297
0.39338257908821106
0.4575228989124298
0.5433403849601746
0.601774275302887
0.36647453904151917
0.41655927896499634
0.5102471709251404
0.540720522403717
0.6014534831047058
0.2332599014043808
0.29189062118530273
0.36246249079704285
0.45280200242996216
0.562269926071167
0.2903955280780792
0.36212924122810364
0.4748624563217163
0.5506654381752014
0.6351574063301086
0.3837261497974396
0.46035709977149963
0.5015182495117188
0.5844129920005798
0.6533704996109009
0.3766848146915436
0.4368172883987427
0.5303326845169067
0.5770962834358215
0.6457634568214417
0.35245782136917114
0.4628616273403168
0.5528126358985901
0.6020994782447815
0.6544191241264343
0.2947969436645508
0.37257733941078186
0.47425416111946106
0.5335975289344788
0.6021220684051514
0.32743963599205017
0.39841723442077637
0.4666344225406647
0.5274397134780884
0.5995782613754272
0.3007344901561737
0.3816909193992615
0.45677757263183594
0.5239307284355164
0.5627145767211914
0.3062788248062134
0.3946462571620941
0.43905705213546753
0.5097634196281433
0.5790240168571472
0.30452603101730347
0.37643152475357056
0.44722431898117065
0.5153135061264038
0.5988667011260986
0.3957061767578125
0.49434131383895874
0.5713121891021729
0.6153615117073059
0.683760941028595
0.3186706602573395
0.39447101950645447
0.4884859025478363
0.55814129114151
0.6411370038986206
0.4413706362247467
0.47609320282936096
0.506014347076416
0.5437418818473816
0.5847869515419006
0.2672109305858612
0.3649140000343323
0.4910857379436493
0.6230384707450867
0.7012597918510437
0.25990602374076843
0.3519991636276245
0.47135815024375916
0.5831843614578247
0.6517583131790161
0.2370680719614029
0.32036325335502625
0.4310164451599121
0.5464658737182617
0.631812572479248
0.23104645311832428
0.3118141293525696
0.41979995369911194
0.5280331969261169
0.6110630631446838
0.2835230231285095
0.38277488946914673
0.5186833739280701
0.6661130785942078
0.7670679092407227
0.27577733993530273
0.368842750787735
0.4839146137237549
0.6003270149230957
0.6743878722190857
0.23061636090278625
0.3147950768470764
0.4346899688243866
0.5766714811325073
0.7099082469940186
0.3019947409629822
0.4133445918560028
0.5576836466789246
0.6864048838615417
0.7693808674812317
0.24292686581611633
0.32985034584999084
0.4478946030139923
0.577755868434906
0.674888014793396
0.24527078866958618
0.33397525548934937
0.4589885175228119
0.5912428498268127
0.6704995632171631
0.2716161608695984
0.36895695328712463
0.49569734930992126
0.62204509973526
0.6965296268463135
0.2641898989677429
0.35659849643707275
0.4713367819786072
0.5823146104812622
0.6574897170066833
0.26511144638061523
0.3579844832420349
0.4761301875114441
0.5893694758415222
0.6554145216941833
0.25879886746406555
0.35212427377700806
0.48113304376602173
0.6224132776260376
0.7157731056213379
0.24240101873874664
0.32471829652786255
0.4313558340072632
0.5460944175720215
0.6290417313575745
0.24151833355426788
0.3302239179611206
0.44167861342430115
0.540595531463623
0.5989537835121155
0.2290719449520111
0.3090415894985199
0.4214459955692291
0.5469332337379456
0.6322119235992432
0.26434895396232605
0.36046433448791504
0.4749930500984192
0.5951731204986572
0.6782170534133911
0.2721824049949646
0.3766285181045532
0.5131451487541199
0.6478654742240906
0.7270061373710632
0.2689041197299957
0.35747021436691284
0.4700593650341034
0.5934811234474182
0.6825456619262695
0.2619548439979553
0.3568001091480255
0.4816020429134369
0.6039384603500366
0.6856590509414673
0.25950121879577637
0.35419797897338867
0.4755028188228607
0.5990756750106812
0.6759166717529297
0.22140535712242126
0.30075734853744507
0.41014623641967773
0.5356727242469788
0.6317289471626282
0.2655321955680847
0.36337244510650635
0.49718984961509705
0.6311509609222412
0.7061296701431274
0.3104703426361084
0.43136802315711975
0.5725937485694885
0.7090080380439758
0.766586184501648
0.31858769059181213
0.40228331089019775
0.5099258422851562
0.5931428074836731
0.6810159683227539
0.36394479870796204
0.4217403829097748
0.5031929016113281
0.5810601711273193
0.65533447265625
0.3021705746650696
0.36139532923698425
0.43865954875946045
0.532089352607727
0.6319407224655151
0.3562890291213989
0.4090774357318878
0.47573938965797424
0.5523491501808167
0.6304003000259399
0.2853410840034485
0.3471589684486389
0.4643210768699646
0.6110064387321472
0.7406253218650818
0.2964102625846863
0.36236339807510376
0.4643259346485138
0.5697717666625977
0.6630755662918091
0.2687530517578125
0.32662421464920044
0.424459308385849
0.5410220623016357
0.6701281070709229
0.3145042657852173
0.3727197051048279
0.4638015031814575
0.5800179243087769
0.7023876309394836
0.2939516305923462
0.3485363721847534
0.4344373047351837
0.5296763777732849
0.6486775279045105
0.32875582575798035
0.38769641518592834
0.47951942682266235
0.5893433094024658
0.6792516708374023
0.32187971472740173
0.3861539959907532
0.48437249660491943
0.5952209234237671
0.6861250996589661
0.35209062695503235
0.4055194556713104
0.4831738770008087
0.5636497139930725
0.6378339529037476
0.29514384269714355
0.3728274703025818
0.48306378722190857
0.5811314582824707
0.654453456401825
0.3226478695869446
0.38571232557296753
0.486098974943161
0.5947019457817078
0.697692334651947
0.32648035883903503
0.3788321018218994
0.4580918252468109
0.5453831553459167
0.6288977265357971
0.3271227777004242
0.38174229860305786
0.45956435799598694
0.5453231930732727
0.6072116494178772
0.315336674451828
0.37167641520500183
0.44903823733329773
0.5497102737426758
0.6402833461761475
0.30989745259284973
0.3728274703025818
0.47822508215904236
0.6034178137779236
0.6768631339073181
0.30291441082954407
0.36348897218704224
0.4474804699420929
0.5459902882575989
0.6510850191116333
0.2742961347103119
0.331316739320755
0.41187283396720886
0.5300343036651611
0.6473330855369568
0.2908535599708557
0.3530668020248413
0.4463083744049072
0.5529740452766418
0.6589319109916687
0.32199370861053467
0.3950035274028778
0.48219621181488037
0.5698952674865723
0.6577861905097961
0.29823729395866394
0.3498212695121765
0.4235151410102844
0.5125792622566223
0.626381516456604
0.31487545371055603
0.38408899307250977
0.49078911542892456
0.6067979335784912
0.6994892954826355
0.2016257792711258
0.25957590341567993
0.346227765083313
0.4826902449131012
0.6544455289840698
0.22264939546585083
0.27681684494018555
0.377064049243927
0.524215817451477
0.6380738615989685
0.2437410205602646
0.303478479385376
0.42060586810112
0.5689265727996826
0.6530054211616516
0.2110515534877777
0.26003435254096985
0.37827184796333313
0.5501846671104431
0.6546956896781921
0.22605296969413757
0.2792373597621918
0.40165388584136963
0.563309371471405
0.6830686330795288
0.24642182886600494
0.3055751621723175
0.4231853485107422
0.5914304852485657
0.7068440914154053
0.22981256246566772
0.2849887013435364
0.38436809182167053
0.5333510041236877
0.6353805065155029
0.22541727125644684
0.2770595848560333
0.38684552907943726
0.5506650805473328
0.6582511067390442
0.23782476782798767
0.29436883330345154
0.40540194511413574
0.554439902305603
0.6684446334838867
0.21424637734889984
0.27067941427230835
0.37815040349960327
0.5402331352233887
0.6435863375663757
0.22203542292118073
0.2753411829471588
0.3902586102485657
0.5610024333000183
0.6600171327590942
0.24029681086540222
0.2962079346179962
0.40184104442596436
0.5543792247772217
0.6758373975753784
0.22152575850486755
0.2762901484966278
0.38808780908584595
0.5564906001091003
0.657860517501831
0.23287968337535858
0.29020199179649353
0.38422736525535583
0.5162584781646729
0.6267743110656738
0.257475882768631
0.32006776332855225
0.4292486310005188
0.5836395025253296
0.6993013620376587
0.22697877883911133
0.28344112634658813
0.39738890528678894
0.5629903674125671
0.6604471802711487
0.21529404819011688
0.2635684609413147
0.3714752197265625
0.5267675518989563
0.6292275786399841
0.21263453364372253
0.26610371470451355
0.37012606859207153
0.5242931246757507
0.6524311304092407
0.24570032954216003
0.3028123080730438
0.41864296793937683
0.5678216814994812
0.6680561304092407
0.2236207276582718
0.27765941619873047
0.3815780580043793
0.5400092601776123
0.657232403755188
0.20843075215816498
0.2603980302810669
0.3591114282608032
0.5202726125717163
0.623406171798706
0.23721063137054443
0.29647836089134216
0.3966675102710724
0.5424717664718628
0.6515262722969055
0.2451297640800476
0.30037519335746765
0.40479403734207153
0.5624115467071533
0.6688405275344849
0.21018563210964203
0.2660360634326935
0.385932594537735
0.5538070797920227
0.6778106093406677
0.2442011684179306
0.29561665654182434
0.4081445634365082
0.5622557997703552
0.6612504720687866
0.2467544972896576
0.27707213163375854
0.3679561913013458
0.5154650211334229
0.625903844833374
0.23299722373485565
0.3057003915309906
0.39224323630332947
0.5552009344100952
0.7092379331588745
0.3354686498641968
0.47289085388183594
0.6350981593132019
0.7066850662231445
0.7259432077407837
0.33215147256851196
0.5043969750404358
0.6299210786819458
0.7093022465705872
0.7370668053627014
0.43501344323158264
0.561465322971344
0.6428171992301941
0.6994134783744812
0.7215878963470459
0.21589940786361694
0.2953839898109436
0.38068944215774536
0.5277700424194336
0.6977846622467041
0.23915623128414154
0.31222331523895264
0.3965570628643036
0.5471463203430176
0.6949827671051025
0.29815030097961426
0.43097975850105286
0.5766782760620117
0.6872431635856628
0.7592412233352661
0.2397533655166626
0.32309195399284363
0.4094996750354767
0.48981258273124695
0.6750134229660034
0.3012104630470276
0.38399064540863037
0.5394778847694397
0.6691067218780518
0.7403826713562012
0.32418495416641235
0.4525884985923767
0.595310389995575
0.6935568451881409
0.7360118627548218
0.2657220661640167
0.3417714834213257
0.44034069776535034
0.6335117220878601
0.7362374663352966
0.3299594223499298
0.4620203971862793
0.6192209720611572
0.6911945939064026
0.7217163443565369
0.18616078794002533
0.2389104664325714
0.31408506631851196
0.42271187901496887
0.5900266170501709
0.23777395486831665
0.3216504752635956
0.4254632592201233
0.5994990468025208
0.7336917519569397
0.3252275288105011
0.48953938484191895
0.6126199960708618
0.687472939491272
0.723334550857544
0.318069189786911
0.4276560842990875
0.5903947353363037
0.6527715921401978
0.6634114980697632
0.30697354674339294
0.4127007722854614
0.57108074426651
0.6668556332588196
0.7113471031188965
0.24171626567840576
0.3164767026901245
0.44385725259780884
0.6116963624954224
0.7179467082023621
0.27378639578819275
0.35310080647468567
0.4408256709575653
0.5870676040649414
0.7101238369941711
0.2956658899784088
0.3852277994155884
0.5632893443107605
0.6683962345123291
0.7296993732452393
0.25958096981048584
0.33494362235069275
0.43530550599098206
0.5986114144325256
0.7106130123138428
0.2621361315250397
0.3510443866252899
0.4965021014213562
0.6575445532798767
0.7383809685707092
0.3444744050502777
0.48358339071273804
0.6017817258834839
0.6743857860565186
0.7318702936172485
0.2795701026916504
0.3730776607990265
0.4944916367530823
0.670271098613739
0.7497643232345581
0.1987743228673935
0.2329055517911911
0.28053030371665955
0.3407810926437378
0.4350881576538086
0.2755836248397827
0.29087042808532715
0.41802191734313965
0.4768202006816864
0.550175130367279
0.36701861023902893
0.4013245701789856
0.6083782911300659
0.6467569470405579
0.7088693380355835
0.37090805172920227
0.4427262246608734
0.6200470924377441
0.6150983572006226
0.6882097125053406
0.3447566032409668
0.458673894405365
0.5316635370254517
0.648488461971283
0.6765122413635254
0.28366193175315857
0.3262667655944824
0.3951365649700165
0.576693058013916
0.6336411833763123
0.2677871286869049
0.34729647636413574
0.3984374403953552
0.45071592926979065
0.5197277069091797
0.3986779749393463
0.40758827328681946
0.49731409549713135
0.6146571040153503
0.6906678676605225
0.25306978821754456
0.31527552008628845
0.3786536753177643
0.4908331334590912
0.5718230605125427
0.23778720200061798
0.2939830720424652
0.4567233622074127
0.572652280330658
0.6303097009658813
0.3668486475944519
0.33586549758911133
0.45375850796699524
0.5518848299980164
0.6680516004562378
0.26368987560272217
0.24449630081653595
0.4325464963912964
0.5304081439971924
0.6395231485366821
0.32373592257499695
0.4246191680431366
0.48520737886428833
0.5988284945487976
0.5760218501091003
0.1996288299560547
0.27874627709388733
0.41234859824180603
0.3665844798088074
0.4330480396747589
0.21830548346042633
0.3805820047855377
0.5376051664352417
0.4924391508102417
0.5942310690879822
0.3414226174354553
0.39928916096687317
0.5070990324020386
0.6169074177742004
0.680816113948822
0.27645716071128845
0.32718759775161743
0.37256041169166565
0.5507967472076416
0.6287192106246948
0.29419592022895813
0.3977801501750946
0.43344956636428833
0.5722931623458862
0.668874979019165
0.2833240330219269
0.39652299880981445
0.44366270303726196
0.4797802269458771
0.6480922102928162
0.2323153018951416
0.32415294647216797
0.4061967134475708
0.5149312615394592
0.5181634426116943
0.32708826661109924
0.3918780982494354
0.4642881453037262
0.5532181262969971
0.6590834856033325
0.297467440366745
0.36813342571258545
0.3322374224662781
0.4095975458621979
0.6609155535697937
0.3427225947380066
0.35005760192871094
0.3933184742927551
0.5016957521438599
0.6540759205818176
0.36305397748947144
0.4048360288143158
0.48766541481018066
0.5949305295944214
0.6916961669921875
0.3692013621330261
0.30092665553092957
0.3631488084793091
0.5232884883880615
0.6828627586364746
0.2658831477165222
0.2808637320995331
0.4253549873828888
0.45268869400024414
0.4886888861656189
0.25596410036087036
0.42813244462013245
0.5145521759986877
0.5507940053939819
0.5376706123352051
0.42066606879234314
0.46523019671440125
0.6031404137611389
0.6305042505264282
0.6118906736373901
0.37511178851127625
0.5454680919647217
0.5499883890151978
0.6714858412742615
0.735286295413971
0.4248804748058319
0.5465304851531982
0.5983662009239197
0.6004852652549744
0.7027134299278259
0.3255636394023895
0.38339951634407043
0.4830765128135681
0.5959097743034363
0.698553204536438
0.3399159014225006
0.3120485544204712
0.4565936326980591
0.5526112914085388
0.5966898202896118
0.3968946039676666
0.4884779453277588
0.5937508344650269
0.6675897836685181
0.7100187540054321
0.30536165833473206
0.4709833562374115
0.3722020089626312
0.538809061050415
0.6798316836357117
0.43025532364845276
0.5270310640335083
0.6001220941543579
0.6501920819282532
0.6390904784202576
0.32344794273376465
0.536801278591156
0.5771704912185669
0.679122805595398
0.6626374125480652
0.47175177931785583
0.4179661273956299
0.5795525908470154
0.6183223724365234
0.6721699833869934
0.37917637825012207
0.41019493341445923
0.5526338815689087
0.6150856018066406
0.46415984630584717
0.23171097040176392
0.2676481008529663
0.40225833654403687
0.44464805722236633
0.5637061595916748
0.414497435092926
0.35172969102859497
0.5337061882019043
0.5947023630142212
0.6700854897499084
0.3498816192150116
0.5000191330909729
0.5660614967346191
0.6227642297744751
0.6922394037246704
0.4169459939002991
0.4949837028980255
0.4838523864746094
0.5976637005805969
0.5699706077575684
0.3750010132789612
0.40859949588775635
0.569420337677002
0.6528366208076477
0.6359765529632568
0.43327000737190247
0.43379852175712585
0.4462948441505432
0.5713434815406799
0.6480622291564941
0.32940956950187683
0.43526923656463623
0.49403777718544006
0.5772440433502197
0.6840917468070984
0.4296127259731293
0.517432689666748
0.41218122839927673
0.631388783454895
0.7128645181655884
0.3436562120914459
0.4391046166419983
0.5252952575683594
0.6090709567070007
0.6254024505615234
0.31345826387405396
0.4375171363353729
0.5143718123435974
0.5975027680397034
0.6632771492004395
0.37781786918640137
0.4936901330947876
0.5708729028701782
0.6566344499588013
0.6588610410690308
0.4175402522087097
0.5633432865142822
0.6099288463592529
0.6502668857574463
0.6354684829711914
0.3690349757671356
0.2869407534599304
0.48543205857276917
0.39801543951034546
0.5105527639389038
0.2784764766693115
0.2964579463005066
0.399860680103302
0.45869192481040955
0.5193572044372559
0.3393777310848236
0.2802669405937195
0.3939419984817505
0.4392455816268921
0.5042123198509216
0.3511556088924408
0.27966493368148804
0.36945509910583496
0.42122748494148254
0.4995395839214325
0.37481024861335754
0.2505206763744354
0.3497636318206787
0.399875670671463
0.4831376075744629
0.28116267919540405
0.3307517468929291
0.4389247000217438
0.5116568803787231
0.5850792527198792
0.26718294620513916
0.2920309007167816
0.39828160405158997
0.4482068419456482
0.5058673620223999
0.3247286379337311
0.2861986458301544
0.399585485458374
0.472736120223999
0.5281003713607788
0.2812598943710327
0.3288842439651489
0.4522790014743805
0.522637665271759
0.5920339822769165
0.32512378692626953
0.29275405406951904
0.4029447138309479
0.4849986732006073
0.543849766254425
0.31968748569488525
0.31025898456573486
0.40229934453964233
0.4840761423110962
0.5244709849357605
0.2901511490345001
0.3312462270259857
0.42452794313430786
0.4971957802772522
0.5489195585250854
0.3330962359905243
0.28331881761550903
0.3802368938922882
0.4348222315311432
0.5097278356552124
0.23122212290763855
0.31043973565101624
0.4080161452293396
0.44611138105392456
0.5148830413818359
0.2939912676811218
0.32197341322898865
0.4501281678676605
0.534542441368103
0.5986525416374207
0.31928956508636475
0.272930383682251
0.3740939795970917
0.41415324807167053
0.48907721042633057
0.30148911476135254
0.25727054476737976
0.3270343840122223
0.40486621856689453
0.4440711736679077
0.30327317118644714
0.2960689961910248
0.3851461708545685
0.44786974787712097
0.5068503022193909
0.2661304771900177
0.2931270897388458
0.40426504611968994
0.4639819860458374
0.5240219831466675
0.2872547507286072
0.32459768652915955
0.40537407994270325
0.4637393653392792
0.523285984992981
0.2969244420528412
0.3273674249649048
0.43770360946655273
0.5092538595199585
0.5546706914901733
0.2638692557811737
0.29911723732948303
0.39211100339889526
0.4765772223472595
0.5324785113334656
0.29536333680152893
0.30299416184425354
0.39099717140197754
0.4868938624858856
0.5478461384773254
0.2953885495662689
0.28024542331695557
0.3590664863586426
0.4336490333080292
0.5019910335540771
0.3046232759952545
0.2972143292427063
0.39760684967041016
0.46685612201690674
0.5238034725189209
0.25645285844802856
0.33354297280311584
0.3822442591190338
0.45323869585990906
0.49773746728897095
0.5260937213897705
0.5071969628334045
0.49047791957855225
0.45385509729385376
0.41492417454719543
0.5152775645256042
0.5210098028182983
0.5105541944503784
0.4987058639526367
0.439056396484375
0.5527979731559753
0.5367380976676941
0.5110897421836853
0.4901781976222992
0.42960038781166077
0.4910467863082886
0.4902600944042206
0.48110488057136536
0.47283241152763367
0.42104265093803406
0.5473881363868713
0.5325965285301208
0.5072876214981079
0.46844005584716797
0.4394592344760895
0.5081529021263123
0.4996661841869354
0.46851158142089844
0.4482290744781494
0.4064198136329651
0.5065605044364929
0.501580536365509
0.49067968130111694
0.45696577429771423
0.42120426893234253
0.52353835105896
0.5173555612564087
0.4920749366283417
0.460292249917984
0.4193818271160126
0.5255869030952454
0.5149024128913879
0.4870382845401764
0.45844560861587524
0.38612207770347595
0.5118587017059326
0.49934107065200806
0.48273393511772156
0.4588342308998108
0.4026431143283844
0.5017268061637878
0.49893271923065186
0.48319363594055176
0.45665687322616577
0.4512649178504944
0.5337317585945129
0.5267713069915771
0.5098031163215637
0.46999073028564453
0.4498496651649475
0.4675785303115845
0.47923460602760315
0.47906115651130676
0.4427064061164856
0.44669413566589355
0.5257822871208191
0.5163861513137817
0.5042120814323425
0.4762250781059265
0.43757233023643494
0.5214679837226868
0.5197325944900513
0.49736833572387695
0.46037784218788147
0.40820977091789246
0.462263286113739
0.4523339569568634
0.44025328755378723
0.42328888177871704
0.42839401960372925
0.49011775851249695
0.4850253164768219
0.46492940187454224
0.44115254282951355
0.4394098222255707
0.5280275344848633
0.522154688835144
0.5033599734306335
0.4762709438800812
0.4379480183124542
0.5144209861755371
0.5044777393341064
0.48513156175613403
0.46112608909606934
0.4426981508731842
0.5663360357284546
0.5409421324729919
0.5122672915458679
0.4781937897205353
0.43074288964271545
0.5179276466369629
0.4974323809146881
0.48571425676345825
0.45154058933258057
0.4275517463684082
0.5313231945037842
0.5186301469802856
0.4968070387840271
0.46718448400497437
0.4217904210090637
0.5436131358146667
0.5157656669616699
0.4960721433162689
0.4619767963886261
0.4421536326408386
0.4733039140701294
0.46169954538345337
0.4451846182346344
0.4286133944988251
0.4278869330883026
0.5474057197570801
0.5253813862800598
0.5010602474212646
0.47078850865364075
0.45092785358428955
0.09349489212036133
0.11931052058935165
0.17715275287628174
0.2054707109928131
0.29804983735084534
0.10143201798200607
0.13155561685562134
0.21142074465751648
0.22647637128829956
0.35837939381599426
0.10651884973049164
0.16258090734481812
0.2026202231645584
0.2820340394973755
0.32774466276168823
0.10003267973661423
0.12425734847784042
0.2053162306547165
0.214665487408638
0.34816262125968933
0.10361625254154205
0.1459289938211441
0.24992001056671143
0.2584661841392517
0.4380728006362915
0.09345840662717819
0.18795256316661835
0.17556235194206238
0.2837449312210083
0.2781466543674469
0.09464047104120255
0.12699221074581146
0.18888700008392334
0.22774000465869904
0.31318384408950806
0.09378524124622345
0.18774601817131042
0.17693278193473816
0.3333722949028015
0.30590391159057617
0.09356772899627686
0.12488925457000732
0.1713465452194214
0.22460578382015228
0.26012036204338074
0.09374908357858658
0.15531650185585022
0.17276708781719208
0.2695270776748657
0.28293654322624207
0.0964842438697815
0.12606558203697205
0.24683943390846252
0.22297458350658417
0.3894466459751129
0.09353133291006088
0.18361277878284454
0.1706317961215973
0.30100366473197937
0.2513771951198578
0.09403710067272186
0.1680440902709961
0.17683593928813934
0.28620243072509766
0.2887600362300873
0.09909675270318985
0.13097602128982544
0.19230417907238007
0.23964767158031464
0.3360005021095276
0.11452089250087738
0.16154541075229645
0.29697638750076294
0.2534935474395752
0.4544910192489624
0.09301722794771194
0.16185534000396729
0.1711152344942093
0.28683045506477356
0.2571781277656555
0.1024169772863388
0.13317425549030304
0.2992827892303467
0.2236446589231491
0.3921332061290741
0.09869624674320221
0.14598646759986877
0.22380660474300385
0.2541939318180084
0.4215185046195984
0.09505954384803772
0.14399278163909912
0.18152891099452972
0.2650541365146637
0.29829859733581543
0.09794377535581589
0.167754665017128
0.2110515534877777
0.2722793221473694
0.36294373869895935
0.09264470636844635
0.15963256359100342
0.17294003069400787
0.2712218463420868
0.2903822362422943
0.09323859959840775
0.1631462275981903
0.17252986133098602
0.2956075072288513
0.26650726795196533
0.1172211766242981
0.1785499006509781
0.20393076539039612
0.31298473477363586
0.2875664234161377
0.09342187643051147
0.13313640654087067
0.17107956111431122
0.23181837797164917
0.24792204797267914
0.14124074578285217
0.16603794693946838
0.2487112134695053
0.28856319189071655
0.35030850768089294
0.19993481040000916
0.2674948573112488
0.3250749111175537
0.38253694772720337
0.48371756076812744
0.22044028341770172
0.3016076683998108
0.3571411073207855
0.42364081740379333
0.5228114128112793
0.21694958209991455
0.3078601062297821
0.34930917620658875
0.42300549149513245
0.5084725022315979
0.2244429588317871
0.2969888150691986
0.36120834946632385
0.4161521792411804
0.5240423083305359
0.23514492809772491
0.32274961471557617
0.3790622651576996
0.45493870973587036
0.5540767312049866
0.20039117336273193
0.2950494587421417
0.32372722029685974
0.39850127696990967
0.4725516736507416
0.2211061418056488
0.2988140881061554
0.3578617572784424
0.42158979177474976
0.5273479223251343
0.22249029576778412
0.31769633293151855
0.36258238554000854
0.44612976908683777
0.5338113903999329
0.2162531465291977
0.29025647044181824
0.34840521216392517
0.4075377285480499
0.508358895778656
0.21694377064704895
0.29380711913108826
0.35102880001068115
0.4126361310482025
0.5159134864807129
0.21156851947307587
0.28648611903190613
0.34352871775627136
0.41809552907943726
0.509649395942688
0.21851950883865356
0.2989889979362488
0.3537859320640564
0.4128543436527252
0.5151146650314331
0.18734441697597504
0.28948739171028137
0.3018530011177063
0.3941763639450073
0.4455501437187195
0.22556504607200623
0.2997317612171173
0.36719077825546265
0.42458751797676086
0.5408770442008972
0.22234170138835907
0.31223878264427185
0.35725951194763184
0.4345642030239105
0.5155866742134094
0.1979777067899704
0.2936740815639496
0.31778186559677124
0.405081570148468
0.4658808708190918
0.20333176851272583
0.2730163335800171
0.32917529344558716
0.40698274970054626
0.48566970229148865
0.21366946399211884
0.29513120651245117
0.346221387386322
0.41684141755104065
0.5085217356681824
0.21454815566539764
0.2931024134159088
0.34709152579307556
0.417527973651886
0.5115167498588562
0.2096131294965744
0.31280744075775146
0.3393227756023407
0.4508948028087616
0.4991258978843689
0.213259756565094
0.2921401560306549
0.34274810552597046
0.4142819344997406
0.4981086552143097
0.21199437975883484
0.2999521791934967
0.34321874380111694
0.4184817671775818
0.5047600865364075
0.22848619520664215
0.3298766016960144
0.36767277121543884
0.45687633752822876
0.530620813369751
0.21862204372882843
0.28839918971061707
0.35624298453330994
0.4073620140552521
0.5287033915519714
0.23137342929840088
0.29128435254096985
0.3709418475627899
0.3954143822193146
0.5435935854911804
0.2613205015659332
0.3092445433139801
0.36694222688674927
0.41879889369010925
0.435516893863678
0.1974772959947586
0.22733381390571594
0.27196013927459717
0.3248455822467804
0.37847715616226196
0.19908428192138672
0.2377673238515854
0.2837267816066742
0.34016644954681396
0.4103509783744812
0.24277962744235992
0.28567057847976685
0.3374071717262268
0.4001942276954651
0.4613182842731476
0.31539878249168396
0.3782043755054474
0.4524611234664917
0.5393380522727966
0.5982086658477783
0.24141496419906616
0.28979796171188354
0.3465542793273926
0.4081074595451355
0.44668450951576233
0.26804617047309875
0.3224027156829834
0.38586917519569397
0.4614757299423218
0.5265198349952698
0.31856396794319153
0.3825885057449341
0.44784966111183167
0.47554677724838257
0.5033460855484009
0.276506245136261
0.33179253339767456
0.3987586498260498
0.46848589181900024
0.4945637881755829
0.3325556516647339
0.4014723002910614
0.43953225016593933
0.4464091956615448
0.4760422706604004
0.29634323716163635
0.3507195711135864
0.4237735867500305
0.49037966132164
0.4978206157684326
0.25494229793548584
0.3069470226764679
0.3645549714565277
0.4303911626338959
0.4728190004825592
0.26720935106277466
0.31834840774536133
0.37077096104621887
0.4129300117492676
0.4302712082862854
0.23127739131450653
0.2763112485408783
0.33148255944252014
0.3985949158668518
0.4833836555480957
0.2650366425514221
0.3166208565235138
0.375532865524292
0.44034910202026367
0.4946860373020172
0.2687683403491974
0.3186177611351013
0.371719092130661
0.39745184779167175
0.44429752230644226
0.32994550466537476
0.37246426939964294
0.3804776668548584
0.4140171408653259
0.42111268639564514
0.2653292119503021
0.3197389543056488
0.38514819741249084
0.4621715843677521
0.5232535600662231
0.24470531940460205
0.29380014538764954
0.34836703538894653
0.4093717634677887
0.44917312264442444
0.2551015317440033
0.30640727281570435
0.3655395805835724
0.4324422776699066
0.4709694981575012
0.28271403908729553
0.33827531337738037
0.4033805727958679
0.46880680322647095
0.4875849783420563
0.25802862644195557
0.30654069781303406
0.36645612120628357
0.4355614185333252
0.5032597780227661
0.2232876718044281
0.2669961750507355
0.32124921679496765
0.3854992985725403
0.4588667154312134
0.3194100260734558
0.3775034248828888
0.43774402141571045
0.45271700620651245
0.482806921005249
0.23223230242729187
0.2742343842983246
0.3289479613304138
0.3935621380805969
0.4689621329307556
0.23601076006889343
0.28728345036506653
0.3480052649974823
0.41278889775276184
0.4818136990070343
0.2656809687614441
0.3277823030948639
0.39597201347351074
0.46722596883773804
0.5339643359184265
0.2964329719543457
0.3732661306858063
0.4459208846092224
0.5055546164512634
0.5574347972869873
0.2937347888946533
0.36614522337913513
0.43235790729522705
0.4912610650062561
0.5434392690658569
0.23426707088947296
0.287228524684906
0.35106679797172546
0.42546361684799194
0.5044069886207581
0.2892712354660034
0.34163516759872437
0.38715776801109314
0.42891019582748413
0.4822528660297394
0.2870059013366699
0.3554919958114624
0.4273827075958252
0.4895607531070709
0.5482722520828247
0.2528497278690338
0.30239206552505493
0.36575520038604736
0.4288247525691986
0.49952182173728943
0.31102919578552246
0.3889427185058594
0.4493831992149353
0.49802860617637634
0.5455730557441711
0.29957354068756104
0.3719284236431122
0.43877723813056946
0.49691125750541687
0.5473524332046509
0.24520836770534515
0.3076401948928833
0.37077444791793823
0.4352629482746124
0.5057020783424377
0.28164514899253845
0.3437011241912842
0.40095970034599304
0.45745497941970825
0.514236569404602
0.22348237037658691
0.27028095722198486
0.3239719271659851
0.37915441393852234
0.43723106384277344
0.2665918171405792
0.3199029862880707
0.38439226150512695
0.45015543699264526
0.5197272896766663
0.2950989902019501
0.3480888605117798
0.4030449688434601
0.465672105550766
0.5220103859901428
0.29959771037101746
0.3718368709087372
0.4274240732192993
0.4741975665092468
0.5170201659202576
0.2685757279396057
0.3303448557853699
0.39343464374542236
0.4545479118824005
0.5115610957145691
0.24321430921554565
0.29773780703544617
0.36259037256240845
0.4290444850921631
0.4969942271709442
0.26276129484176636
0.32310155034065247
0.3918631076812744
0.44936779141426086
0.5091040134429932
0.2836281657218933
0.36849942803382874
0.4406261742115021
0.48804375529289246
0.527233898639679
0.2860773205757141
0.36138978600502014
0.4212510585784912
0.46317559480667114
0.506251335144043
0.2792060673236847
0.3426305055618286
0.39932382106781006
0.45239758491516113
0.5100510120391846
0.31123799085617065
0.3870778977870941
0.4564640522003174
0.5156686902046204
0.561423659324646
0.26159268617630005
0.3276936113834381
0.39387014508247375
0.46556705236434937
0.5348203778266907
0.2759340703487396
0.34863966703414917
0.4051443934440613
0.4608675539493561
0.5136678218841553
0.18154385685920715
0.22309784591197968
0.2780598998069763
0.37081974744796753
0.49864691495895386
0.2248362898826599
0.30048638582229614
0.4128917455673218
0.5374305248260498
0.6324264407157898
0.2372395545244217
0.32317057251930237
0.4430316090583801
0.5620477199554443
0.6537443995475769
0.24113582074642181
0.3519069254398346
0.4920393228530884
0.6064274907112122
0.6706543564796448
0.18893113732337952
0.23630176484584808
0.301270991563797
0.3961769938468933
0.5213689804077148
0.18556737899780273
0.22934839129447937
0.2908812463283539
0.3789271116256714
0.5048879384994507
0.2258029580116272
0.3018551468849182
0.4189164638519287
0.552207350730896
0.6561323404312134
0.1837472915649414
0.22794105112552643
0.29348933696746826
0.38896843791007996
0.4984162747859955
0.21404346823692322
0.2859494984149933
0.3934766948223114
0.5092679858207703
0.6175078749656677
0.23031044006347656
0.3097415864467621
0.42998021841049194
0.5445701479911804
0.6322141885757446
0.20217886567115784
0.2524503767490387
0.32471051812171936
0.4304608404636383
0.5595489144325256
0.227422297000885
0.3062603175640106
0.41311612725257874
0.521710991859436
0.6190409064292908
0.16822576522827148
0.2020455300807953
0.24780699610710144
0.30322229862213135
0.3886934220790863
0.1929910033941269
0.2392473965883255
0.31437134742736816
0.41773828864097595
0.5579280257225037
0.22144094109535217
0.2961840033531189
0.40361517667770386
0.5488304495811462
0.6516710519790649
0.2127828598022461
0.2813623547554016
0.38955554366111755
0.4946136772632599
0.5766884684562683
0.21818821132183075
0.2894813120365143
0.39754119515419006
0.5211809873580933
0.6206649541854858
0.19233764708042145
0.24057461321353912
0.31037163734436035
0.419100284576416
0.5602267384529114
0.1928459256887436
0.250518798828125
0.33588486909866333
0.4524590075016022
0.5714555382728577
0.21102623641490936
0.280901163816452
0.37543410062789917
0.5077576041221619
0.6186559200286865
0.18427760899066925
0.22689230740070343
0.29540693759918213
0.4014619290828705
0.5360655188560486
0.1967507004737854
0.24770158529281616
0.32728931307792664
0.44433116912841797
0.5751616358757019
0.23993422091007233
0.3437329828739166
0.4632311463356018
0.5773062705993652
0.657933235168457
0.2068491131067276
0.26671531796455383
0.34815704822540283
0.4751407206058502
0.5895758271217346
0.17356981337070465
0.2089119851589203
0.2490847408771515
0.30041447281837463
0.3708644509315491
0.2734203040599823
0.33355647325515747
0.4108272194862366
0.49896541237831116
0.5861660838127136
0.32699647545814514
0.4113704264163971
0.505041241645813
0.5945713520050049
0.6627384424209595
0.33444908261299133
0.41369906067848206
0.5071355700492859
0.5870885252952576
0.67117840051651
0.34876295924186707
0.43607816100120544
0.5254871845245361
0.5932625532150269
0.6757428050041199
0.27680009603500366
0.35317209362983704
0.4375932514667511
0.5450968146324158
0.6618471741676331
0.28103870153427124
0.34156733751296997
0.4106801152229309
0.49008071422576904
0.5817943811416626
0.31711050868034363
0.39525339007377625
0.48993298411369324
0.5778359174728394
0.6777264475822449
0.27389463782310486
0.34551987051963806
0.42737168073654175
0.5172872543334961
0.6213188767433167
0.31437990069389343
0.3921332061290741
0.4920874238014221
0.5682799220085144
0.6736034154891968
0.3293592929840088
0.42050260305404663
0.5006234645843506
0.5859659910202026
0.6838513612747192
0.3009960651397705
0.372578501701355
0.45060157775878906
0.5425917506217957
0.6371876001358032
0.32976987957954407
0.4054076075553894
0.4885472357273102
0.571041464805603
0.6602652072906494
0.2552676498889923
0.30969786643981934
0.3660324513912201
0.4380147159099579
0.5284527540206909
0.2878026068210602
0.35408568382263184
0.43996909260749817
0.5357263684272766
0.6438151001930237
0.3291356563568115
0.4105834662914276
0.5020323395729065
0.5881274342536926
0.6395213007926941
0.3143000900745392
0.38861554861068726
0.4646648168563843
0.5403095483779907
0.6389067769050598
0.3170364797115326
0.39472290873527527
0.4716825485229492
0.5535772442817688
0.6313834190368652
0.28859516978263855
0.3599866032600403
0.44550058245658875
0.546278715133667
0.645876944065094
0.2905295193195343
0.35656553506851196
0.44321319460868835
0.5354869961738586
0.6315829157829285
0.3019614815711975
0.37805965542793274
0.4595023989677429
0.5384292602539062
0.6103670001029968
0.28185829520225525
0.3461095094680786
0.4319767355918884
0.5221415162086487
0.6103165745735168
0.2973954975605011
0.37162402272224426
0.45409414172172546
0.5499298572540283
0.6448599100112915
0.3379724621772766
0.4157997667789459
0.5094558000564575
0.5768763422966003
0.6577968597412109
0.31321075558662415
0.39072316884994507
0.4794507324695587
0.5665533542633057
0.6577290892601013
0.2544609606266022
0.315497487783432
0.28987574577331543
0.475643128156662
0.547631025314331
0.2733202278614044
0.33267807960510254
0.415936142206192
0.4782930612564087
0.5995229482650757
0.28698959946632385
0.3623172342777252
0.43713992834091187
0.507617175579071
0.661965012550354
0.23795495927333832
0.3054446280002594
0.3802957832813263
0.49986696243286133
0.5614156126976013
0.2751465141773224
0.34279191493988037
0.4242652654647827
0.4946802854537964
0.6447381973266602
0.2085292488336563
0.27091675996780396
0.34802964329719543
0.4578748047351837
0.558573842048645
0.2628805637359619
0.3152604401111603
0.4168398380279541
0.4648113250732422
0.5315472483634949
0.25040730834007263
0.3177156448364258
0.4017421305179596
0.4919212758541107
0.6094844937324524
0.2476879060268402
0.3117556869983673
0.38724765181541443
0.47776666283607483
0.5475928783416748
0.26439711451530457
0.3350696265697479
0.4066550135612488
0.507951557636261
0.5735477209091187
0.25746023654937744
0.34811320900917053
0.4286518096923828
0.487866073846817
0.5697517395019531
0.24112312495708466
0.2995768189430237
0.4024317264556885
0.49117615818977356
0.5852270722389221
0.26709431409835815
0.3351110816001892
0.41365984082221985
0.5145148634910583
0.5983746647834778
0.2352043241262436
0.29487544298171997
0.3845256567001343
0.4580289423465729
0.5352662205696106
0.2118537425994873
0.2749200463294983
0.3405468165874481
0.4713107645511627
0.5502673983573914
0.24293513596057892
0.3113153576850891
0.3974916636943817
0.5044076442718506
0.5720778107643127
0.27927136421203613
0.334560751914978
0.42358919978141785
0.4895472824573517
0.5853036642074585
0.27706652879714966
0.33722782135009766
0.4493091404438019
0.5176495313644409
0.5960480570793152
0.23434330523014069
0.32488512992858887
0.4205484390258789
0.5192103385925293
0.5978971123695374
0.2480427324771881
0.31732305884361267
0.3922731280326843
0.4713367819786072
0.5974855422973633
0.2847069203853607
0.34028518199920654
0.41948992013931274
0.4818417429924011
0.557152509689331
0.27281075716018677
0.3358437120914459
0.4095950126647949
0.4809850752353668
0.5378699898719788
0.24684341251850128
0.3163593113422394
0.3908962905406952
0.4750469923019409
0.5680033564567566
0.2538481056690216
0.32532769441604614
0.41039541363716125
0.4775511622428894
0.5581708550453186
0.24589428305625916
0.31178006529808044
0.4294447898864746
0.5665783286094666
0.6251112818717957
0.2558525800704956
0.3322502672672272
0.38604915142059326
0.4401533603668213
0.4910249710083008
0.2706674635410309
0.36276042461395264
0.42451363801956177
0.5091992020606995
0.6636301875114441
0.2943398356437683
0.42524251341819763
0.608204185962677
0.698333740234375
0.7137932181358337
0.2817683219909668
0.4064236879348755
0.5950565338134766
0.6780008673667908
0.7186858654022217
0.32782498002052307
0.4817720651626587
0.6128396391868591
0.6617885231971741
0.7078256011009216
0.25741851329803467
0.3388792872428894
0.39326348900794983
0.4370732009410858
0.5234429836273193
0.24656853079795837
0.326422780752182
0.41123178601264954
0.47110116481781006
0.6605671644210815
0.2911681532859802
0.4026733636856079
0.5069214105606079
0.5664057731628418
0.6934954524040222
0.25296351313591003
0.3305937647819519
0.3860192596912384
0.4218062162399292
0.46375414729118347
0.2854302227497101
0.3612363040447235
0.45227187871932983
0.5252163410186768
0.6621055006980896
0.2707197666168213
0.37909603118896484
0.5346202850341797
0.6659722328186035
0.7186033129692078
0.26590681076049805
0.3461760878562927
0.40408530831336975
0.508306622505188
0.6618025302886963
0.2731981873512268
0.37940481305122375
0.4855128526687622
0.6130146384239197
0.6917462944984436
0.21563595533370972
0.2895764112472534
0.34328994154930115
0.380962073802948
0.47880712151527405
0.25368282198905945
0.34257569909095764
0.43241381645202637
0.49203598499298096
0.6443542838096619
0.2758084535598755
0.3724399507045746
0.4996684491634369
0.5820433497428894
0.6526138186454773
0.2673848271369934
0.4450819790363312
0.6147611737251282
0.6477875113487244
0.6517078280448914
0.280524879693985
0.35933083295822144
0.5139237642288208
0.6188393235206604
0.6946844458580017
0.2512724697589874
0.32796621322631836
0.37823623418807983
0.46394777297973633
0.5828079581260681
0.2583991587162018
0.3371579647064209
0.3890001177787781
0.43251165747642517
0.5250330567359924
0.2712634205818176
0.34668055176734924
0.4410816729068756
0.5179733633995056
0.66596919298172
0.25611791014671326
0.33791229128837585
0.4309157431125641
0.5005801916122437
0.6413955688476562
0.24839216470718384
0.3281647562980652
0.43436819314956665
0.5259645581245422
0.6918553709983826
0.27994078397750854
0.37662413716316223
0.47312018275260925
0.5725835561752319
0.6571680903434753
0.26738789677619934
0.3534269630908966
0.44475463032722473
0.5200313329696655
0.7102904915809631
0.18097896873950958
0.23854365944862366
0.2833747863769531
0.3182377219200134
0.3527931571006775
0.2744797468185425
0.35039180517196655
0.45449161529541016
0.5870809555053711
0.6993396878242493
0.3704170286655426
0.49433690309524536
0.6234561800956726
0.6937347650527954
0.7151494026184082
0.3891168534755707
0.5024489164352417
0.6287789344787598
0.7076713442802429
0.7353761196136475
0.4401678144931793
0.5537145733833313
0.6392436623573303
0.69437575340271
0.7111786603927612
0.2716131806373596
0.350367933511734
0.44195836782455444
0.565790057182312
0.6933765411376953
0.28542643785476685
0.35134389996528625
0.44988301396369934
0.5671274065971375
0.6906487345695496
0.3378230333328247
0.43981635570526123
0.5727565288543701
0.683533787727356
0.7526369690895081
0.2773516774177551
0.3581473231315613
0.44196468591690063
0.550762414932251
0.6743334531784058
0.32486194372177124
0.4282645583152771
0.556454598903656
0.6676881909370422
0.7303781509399414
0.3568917512893677
0.4571763873100281
0.5890551209449768
0.6941321492195129
0.7320625185966492
0.2980610132217407
0.38862594962120056
0.49567273259162903
0.6293601393699646
0.7280765771865845
0.37150660157203674
0.4761136472225189
0.6059715151786804
0.6881421804428101
0.7126025557518005
0.2579992711544037
0.31035682559013367
0.3878743052482605
0.46272602677345276
0.576850175857544
0.269903302192688
0.3454970717430115
0.4512101113796234
0.5868845582008362
0.7317133545875549
0.34879690408706665
0.4751769006252289
0.5956735610961914
0.6766864657402039
0.7233714461326599
0.3500836193561554
0.4581789970397949
0.5833957195281982
0.6458967328071594
0.6526566743850708
0.35198572278022766
0.4282374382019043
0.545350193977356
0.6580028533935547
0.7060962915420532
0.27420562505722046
0.35893726348876953
0.47727295756340027
0.59757399559021
0.7063822746276855
0.3164031207561493
0.409324049949646
0.509069561958313
0.6161147952079773
0.7015822529792786
0.3317103087902069
0.42436158657073975
0.5356288552284241
0.6622850298881531
0.7291669845581055
0.2929342985153198
0.3722518980503082
0.47417178750038147
0.5964971780776978
0.7066097259521484
0.29623180627822876
0.38309434056282043
0.5100545883178711
0.6480445265769958
0.7349357008934021
0.3689930737018585
0.4578438997268677
0.5636892914772034
0.668637752532959
0.7306628227233887
0.30563727021217346
0.41078925132751465
0.5115868449211121
0.6494724750518799
0.7428379654884338
0.2342439591884613
0.2752332389354706
0.3481939435005188
0.4575413465499878
0.6018937230110168
