0.22860568721363084
0.2803194477193962
0.34381970106574045
0.39960916926760603
0.4557734884583766
0.2514351281767837
0.30714496626393384
0.3684461698595989
0.42935929702085573
0.49007191683461215
0.2758013673540063
0.34647456522094444
0.4174239326008298
0.4683720613316531
0.5093091518323014
0.26731188588109944
0.33159575147792353
0.39673966773222347
0.4500010687925169
0.5042697688439581
0.21702818607864405
0.264434038687714
0.3219194682426405
0.39108289778232574
0.46736047563331695
0.22947883319304552
0.2833500748634812
0.33970159199867567
0.39359752928035974
0.44822393604451705
0.246401981743106
0.3081411317115368
0.38264480954027036
0.44806816034972385
0.5100795398546474
0.2269050158290078
0.27422429456308706
0.3328769580399502
0.39755086795694083
0.4610179586991059
0.2736808990505324
0.3493298496578632
0.41771134053830394
0.4702343529104134
0.5118875354185093
0.26572999689074095
0.33088598989094464
0.39748472691073644
0.455199288077214
0.5068372479911432
0.24570032123393393
0.30502802159629994
0.36629242675420315
0.4211060620157383
0.4801242896952864
0.2579456385328207
0.3165371553368459
0.37667660119110735
0.43277418666372114
0.4877976400821673
0.20995784377827764
0.24913082698734357
0.2950126431256308
0.3436952908082844
0.3969671378868611
0.22768716118963894
0.2775555825146512
0.3400767477654796
0.40000368896522787
0.46827416551326806
0.2694968144997034
0.33824262589093124
0.40317298510936794
0.4505862256747015
0.5014288531742892
0.26857112718943554
0.3276500548565764
0.38930453382762664
0.4342951922565277
0.47772590707794294
0.2615346991878056
0.3250122537758138
0.39388679050739484
0.4444307222365893
0.4925814540361131
0.23697657582644993
0.28912077444048023
0.3466946503932036
0.40245928901236994
0.46238144664302183
0.24640991114609623
0.3047266873729768
0.365851446916853
0.415451266439959
0.4713302254836016
0.2310584948103136
0.2934401875074997
0.3662459649399388
0.4505224519167683
0.5075071632067853
0.2523322603356206
0.3203470089532381
0.38123309227689006
0.42852444628101694
0.4699704316533513
0.2462947106449045
0.3058512283988115
0.3648296471765775
0.4229791234507161
0.47736376844898487
0.2823752807740334
0.3626118560205782
0.43109655429640625
0.47581798811258125
0.5157197605697093
0.24270696113990997
0.29686800871628805
0.36804721383509786
0.43108763152062934
0.49588080812847934
0.2458962727184968
0.31349853993078014
0.38848790076204764
0.43875000168941725
0.4811842358573273
0.2045731711864116
0.24663586396150095
0.29970757839379303
0.34646109288866
0.39622841715214463
0.19898994478083765
0.2401982693112501
0.2930589266662196
0.34784625211372955
0.4087655224993547
0.21143964197076404
0.2606462923193966
0.32750923034859625
0.3922726415275726
0.4454891986206668
0.21456622511220846
0.2648053475382426
0.3221525195408823
0.3787794664600028
0.43698642189191617
0.18738969940098915
0.22331708326429922
0.2682183623604182
0.324615822112051
0.3861858874219628
0.19432272658221805
0.2350259937566399
0.28589762698408094
0.3405654276421366
0.39375011311776476
0.19465443161177465
0.24146558658614836
0.2972965209590974
0.3634590492773704
0.4306391071418183
0.19436327094501937
0.23151008444003285
0.2782883564196368
0.33334206226544794
0.39155359552955815
0.21213782672561265
0.26591942324536433
0.32971320874872845
0.3999175172104721
0.45247194753778786
0.21381565189230756
0.26170201165633955
0.3196152265039167
0.3769048326817348
0.43326470157041186
0.20372696803230284
0.2421796869050974
0.2972605127412784
0.35303009624118786
0.40896271755686087
0.2138278066026098
0.2590074674517986
0.3107924319611044
0.36391318358988656
0.42157204138698035
0.18995116342864904
0.2236977819685757
0.26349065962314455
0.3087761297685212
0.35673880076871356
0.1959012602517909
0.23551421415550866
0.28217127817430665
0.3308868127601414
0.39002024710157457
0.213284269669348
0.26403370976026963
0.32420748230015306
0.38641950092086574
0.4384991749706302
0.2134679696193622
0.2619713238552812
0.3200704354790709
0.3728736988850869
0.42582342385347616
0.21906176651283715
0.26716583363283064
0.3210730084490798
0.37855308840109103
0.4259002840364623
0.19898242027471813
0.23504206021920382
0.28616068071302436
0.3382297305427393
0.39589419209571375
0.19958022365301886
0.24176249470110633
0.2989613181449755
0.3545783585627902
0.40677436637226094
0.1917366841767354
0.23504659707154563
0.2933687710020081
0.36135621245324856
0.4320048902651621
0.20025421431581947
0.24309243380835088
0.30623768430828946
0.3674847748062007
0.4188912795524544
0.20129463335484843
0.24238432424716905
0.29607236226235045
0.3549048224215312
0.41367247811132657
0.21709505558330822
0.2744094802907604
0.34308272419767505
0.4097412902584807
0.46145020442145324
0.20254864746404166
0.24281074604337594
0.29674013221668716
0.3532180326843104
0.4162016104459134
0.19732257073337678
0.24511163700005056
0.3070123849559856
0.36993734598355843
0.42262201832423685
0.3481702357431118
0.3999619966596448
0.4526409982850623
0.5169931162471961
0.5808512558417078
0.3667863016217012
0.42702449454692726
0.4883498851441459
0.5516042352894637
0.6075154485463372
0.40049345341584797
0.4564499270196052
0.5066434278365364
0.559984135780244
0.608249982641329
0.38267961600283584
0.4351164557342635
0.49781705662668685
0.5545948903642426
0.6055892572519816
0.31914175411842294
0.38542041515740166
0.4537226911055292
0.5362432750184922
0.612681622833211
0.3338186489459396
0.39215207041712574
0.4528423285428431
0.5069300130435614
0.5686408676840671
0.3626738805406262
0.42835808856631274
0.49234638056282165
0.5580233056899466
0.6218683817141688
0.33075256147299115
0.3866167900205255
0.4557759028430155
0.5258374929567822
0.5993882585805501
0.40246866668985604
0.46071787800332586
0.50977572366277
0.5590306536842036
0.6136953868925765
0.3846860159557117
0.44370861864814515
0.5027340674042904
0.5608929862987999
0.6157762230469785
0.3578322146061055
0.41723294693699486
0.4761412070607207
0.5385309268931451
0.5976504612136893
0.36753138739897295
0.42355575510288546
0.4825573296378174
0.5398711865333361
0.5930361965184261
0.30724790661339796
0.35601043207412886
0.41283250001674787
0.4718705331009154
0.5338357591336376
0.3344994866732556
0.39339644801708573
0.4667306426911324
0.531591139651951
0.6029465827517164
0.38862841801255854
0.441101397497178
0.49724048491484396
0.5492490193317714
0.5998259872920677
0.37698116918272717
0.42588799216477824
0.47852678976676444
0.5266611963116397
0.5801451739718146
0.38246291253835807
0.43050855312145586
0.47807243978594727
0.5282503188382748
0.5837737792213069
0.339028874042274
0.3930283684248934
0.4592859922806589
0.5249544042783327
0.5863357138534866
0.35318473460712596
0.40837409368863575
0.465952879379131
0.52646180529905
0.5909579776198512
0.3588623846786163
0.4310570286666149
0.4979779710774359
0.5525984200677989
0.6051327381863167
0.37180898555462605
0.42143830324334886
0.4737627343347164
0.528342856869358
0.5890591521656496
0.35978734296810444
0.4200102246660755
0.47672122001515405
0.5345537845309742
0.59618162669382
0.4058218084407059
0.4597037658584533
0.5055375638449391
0.5547584287362497
0.6065843264336799
0.3556165622969196
0.41948480706560076
0.48645435342911014
0.5531732479119142
0.6186322818372361
0.37428029617700886
0.42821758359807305
0.47657406456977824
0.5223619739290939
0.5772981488828464
0.13848619827645425
0.16302951476235705
0.19431056147066617
0.2300643709759811
0.28204071974443323
0.15384898173876138
0.18182677544588444
0.21897972800457044
0.2706046439982721
0.3430885196782043
0.15748078412523014
0.19105327771072567
0.2316918593723507
0.2903265732763636
0.3705498403002281
0.1538162527675837
0.18318328835175013
0.21836834094051483
0.271422210407227
0.3477994989703461
0.1362215035535428
0.15980796857265034
0.19191801437388278
0.2326463921758979
0.2877877139383145
0.14098630180857086
0.16411148141604404
0.19482769089881913
0.2358478492288194
0.28016868482781376
0.13982391775474756
0.16798755264277876
0.2033777793945868
0.25419033445190564
0.31819747609020865
0.13980214323966322
0.16278840934916516
0.19434705794770935
0.23588637859419137
0.29068265781697633
0.14399276932307714
0.17185331389326652
0.2106390262235358
0.26387085849237124
0.3325052459241853
0.1560584189665093
0.17994050595022149
0.21533277239828763
0.2631315865997408
0.3256831711660766
0.1471220701287166
0.16953638440583152
0.20272385462249431
0.24593020499105478
0.30357466010864087
0.1563475843129547
0.1840774823709559
0.2239099133538538
0.27737530243684105
0.34517534192974964
0.13403622442247443
0.1516511184586875
0.1784399363247111
0.21000599678023946
0.2529524798405056
0.14189176394968062
0.16437362105431763
0.19592104684149092
0.2379130228153059
0.2943793535084893
0.1673812418089291
0.19753137046940594
0.23733293525032284
0.2897359367901551
0.354963272320564
0.1460056148659996
0.1689713816094809
0.20290571546490188
0.24625294454427493
0.3006376920156164
0.14536010240640795
0.1680566225859117
0.20283089435071489
0.2491749488885029
0.3096003292605509
0.14353157766431313
0.1671330396807349
0.19782028077486657
0.23752160028038904
0.28968479800118985
0.1328577849047088
0.16628461879344414
0.20284157840160333
0.2396239496005279
0.31420498090071547
0.16328320225330462
0.19405042963003272
0.2360604512708484
0.2919108989218877
0.364179670997121
0.14027938646563598
0.16418554630138615
0.19519687660167406
0.23682461604188632
0.28873176170272075
0.15255678603631395
0.1768951570478885
0.213997953674828
0.26184418391907016
0.3241330935509268
0.14167224405497691
0.16980463732088058
0.20709403837612683
0.25664962178895223
0.3178204791929353
0.14479428046456633
0.16836943508934965
0.20008357052220394
0.24149086383984386
0.2939004059180803
0.15052844507917573
0.1818317316204352
0.2211061472966236
0.27210151439534513
0.33000453105333705
0.17227998542898604
0.20803872505581467
0.29232505599526704
0.392569780945351
0.4952133283435991
0.1916944574600734
0.23409582830714726
0.3282506041799458
0.43098260017217527
0.5316063500339716
0.1966490160576706
0.2524005304628787
0.3751145738017527
0.47014942250194736
0.5467010327216748
0.19791246800998952
0.24641585828206658
0.3551689860489695
0.4548580127917923
0.5411141043211707
0.16874871495048982
0.20304449454041507
0.28367360170256006
0.3989033792313421
0.5394255323660815
0.1755733373439492
0.21287541397913756
0.3012320695891191
0.396355917456507
0.4904349195010269
0.18068700279322147
0.2270016170637632
0.33630802888149347
0.45171721831957257
0.5557105725559417
0.1729227320266915
0.20747811124375293
0.2894056354418808
0.3932036407333648
0.515868302045309
0.19608309702356141
0.2511507371269204
0.3758634624769144
0.4726799356924438
0.5477727524606877
0.19954275978870673
0.24902709789611155
0.35670063812540675
0.45665234416660283
0.5497930217779334
0.18416809840008685
0.2257254572247982
0.32029235936022715
0.42344784431611515
0.5277976231952977
0.19398114482045514
0.2393015904841036
0.33691438162465204
0.4344695348458494
0.528786510756337
0.1646278438949489
0.19322244844595904
0.2551462537854263
0.33726923382389273
0.4375448423264885
0.17648491436262592
0.21197250977348236
0.29289903360064784
0.39957684145420913
0.520896937164764
0.19712473138128317
0.25012518542149564
0.3660550984132591
0.4603679073331115
0.5398090869165486
0.19286254329246333
0.2438148201354693
0.3513723632075916
0.4347743058956475
0.5086321816811825
0.19023284031583731
0.23810694987027237
0.34793765831154033
0.4489695920257333
0.5299428434885591
0.18075255380109922
0.21961685708437617
0.3081906315719749
0.40438354253878117
0.5135015515638521
0.18327521507222855
0.22771483541106452
0.3267205864906977
0.4164524397049405
0.514591800890063
0.17478131916953377
0.21857929621889127
0.33077943697571754
0.46145020442145324
0.5496993309507481
0.1858044901087732
0.23450014945470699
0.34448301959603
0.4286367481917672
0.5108708739062564
0.1869949051138633
0.22924481556607645
0.32710759658204225
0.4232698332083409
0.5198596739862893
0.2054775660111483
0.265925755012578
0.3941787775207928
0.4777010241899724
0.5465421234595311
0.18288228334937262
0.22414522799253067
0.3215378387267833
0.43359958471734217
0.5438085963454711
0.17854466817237924
0.2298982394822957
0.34788745372873464
0.44615454083492523
0.5286310070337983
0.24129875475706886
0.29362270713340877
0.348171009489878
0.4054841679214327
0.46226496976686704
0.2778184152996346
0.35596889445110946
0.428239582298918
0.4850887576506011
0.5372692235487229
0.2974247773251051
0.3590126522477135
0.4300341415303741
0.48259004027569574
0.5316294702313975
0.2688416012424568
0.36216743044039745
0.42054571168961274
0.47999857873023544
0.533305631168389
0.23945536360179265
0.2984021357478106
0.364488501156476
0.43717643715396903
0.520246269465364
0.2725037418279044
0.3717850711840498
0.41784934072817137
0.4599399687001018
0.5017141288277607
0.2580252000478289
0.3126761635658113
0.3766662120469846
0.4492602294431549
0.5149075701374137
0.2541035544335415
0.33107026955451957
0.40654843560515985
0.46950815551696223
0.5409133984658752
0.28671249150633926
0.3586262624858172
0.4234546707593836
0.48008439409103687
0.5238056866921035
0.26216911095288253
0.353895244902688
0.42347786556294764
0.4839070869566662
0.537377578724719
0.2864634122243501
0.3416528790839948
0.39801130189505685
0.449874568122155
0.5107259502836179
0.28449502110112235
0.3775561001603478
0.43966232974534947
0.48355836274965114
0.53437233758169
0.21938063791583673
0.26185736013733063
0.3116777464583862
0.3632380157618833
0.41845338846002633
0.24813411410926633
0.32756462862658964
0.3791817000789912
0.43984296417534097
0.5108670396832373
0.32059076240176765
0.39325484705445035
0.4528666355821578
0.49632699620488907
0.5402115278130282
0.2576581931595143
0.33939358817816867
0.39300340744559037
0.45292568114030374
0.49595669799615294
0.2976212133277478
0.3750431718217442
0.4275167295235214
0.465002194108056
0.5104514100541024
0.2576009532297121
0.35668447657650404
0.4088508128633208
0.4666598731190028
0.5210915713696664
0.24483288089417332
0.302893138028427
0.366144682628633
0.42309317771102783
0.4889614583333959
0.36386334940488396
0.47899991888784044
0.522313640379398
0.5596310217424758
0.5978700942503714
0.2510119764087939
0.3145905258765289
0.3821820783389427
0.43971979671938755
0.486603358965624
0.2572757261290839
0.34507239463681927
0.4019179890502187
0.4582732967336689
0.513039766717057
0.3009895784572656
0.368140440958431
0.4372812745313617
0.4920376077462265
0.5358107266065559
0.24136217744313715
0.3233599158500091
0.3894224346881323
0.4497667127607521
0.5192842165209619
0.2875912904985398
0.3472852812759051
0.410912830057498
0.4699663455022005
0.5192740799153661
0.2725534654691195
0.32129102259227693
0.3854158266878507
0.4470359534507793
0.5272420241174167
0.2981826582820304
0.35732701979299364
0.4357783375128612
0.49247888483137103
0.5581705158421215
0.3538263173942511
0.42218961696198676
0.47686823353467744
0.5189029593073116
0.5767672275322901
0.3496008822021537
0.4169204562285813
0.4837673666134066
0.562065297935991
0.6241899745942305
0.25609847737317537
0.33373559013913123
0.41358254640778114
0.5045259608885466
0.5683212507012882
0.28527229268462406
0.3354897286105576
0.3849634045708541
0.44042337969259293
0.502687242283173
0.2955158246641645
0.3628266672563427
0.44074044064940665
0.5172596358534207
0.5747475616996702
0.2502388928541599
0.3169419796083872
0.3906743244005071
0.4694985169726493
0.5432892663582187
0.3227495693066693
0.3858752531521681
0.43391402325159234
0.513259487881701
0.5673603348649046
0.3418274475669172
0.4013348364114542
0.4764097349221288
0.557220537376427
0.5987343633756979
0.28303586512221557
0.366258445852111
0.42583353663917833
0.5068279974129588
0.5629848690189334
0.3401313217480926
0.38694418456088897
0.4743956505549818
0.5046263896619543
0.5639339275504085
0.22213585943277625
0.2741135626430413
0.3374937169599015
0.4205029622133658
0.5225421459516646
0.2729012220444851
0.3383413597125049
0.4435625217143411
0.5146496960708333
0.5964716952230766
0.35573777900255266
0.4272963302910604
0.4664300922500253
0.5474808423021251
0.6181888675451432
0.34634736035758706
0.402801266732272
0.49175852435907075
0.5382901176915347
0.6058319632045119
0.3270621904432893
0.4299367424139042
0.5151018522570325
0.5638821856843066
0.6163527835326477
0.2760200896069911
0.3471119231370814
0.44144468096618894
0.49679363426184864
0.5623788600823652
0.3038099110081163
0.369488090024106
0.4339894112196738
0.4921357823161685
0.5620983662153414
0.28446927018820034
0.35950252564867924
0.42929446609366906
0.49403211804838065
0.5335589939073913
0.28606720181619494
0.3666070594053714
0.40790770251602737
0.47476988615858673
0.5408408063033221
0.28423489510737454
0.34957480325920187
0.4154044740522558
0.479972232723469
0.5608154053900307
0.3658174143750479
0.4589451263869968
0.534872219049376
0.57942763421892
0.6487046110312669
0.29820498647314153
0.36713986126189013
0.45476178086028085
0.5209710177821911
0.6028268088421704
0.4143271348766575
0.44859121732594076
0.47838685896658717
0.5157117990081339
0.5572282792204675
0.25065649875068985
0.3377275579235892
0.45382427390592284
0.5808901418714072
0.6606637842044769
0.24607382235163655
0.3278893348580283
0.43702984355548224
0.5443046917789616
0.6130451186269426
0.22583132421949959
0.3000496477071124
0.40221414689121104
0.5124837997526335
0.5967041875989167
0.2205262518015303
0.2921247703967289
0.39044121579880553
0.4921826152031059
0.5744904733683711
0.26818613595915863
0.3577355962166031
0.4842813217172228
0.6277575909746389
0.732337892323276
0.25969961556620547
0.3416513461451274
0.4461974600694738
0.5574985655748641
0.632511392056486
0.22105662591614195
0.2960974006016528
0.405364011831125
0.5400288602793957
0.6739831266991168
0.28325109236064705
0.38369360561796384
0.5198400772423071
0.6478609243551183
0.7340810458301803
0.23104646151126307
0.3082006908531554
0.4158702102425629
0.5395801637592399
0.6373447930684648
0.23453236242517406
0.31245189693411035
0.4259786294371679
0.551885375491338
0.6319933732889957
0.2575175855128151
0.3437328910852244
0.45959603159849394
0.5813994145594279
0.6570006337339898
0.24763315515208806
0.33060024188615955
0.4371107034359376
0.544231256801627
0.6200947994316017
0.2487691034101127
0.3310881721735228
0.43866496363342833
0.5463114244526537
0.6123325070931038
0.24551590685237912
0.3295503844984218
0.4489509810139545
0.5851821171987126
0.6804446226672702
0.2316559978519308
0.3049040602859385
0.4020244058565936
0.5106499609280526
0.5929070385664978
0.2295722109304279
0.3075174303376116
0.40861904810828165
0.501967812830717
0.5587400358541892
0.22036805003534798
0.2903314549519145
0.3915283830582581
0.5087646486944699
0.5931505869462086
0.25231561340683584
0.33889069077930856
0.4433836651323908
0.5563171578994606
0.6396622721970893
0.25669352875192786
0.3496764461449544
0.47587949817399533
0.6069148975065595
0.6876580963358379
0.25597470079583573
0.3353321800796074
0.4398591717035494
0.5592775733203013
0.6496061094041217
0.24817494077409297
0.33219564445302296
0.447115023534991
0.5649693529754565
0.6483737897150696
0.2457703477069808
0.32999549162412123
0.44147501669817757
0.5602357272093208
0.637891753725853
0.2138673600350991
0.28419104394232875
0.3843552918083084
0.5037011467553754
0.5990434128653419
0.25043381182033286
0.3377886636030816
0.46097837935809594
0.5903860031946842
0.6670997270253451
0.2918513251870536
0.40320704768612714
0.5370763084763475
0.6773438373386398
0.7363969822998264
0.29881409355511224
0.37414866838395255
0.47418925588500827
0.5542411724192995
0.640896023388482
0.33937851805405117
0.3920110667948826
0.46852708396957965
0.5428267452307409
0.6164007020290683
0.28331758639214755
0.3374393549991197
0.4094823448759257
0.49864756336143046
0.5960474328858822
0.33207837031398313
0.3806867734331263
0.44250760684352386
0.5155702989253683
0.5927249378224566
0.2697206378975494
0.32594643683410496
0.4350054309739768
0.574979487533259
0.7053086909618287
0.27768849100590387
0.3367935101494801
0.43001967948748643
0.5302089474100491
0.6219178302816921
0.2556378447530392
0.30811486134172483
0.3973768085645055
0.5073340176437
0.6344703091972406
0.295973192300071
0.3487588128564312
0.4332268028639561
0.5440266324127521
0.6660791421353593
0.2763393429035865
0.32545007016802074
0.4045848340203442
0.4944983469358455
0.610312075061529
0.3079410551528241
0.36091642453313
0.445365720415257
0.5508214051019991
0.6400704975467306
0.3012429306614308
0.3599458142644494
0.45068593622704967
0.5568548632686863
0.6469954447591277
0.32797876309109597
0.3767683537958533
0.44855928079465457
0.5262697163094323
0.6009974335623589
0.2764417485119033
0.3465549836518136
0.4475437337528412
0.5400132670721156
0.611293213141014
0.30249784946823866
0.3599721341757345
0.4533028291420216
0.5573186047080902
0.6612920053956408
0.3064750205027309
0.3543701193353286
0.42715023412256414
0.5099912544291243
0.5915784563036688
0.3048196124964875
0.3538456050740848
0.4255384482650335
0.5069547970927069
0.5666603497576297
0.29694816475966945
0.3478706493624486
0.41751451204519086
0.5120927633761454
0.6007416537415544
0.29029394418325083
0.34743668895090707
0.4438775335047218
0.5643514405364023
0.6379811592600824
0.2847107387015626
0.33888985801731053
0.41651129283738797
0.510242083342348
0.6124336303314557
0.26222008022628884
0.313186711573735
0.3877294278956924
0.4990904464468713
0.6129378784915254
0.27514084340439027
0.33078595033589764
0.4156234758971813
0.5161926847925749
0.6196879281952192
0.30113033832899205
0.3676155866277355
0.44828339650899807
0.5318835647654083
0.6186516907023112
0.282864655208769
0.32976742397892167
0.3977930813333366
0.4809060160323533
0.5908397670284558
0.2954080657706051
0.3574708360170895
0.4565245898008108
0.5672852709005873
0.660437748035875
0.19431056147066617
0.24542158482745435
0.32353849424291425
0.4511491026515593
0.6201555365326072
0.2140283126869349
0.261979560951886
0.35222974874287516
0.4881517205680588
0.597894797426509
0.2318613067205968
0.2848837152314765
0.39095431053241114
0.5294697323740962
0.6138542484973755
0.20329994189928957
0.2469775199821278
0.35315944328675997
0.513712143832791
0.6180120149139476
0.21527917275312802
0.26298007866957107
0.372729291106225
0.5247265807594346
0.6431136334652052
0.23447249886663712
0.2884953807328863
0.39665534986903594
0.5564028745295992
0.6708947724408887
0.22086646717500358
0.26936334461627
0.3580745666620402
0.4954864254623317
0.5940607783870746
0.21546965046428923
0.26229736764026157
0.3619575479622519
0.5154513271920678
0.6214213656638243
0.2290719339094247
0.2795335158825907
0.38039872508486283
0.5196375132499931
0.6308530587348038
0.20672126966656013
0.25627671509952066
0.35242299200967864
0.5034877106899991
0.6057390871788471
0.2149924257219169
0.2617135986838548
0.36461597131989265
0.5231551011664948
0.6206957300023284
0.23118365969578836
0.2796743991063444
0.3751737155562864
0.5176337706637391
0.6359841218369731
0.2141162032729591
0.26164072664593974
0.3618303282620481
0.5186049393028078
0.6199172050682513
0.22264667664737559
0.27280059512992594
0.35711854478879346
0.47840392662488185
0.5837864396830952
0.24465059078071594
0.30097329377453264
0.4004916428323355
0.546849210194992
0.6619664007235428
0.2168971150860024
0.2665494649781728
0.36913622589611705
0.5246856503108575
0.6211525379298024
0.2086472482956916
0.2499599472830596
0.34543004486497253
0.4875975897927134
0.5874145192388234
0.20486097923037594
0.25201941389383364
0.34531452025943565
0.4865781627882235
0.6117589493605955
0.23447477896827795
0.2848543201489271
0.3899549588416882
0.5291726818531153
0.6276660713914204
0.21562110242538868
0.26349714598615037
0.35696710726032066
0.5029634067517783
0.6176466746012608
0.20431552392615604
0.25073188386274126
0.33975710866926434
0.4895830898551736
0.5906183143644661
0.22950832936775445
0.2809425552271847
0.3707222046812184
0.505049214606462
0.6118044511171696
0.2341282730630292
0.2832432887064442
0.3778915078805909
0.5245634729194002
0.629171938838283
0.2026452569288404
0.2524134668959874
0.3595813681500637
0.5171229813259401
0.6395059204368216
0.23401012728676562
0.27972452048885543
0.3802416203404988
0.5241252192627712
0.6211760263250312
0.23700335805951855
0.26429919330414364
0.3457560558950412
0.48361431929384935
0.5908137439592451
0.22116940932797835
0.2865187963616336
0.36393871324594684
0.5165714886691184
0.6687847275091805
0.31282669724852497
0.4391370802550796
0.5956750275771903
0.6693119515549739
0.6910213729553369
0.31094078324998975
0.4712114811753878
0.5945417806746178
0.6771143767370837
0.7068668414229116
0.40458081528237244
0.5238593523814394
0.6048262936411817
0.6636409281196762
0.6871390105743558
0.20666734376224927
0.2784462868916968
0.3565668002146971
0.49433757663624434
0.661233357493586
0.2274702910948898
0.2920238158782382
0.368118163737595
0.5079851438660086
0.6539829088240054
0.2809973399075183
0.40208918491405043
0.5417745304948909
0.6521653265431304
0.7266689925398993
0.22854843709865236
0.3037645749291187
0.3824946879403832
0.4564085308704904
0.6375103985766515
0.2830698596227563
0.3581830026150925
0.5041029318852139
0.6323091830865657
0.706220433567978
0.30491452657089724
0.4211930170189504
0.5565907806567907
0.6549256900530196
0.7003133126243064
0.25141641879942256
0.3197208422569844
0.409379826958741
0.593609820352615
0.6988062524083603
0.30885330625791596
0.4295730394142403
0.5810965867013351
0.6562574053270431
0.6889173864984777
0.17946338620299684
0.22665528821585212
0.29379313582752786
0.3913094864076392
0.5479393410759172
0.22691012649034192
0.3022058939888126
0.3975268160307657
0.562191767014383
0.6984660799526097
0.3054850460530112
0.45614328571588203
0.5758427962486081
0.6513337266114974
0.6890206889077923
0.29738427574813286
0.39592749574069686
0.5499599172891898
0.6123998594653735
0.6238533188961561
0.28846579990161914
0.3837684110252759
0.5315889667579974
0.6268716709925606
0.6737712621083034
0.23029829156156723
0.29670727454871226
0.41295835421241023
0.5725138568566059
0.6797603857339176
0.25856234900559016
0.3302541914754329
0.409749684082783
0.5483988262712955
0.6717298724780107
0.28098533358056343
0.36240765767638905
0.531673539067711
0.6373073920438834
0.7016054005702053
0.24725690120824684
0.31385333063562726
0.40452432758715773
0.5605463688800825
0.6745544952323712
0.24834953862432485
0.3280972230697934
0.4622819905243638
0.6183415603557627
0.7041055203026794
0.3242533007859585
0.4535381847988482
0.5676460004417692
0.6410023414596857
0.7012544648518002
0.26349231180237
0.34764723908837425
0.4592850228143597
0.6305446176712657
0.7131553930312293
0.19048309147287057
0.2208140037086972
0.26514646970870004
0.31830998652191056
0.4062217376493358
0.2579664056902544
0.2719144983931443
0.38834072300323896
0.4434764628249468
0.5115377362119631
0.34379880136501484
0.37389393775755764
0.5735460210867451
0.6107191177069495
0.6739186341361005
0.3467933464713866
0.4148229778721202
0.5871165226417396
0.5835436377822134
0.6561366004326032
0.32513146835654894
0.4300953538424892
0.49828969585723826
0.6158525583044963
0.6417391750801791
0.26697128257387703
0.3057861616259885
0.36840463652740496
0.5448674472163795
0.597607977063408
0.24997323823072648
0.32335123903681406
0.3712337276380282
0.4195157684665709
0.48448558617039694
0.3751782426480901
0.3821977020989067
0.466976464078698
0.5810275253693931
0.6585612927172271
0.24039736283620883
0.29719292197643554
0.3552632677390335
0.46234188987206437
0.5441835047381716
0.22325562703056878
0.2740055987104917
0.42893173758047
0.5380964947291353
0.5946524552810075
0.34876507848509064
0.3154749357435982
0.42471221665681824
0.5194766589855568
0.6322621667867203
0.24889627001165593
0.22879204906616568
0.4034777827777738
0.49442030553314
0.6019019702160087
0.30659606633713565
0.40129450960080604
0.45581936286004066
0.5691347608355422
0.5438770795799464
0.1902587861835281
0.2593499959901102
0.38242221835957935
0.3391223771359364
0.3992677209931941
0.2082728660682598
0.35831757162583244
0.5072936863577446
0.4645456997668731
0.5632958244778052
0.32056659886814387
0.37515721380772504
0.47490345426385616
0.5831945505924665
0.6456519000957748
0.26050882646588036
0.3045270647403555
0.347480044695633
0.5147374429807314
0.5869892896214566
0.2747944743879458
0.36925240873020826
0.4026835513078062
0.5371788776668076
0.6300426392307976
0.26509552368966993
0.3685853308173961
0.41250665515093843
0.448458688151959
0.6114015210697268
0.21986625514209468
0.30315759476113513
0.3809145242203158
0.48647314416463416
0.4854621200249767
0.30878513871559576
0.37394146533826245
0.43776558131444077
0.5240313254290072
0.6283398267933116
0.278539518970522
0.3471547669487087
0.3078155773285154
0.3798684337553482
0.6245201265944935
0.3229126016833561
0.3259021321699862
0.36740810532842616
0.46947409432451437
0.6186427832143551
0.34056389714482194
0.3811840731395968
0.4606770978778094
0.5652375665762435
0.6602172716651609
0.34610382086777136
0.28070850094312405
0.3379152572370572
0.4876891599475499
0.6438217398616395
0.25351727649700706
0.26843788675763847
0.4032906963402638
0.42921034940412994
0.46460322667384446
0.23964980139234981
0.4009354336071489
0.4801431229788058
0.5138144226698707
0.5006560028774096
0.3902835400388085
0.43229774423253176
0.5613101760900783
0.5894278365640417
0.5731356790902318
0.3505677574037378
0.50806254913525
0.5138566359513597
0.6319202137275717
0.695099223284533
0.3950370307340769
0.5088558892151838
0.5595932106251809
0.5629900568694666
0.6623681952846852
0.3071887699656237
0.35929041576997633
0.4546205465813138
0.5621165094953682
0.6636541355324113
0.3167954240133355
0.2908607819251898
0.4223801840863075
0.5124238931638878
0.5544422940544145
0.3700867960235179
0.45652104579830066
0.5565840215333537
0.6310275724536183
0.6721875907826416
0.2875925690801182
0.44100979862477985
0.3471365053286526
0.503372424966301
0.6440132489036934
0.4000486256009026
0.4888034242903281
0.5608540612595938
0.6096789604746391
0.5990005101850535
0.3031883789839327
0.4987700522267211
0.5375313045262828
0.6372303094245559
0.6208943827584932
0.43708288237964155
0.3900364025087164
0.5395598485179676
0.578151593609423
0.6306975980412552
0.35137299917755627
0.381740176177118
0.5161210001041496
0.5763959179737164
0.4312409752188273
0.2174689980244615
0.24980200278616227
0.37387389252106473
0.4127130979761695
0.5236972420744337
0.3880169706811252
0.33090306463643415
0.5014310479421056
0.5590660391804114
0.633274825434512
0.3263456548205035
0.4638630429975912
0.5275133367160869
0.5819662926547018
0.6526630387825207
0.3865537142883433
0.45697624046710317
0.44763792283960413
0.5561706368786226
0.528428383772539
0.34977394415222207
0.38182775534128055
0.5295301066991129
0.6102811565438628
0.5937080997286479
0.4023782220329508
0.40426764260178416
0.41696310019291616
0.5345061103273707
0.6086333656890162
0.308626507729187
0.4057801177605178
0.46011534125136677
0.5382923042382117
0.6429987284391814
0.40398891406269755
0.4812561809672502
0.3890822444357731
0.594503910998597
0.6764027958966246
0.32105423040110637
0.40724535847801135
0.4870553378001574
0.5688473721997731
0.585695456983558
0.2935513330075459
0.40749834492322634
0.47885604178492613
0.5578002565289921
0.6225669544155608
0.3544960208142953
0.46174064087587396
0.5347411900268959
0.61923616199525
0.6199490237523975
0.38937170165675994
0.5245531122402589
0.5703195206937295
0.6102095440696509
0.5959508006103675
0.34324634314101843
0.2716545982630123
0.45538654527507916
0.36998237360464614
0.47741607070798864
0.2592001877683323
0.27580562450344814
0.37139934928178775
0.42652974033547153
0.48498199047004675
0.31754258043728
0.26415451794770206
0.3683414003748773
0.4107085951677938
0.47258380333056493
0.33079081825748347
0.26382401513933473
0.3479802014443436
0.39669078780804057
0.4730090560997269
0.3492341043183025
0.23575042537180568
0.3269526423618032
0.3739542953869801
0.4524734710989584
0.2632568979031227
0.3090606374557048
0.41099169527120694
0.48152862876840175
0.5529786505227072
0.25065273874497507
0.27243921365343127
0.37060332340033497
0.41785011131247884
0.4739110964343105
0.3048978069309669
0.2684884116902708
0.374981631397052
0.44464015465638695
0.49869100099022035
0.2645734559245092
0.30858035012579776
0.4248198999260957
0.4936794287709887
0.5611759476410185
0.30467759809086203
0.2733477908624913
0.377816251645843
0.45755059251702335
0.5138764614106925
0.30031299111038834
0.29128435899133365
0.37707866864735706
0.4560262287442498
0.4936504485067985
0.2725300655434957
0.309307418417589
0.39632086971374747
0.46569154549160885
0.5154995133694662
0.31094669942504893
0.2671175896989588
0.3569839162385655
0.40903217019920035
0.4814859451495437
0.21668111901103604
0.28761123669482913
0.3781120437331573
0.41315104097010646
0.47879038029023846
0.27739884666607395
0.30175840228281814
0.4238399109225135
0.5054355189261059
0.5678035468877738
0.29988309302794747
0.25710481782249417
0.351203003696142
0.3878931946875497
0.4601355569258345
0.2815907717781876
0.24162995633212692
0.30611004773801653
0.37780973028021947
0.4139469337315518
0.28324068751226505
0.276752528354848
0.3594362703226217
0.4180029322213983
0.474094119289564
0.25030324112277924
0.27403299332496545
0.3787122648739114
0.4338386418318727
0.4916949097798273
0.2701155882468562
0.30562896197765
0.38082587281141755
0.4357988769502441
0.49420323027005963
0.2810146547464889
0.31016306418587547
0.4122684218599524
0.4834438070061289
0.5274619083553809
0.24700903839206845
0.27852309842364775
0.365534183737509
0.4472076528283111
0.5018355581097502
0.2782333963080106
0.28474407029079885
0.36687467556397735
0.45819978217834034
0.5166791930154346
0.2784353416389287
0.26399505942606893
0.3380166462510239
0.40879524735339956
0.47493442568935507
0.28366585572156566
0.2770567687981753
0.3712559536600111
0.4362095311444456
0.4908219419754154
0.24322669542545672
0.31408504764135614
0.36107958548024044
0.4299008654234058
0.4731886245995298
0.5051519830648346
0.4876254761566692
0.4725382401702518
0.43867041150690866
0.40636580597652383
0.49589700979191775
0.5043083712807039
0.4965388252273364
0.4864871127341672
0.4272120200137728
0.5345742667886952
0.5199738237661364
0.49517432061497857
0.4768154673963778
0.4195263465636714
0.4676452658961274
0.46981941931143467
0.4617845463590129
0.45570959006931844
0.4081083460036474
0.5290980203653817
0.515948189388439
0.4928473805398994
0.45493785201985304
0.4315096076517513
0.4846843331697528
0.4788364088561572
0.44830335056873594
0.4310628204277691
0.3929507229509035
0.48739042324246284
0.48366489021488235
0.47508395712156926
0.44238700051715796
0.41112093747921463
0.5031340292448228
0.49906796076314563
0.47666763897667863
0.4475957319216981
0.4102620226563545
0.5057168454311558
0.49651034914910497
0.4700843606988201
0.4441114625720388
0.37273438566275274
0.4917979825126082
0.48104242877585435
0.46626052062856616
0.4452702593085043
0.38936523008545976
0.48012090304752064
0.4792168478648051
0.46579991042386837
0.44128280241242024
0.4412844653973167
0.513874581393825
0.50831689797009
0.49312618670080965
0.45537866167848406
0.4380447589940104
0.44217746530961577
0.4574668960449344
0.46069311842615335
0.4260823489787846
0.4364043387239782
0.508122540150513
0.5009520271783572
0.49067254239668046
0.46429434572524997
0.42950662983205135
0.500921315546293
0.5006285898355287
0.47991731312189145
0.44374212905360366
0.3955004302299727
0.4385744075613083
0.4300533725154345
0.41892160178463556
0.40524819912617716
0.4193720122245601
0.46763165202355594
0.46387765739496345
0.446233214403037
0.4238088679669296
0.42925885022185994
0.5088432187935474
0.5041263771169646
0.48633629604955786
0.46154317301949277
0.4282201578849367
0.4942806678678977
0.4866357906492027
0.46881288237807794
0.44656908837186293
0.4333828023722077
0.5475755788664891
0.5227255379934412
0.4948931748740506
0.46275959098581154
0.42081880300338526
0.4981458107620398
0.47909793928923605
0.47040260152195756
0.43891244175233624
0.4184190734009121
0.512091739693247
0.5003584639106329
0.4797824637330592
0.4520549090172068
0.41132886822135006
0.5250038099875951
0.49889322973696437
0.48094214285755754
0.4482617668098534
0.4333774659090892
0.4503359575828405
0.4406067025010998
0.4258476947408987
0.41087485212623065
0.4172910851230114
0.5314154103346027
0.5104811348617524
0.4887079160988925
0.45960185038074997
0.44599124365891285
0.10958876081248548
0.13257738915059747
0.18529661214506632
0.21290008277102945
0.29067905861396426
0.11275442931293256
0.14180827654151074
0.20987102937519708
0.22913621122032524
0.33882192196444194
0.11822564025568116
0.16540984750014331
0.20305161200628064
0.2734594901105005
0.31365074019618433
0.11359719183713057
0.1362332952726888
0.20482288806729176
0.21998645036067277
0.3313409868643227
0.11375947051178414
0.15012508479554842
0.24150779418868584
0.2536646530788609
0.41272466213945336
0.1084620945575745
0.1824475590694874
0.18262864617845853
0.2716398730667926
0.2747716033356937
0.10883387005833356
0.13778543185532044
0.1921617154359332
0.22989575311087496
0.3021266695083433
0.10945267452433516
0.18627143796999235
0.18393890319871176
0.31741166882979144
0.29651464574050124
0.10956611006400863
0.13759144248944555
0.17990470568673178
0.22820161319964427
0.26066138595439625
0.11092264835802812
0.1606837552590088
0.18213304130803554
0.26419955240871573
0.2792740936975555
0.1098818924497813
0.13724701788240257
0.23564604846783155
0.22612753238695493
0.3656671709748913
0.11021728332833902
0.18032760860926178
0.18006811127396904
0.28785102874770985
0.2550908589915366
0.10822782001946507
0.16781771125550993
0.1830523651329372
0.2754092871174443
0.2822463851177339
0.11298241065525705
0.1412301524988715
0.19575465957046845
0.23972316271398597
0.3217142229636103
0.12473602201135137
0.16434010518514697
0.2817378671372808
0.2502313195057013
0.4268032098132757
0.10933886413467064
0.1620236467263112
0.1802056296866903
0.2751067031461538
0.25966911999866227
0.11292035129619737
0.14047322794255024
0.27767881700823693
0.22494606952556584
0.36579946140500397
0.11208330066780547
0.1561367439717607
0.22128471692903773
0.2531228423032559
0.39570617279822784
0.11059369753553838
0.15129973788234796
0.18778645975823238
0.2588604875236342
0.29013538519626536
0.11365811063321107
0.1677672687465881
0.21141445500285627
0.2629132040638069
0.34796487155296063
0.10911018058075062
0.16930983846938918
0.1813744470838543
0.26940888278020125
0.2841471326151215
0.1079919771356721
0.16784918672962945
0.17985869645471642
0.28542512292375477
0.2648085374460152
0.12762754478359284
0.1781405411445327
0.2048436866982719
0.300546321519338
0.2812226008573795
0.1089722865097622
0.14179781709262684
0.17933448088456672
0.2317969065620682
0.2507092611701047
0.14615850017895582
0.16927915822351736
0.24210228464429306
0.28077141121343985
0.33480567607071876
0.1966098990063836
0.25566985070782167
0.3062222477740626
0.35840170793364123
0.45065688618741717
0.21672207312326552
0.28862595147985814
0.33638767358627675
0.3983722264825964
0.48802721149242245
0.21237420760877868
0.291784674215112
0.3286620965369025
0.3968578629710784
0.47494995285831365
0.21861064731361157
0.28255800197166536
0.338994863494154
0.3901228433432067
0.48821827072629276
0.22900267400360352
0.30693781642008844
0.3578322146061055
0.4284013134970479
0.5197318720483999
0.19966994352966427
0.27957688018092597
0.30601217807885916
0.3723000906447602
0.43958194552034513
0.21583438204821537
0.28448726391333423
0.33686435605418197
0.3961695142863597
0.492878094736259
0.21872436614550939
0.30166149272134035
0.3428305634727771
0.41894744984644205
0.4996476973126427
0.21177233832354947
0.2768559513527613
0.3283795649168475
0.3825520492003456
0.47467452706973745
0.21251687418222165
0.27875177134775697
0.3300226102831836
0.3856304778902633
0.4807907003494307
0.20749809395983565
0.27333763185096416
0.32320368325235904
0.3916655695948954
0.4740005516216037
0.2164645372507943
0.2861164899452753
0.33459456969013956
0.38912225035418047
0.4816343533186682
0.18426807555854996
0.2729099405961257
0.2835853545742708
0.36707362808039434
0.41253429527934316
0.2222036235618683
0.2879490205430244
0.3481591220207889
0.40106784116037275
0.5079644977926456
0.21848534000588415
0.2965191896835364
0.33691901765394405
0.40759126583100524
0.48169905121575596
0.19483981956742813
0.27683362189009486
0.2982038798084119
0.376981754727467
0.4314518966914562
0.19938530091536677
0.25966577895966125
0.30921354652663524
0.37796449966391776
0.45071906882003887
0.20926666691902884
0.2810106735501563
0.3256720141544065
0.3901825608650711
0.47398479376505875
0.21185060134507694
0.2799786009228491
0.3268969550711951
0.3918538951882091
0.4750709748884816
0.21307247417334807
0.2992784400845636
0.3264820058578586
0.42658431821634224
0.47268698414456267
0.21366946414048815
0.2790331160970858
0.3255782075730487
0.3883442145302105
0.4659064164718565
0.2085816928460824
0.28478255670885133
0.32377932089401895
0.39202263575079144
0.47126360898474573
0.22381453625399672
0.311025276885065
0.3463847546200327
0.42697596433359664
0.4962971825047049
0.21248588072106944
0.27385136576330993
0.3338724429568174
0.3812872672417065
0.4921728302908015
0.22685919280411326
0.2783350830712017
0.3523706957603032
0.37290696613201035
0.511251129865741
0.2501592889757376
0.2934987606942663
0.34676231816774816
0.395956525060285
0.4136319961346011
0.19615410248828713
0.22209785198926113
0.26103076837449635
0.30801587776739225
0.35674584968923284
0.19600410865274398
0.22971942651367172
0.27034692032975727
0.3209276617721777
0.3854560877393318
0.2324645017565139
0.2706151241756203
0.31768621795439245
0.37572088818160765
0.43330746711161794
0.29780834623034025
0.35549721424276015
0.4251092206123417
0.5092470491354142
0.5685135853640446
0.23428790515236475
0.27733637816951173
0.32868280435681996
0.3853669093796839
0.4213876926054496
0.2546121254833942
0.30385518475819495
0.36236402626218833
0.4342512782118355
0.49857971689733915
0.3032223156418503
0.36213722829201345
0.4234950099564685
0.44985441921484437
0.47673899872089365
0.26441957180896125
0.3145270765185302
0.37694135320725763
0.44411170090132046
0.47004038931630987
0.31659014213927605
0.3812867519725529
0.4187040467239491
0.4255710320730941
0.45312514880578547
0.2812599002381013
0.3304975727814963
0.39796610381949904
0.4616219769070007
0.469326510101439
0.24487535226715185
0.2914124060123555
0.3441309650657445
0.40657389909086206
0.44774663941362647
0.2528424133811349
0.29829411227387936
0.34610950154478815
0.38519213492590154
0.4021200267190217
0.2244297961118633
0.26403211713910935
0.31348031842776436
0.374545299203092
0.45374565665696664
0.25270270664954353
0.2988495440594683
0.3527537016836959
0.41365936725425456
0.4666984740386262
0.2554796526576162
0.29970757839379303
0.3478309251731595
0.3716985788187799
0.415352459991837
0.3127592259454701
0.3517923699579093
0.3590880121323927
0.39048516511886433
0.39707905699835067
0.2522342429787763
0.30044385668412943
0.35971548458917724
0.43138949176043084
0.4900996234980859
0.23812893848964567
0.28141550958480366
0.3307819051888714
0.387639393165248
0.4254950569682059
0.24868610734344632
0.2948465863286778
0.34922445301441485
0.4125816914496774
0.4498078865581192
0.27113268788986034
0.3208535152254832
0.38031219215896783
0.44138163666938013
0.46009924989192896
0.2458263465167967
0.2889712513288032
0.3434060890500099
0.40770299803094545
0.47254979464870317
0.21542209230160925
0.2536283302299722
0.3018078452499964
0.3600279956538124
0.42860935422163493
0.3004886175531851
0.3537090425998599
0.4099104805674223
0.42484468610291515
0.4539506860881062
0.22428236610409513
0.2616820703727605
0.3114483164030304
0.3710048238080077
0.44301503115242724
0.22554431176493583
0.27151251988243885
0.3269989952532484
0.3864916071386837
0.44988016512093054
0.2519767462908682
0.3075732929702646
0.3691268828090557
0.4339619252644731
0.4961732342991496
0.2782333963080106
0.347338533670527
0.4145222129443624
0.47087627906850926
0.5212789260663477
0.2766742683666621
0.34165434234703085
0.40242548490434515
0.45773720353849967
0.5073903992229702
0.22462939217931055
0.272963936442693
0.33192464683395784
0.40126974057927
0.4755457633810103
0.2694816528348021
0.3172528513303554
0.35996584019636657
0.3989276233514971
0.4485829935604535
0.27104635155811607
0.3330532603754932
0.3994155233604033
0.4579203031770618
0.5138603104688286
0.23991700849459452
0.28577971924291035
0.3443780069503646
0.40296024011310294
0.4697065844806083
0.29122330527062346
0.3615702214115437
0.41813149912981373
0.46450572553921177
0.509424689936683
0.28083969830881017
0.34557039576795034
0.4071525530757505
0.46154552165063834
0.510147483118292
0.23394981148248917
0.28992917563505216
0.3470227322084476
0.4057741187314292
0.4716436480715771
0.2639676200186649
0.32035780448595474
0.37250552887374866
0.4250217845579449
0.4785265423754623
0.21360541080645135
0.2553300630609101
0.3042914047739522
0.353980562627104
0.40733459856261334
0.25283138407604966
0.30168624246727305
0.36132210301505907
0.4219761708810097
0.4879872387023312
0.27615237941532556
0.32544401759173525
0.3756855959027803
0.4335042942729075
0.48704144426938356
0.2796893404826193
0.3439599342141406
0.3960085104543545
0.4402878703508719
0.48120474380040434
0.25376643094377016
0.3097097172949361
0.36691612256623785
0.42319941474520206
0.47680970528040234
0.23264170605291046
0.2814553514841833
0.3403649617772295
0.4011411502951887
0.46512429983716075
0.24840767233183048
0.30200008916836296
0.36517397834956355
0.41876190159684157
0.4744698782315595
0.26326172992691
0.33964302300734417
0.40710790375305805
0.45337458527385266
0.4920798366633541
0.26851750583162826
0.33608891634608895
0.39207578050265113
0.43175623432034627
0.4722797354158139
0.26290177388077396
0.32016931364171697
0.37212597811262427
0.42226940202921526
0.4765850099143023
0.2910518229460344
0.3596336248337053
0.42444796104703997
0.48133350728236124
0.5258855570318701
0.24793175252828892
0.30717046849169094
0.3677263250995253
0.4340731309487502
0.49897170755060927
0.2617168918858539
0.3277647700505817
0.37952341030407766
0.43120042533077196
0.4812087958247311
0.17589701543310188
0.21189441629545858
0.26143509319831537
0.3456344495361918
0.46391752339383174
0.2143763128127043
0.28172989453345565
0.38371273088714375
0.5007390900655082
0.594433689839903
0.22561941686746323
0.30368974494766476
0.4137419461189076
0.5272159700076031
0.617265520298961
0.22825158676720836
0.3280037505629849
0.4572094846616359
0.5674642294287793
0.6319147174548654
0.18264820926624825
0.2246949361966708
0.28417807989798405
0.3710552172584016
0.48876867022967474
0.17968444561938668
0.21799329179415938
0.27313131389877654
0.35262464133638005
0.46880178178441057
0.2157307743386392
0.2845142873610804
0.39145707643969274
0.5176991273583873
0.6193105536955414
0.17815631502851037
0.21803634578601816
0.2767344046646123
0.36436932843844616
0.4661904378595274
0.20532307587643928
0.2691188284543955
0.3666652379405413
0.475100061910382
0.5802877362976346
0.22001161165611993
0.29057777589546063
0.4002132388913573
0.5075294985029046
0.5933210913861195
0.19411555129880131
0.23944019698005636
0.3039931294985223
0.40043687461553645
0.5224103958770598
0.21622372838445703
0.2872284800189142
0.38530985544344176
0.4876934889313276
0.584138437256243
0.1631599332176883
0.19367055238603825
0.23420000558191134
0.2839456669789797
0.36126864902499634
0.18601759429073272
0.22727304530672487
0.29540119786028995
0.3897711835010256
0.5223221696668503
0.21194125419157217
0.27898941619742246
0.37592010508192075
0.512302554650379
0.6134024667642421
0.20271314683626063
0.2642493705081961
0.36194406477011754
0.45894633777153615
0.537430711706012
0.2082597278421341
0.2718510966591481
0.37010180795745384
0.48474176577934713
0.5807081700944572
0.18566513384497796
0.2289036516734564
0.2916094860848375
0.39093142794536107
0.5223906649547452
0.18664795721259342
0.2376301398594629
0.31423638782030494
0.42137268024839614
0.5333727533752644
0.20487827249235124
0.2671844422912386
0.3535916454716812
0.4779242518043816
0.5856933586550817
0.17884727620661867
0.21597324761979397
0.2783020658515767
0.37462037490672984
0.5005758745567199
0.18949353007077097
0.23470723431312823
0.3071072434072484
0.41387921241778614
0.5372839032875767
0.22893333901265933
0.3219883939368948
0.4331765876696778
0.5412373170486404
0.6210990799978653
0.19835628504947156
0.25124812548143893
0.32483870447322616
0.4415210371221612
0.5505745019326334
0.17067970909992258
0.20177807356349664
0.2378556653278432
0.2833409372926532
0.34661997080598894
0.25803034714364514
0.31164553598274836
0.38292094500267027
0.46515649549590776
0.5475649933687841
0.30446845364284414
0.3815160811412035
0.4686303106341825
0.5555020242014166
0.6237660386649537
0.3130973222669695
0.3849112617847119
0.4715774187403987
0.5498853946065196
0.634580841099762
0.3254089953621566
0.4050802014608621
0.48890844406688316
0.5538425872480879
0.6373863827737161
0.26222008022628884
0.33266852339706077
0.41043529174914184
0.5114871778610031
0.6259836413710538
0.26380625861533247
0.31899913447663053
0.3818738691816783
0.45510607602103903
0.5424399249457998
0.29830303209724107
0.3698309872682195
0.4582217310219363
0.5421675211437673
0.641078888295116
0.2593533957063734
0.32489115849788064
0.4006520462316985
0.48436478119251447
0.5844291156108739
0.29466646919922823
0.3648994941642201
0.45776422254784066
0.5308180437296528
0.6356673004777349
0.3075813587635743
0.39050475688397057
0.46494610563786765
0.546720776805504
0.6446948578959564
0.2821857794952507
0.3478016080670301
0.41892198757074084
0.5049707685580849
0.5973406656833049
0.30797340439869814
0.3776184375095717
0.4549281229978739
0.5340254779413414
0.6236585238402768
0.24118030607947905
0.2896908933539102
0.3410911480841641
0.4065557325225342
0.49036604800878436
0.2709331606958223
0.33132314602909574
0.4111013702336699
0.5014531647166365
0.60708820471962
0.3078641250195666
0.3820387526159017
0.467017766466288
0.5501153438261532
0.601818736271472
0.2933171834729684
0.3597967101113717
0.4298674910050728
0.5013946660649857
0.5979938917882919
0.296783122663701
0.3670351332407904
0.43782923451232136
0.5155270737941784
0.5908893407283564
0.27128273849954
0.3364819181715717
0.4143942021722893
0.5090121140190753
0.6063087027411171
0.27262522735532
0.33310499742407274
0.4124959362367555
0.4988995447833169
0.5924647768786286
0.28752410503560455
0.35642181376148585
0.4331357899673236
0.5082026753172073
0.5795279087796104
0.26551317983944855
0.3239892949807235
0.40138430371195
0.4863833510061255
0.5714928055951987
0.2796216346546885
0.346792644458219
0.42216010614314214
0.5126482621904529
0.6055823924238304
0.316224087179112
0.3878028439990864
0.47521411791967694
0.5403811690644602
0.6213113281274332
0.29308719317420184
0.36347062017830467
0.4455967786348971
0.5284474484633428
0.617790117996865
0.2421566614462023
0.2973864860359221
0.2746986847790289
0.4457663708401469
0.5144944895933499
0.25846615915020266
0.31153913345520223
0.3878532520007525
0.4482045424103944
0.5599715576920516
0.2705911875000879
0.3374469723349307
0.40607761889965843
0.47365049349153665
0.624357347452392
0.2263944388661452
0.2874941905329855
0.35563810252483563
0.466011307128511
0.5247489463836565
0.2598112859320878
0.3205979171423259
0.39521095169953924
0.46088943321524667
0.6070404638222762
0.20029868057989209
0.25663911366427783
0.3280638336258477
0.4307757055088679
0.525988954105344
0.24878066807288235
0.29550215122060663
0.3893000710542225
0.4342849794898598
0.4981261228388121
0.23689168353895695
0.29884837103120176
0.3765158781490676
0.4602814463970759
0.57420561981505
0.23631075700889514
0.29404945336688115
0.36305705691717094
0.44744397271792025
0.5149170652412636
0.25104578198744676
0.31514171448865014
0.3803191026681816
0.47502134824016196
0.5386954918628284
0.24497237187723897
0.32649903471085295
0.4009700809064185
0.4541887003634635
0.5343572619637058
0.2296728631269076
0.28244236882745
0.3741949724749851
0.45800073340078384
0.5474399158189591
0.2522823211966738
0.3122407666472924
0.385492206060011
0.4825636232440367
0.5628119841560455
0.22391524401594953
0.2772238270704861
0.3574214449237303
0.4252897170643024
0.4974524246836296
0.20351908605363267
0.26048528017676986
0.3203829048026172
0.4414193359841114
0.5165332764602546
0.23207796236670575
0.2926632097029511
0.370189492436257
0.46965952631115115
0.5353396255603826
0.2624189382623996
0.3110272713660187
0.3916443074651852
0.4542831039935322
0.5452187778789472
0.2620372852767474
0.3161484751818513
0.4186890051116734
0.4819867695400468
0.558100871353929
0.22335443430956392
0.30736897278542585
0.3932964873528455
0.4838924091533414
0.5593678864264042
0.2358252136087211
0.2966540308074208
0.36671396421075997
0.43828748472884627
0.5580161816742226
0.27184363811763035
0.3230455912603567
0.395669504115407
0.4536181489826028
0.5250797369286921
0.257853982409447
0.3153319998805415
0.3818146436075587
0.4487053198694788
0.5024037179709673
0.23426012283613318
0.2968973027417441
0.363787346259997
0.4421572517118335
0.5316997030870461
0.24139172483614857
0.3050769415676804
0.3820837738933278
0.44488454158087976
0.5217267515215305
0.23377326234950946
0.2926207121608151
0.40027900318353105
0.5299217559170302
0.5859290335583864
0.2418885321532258
0.3121048921923517
0.3609811688017004
0.41093032953398634
0.45938035856361026
0.2568477462273364
0.3393740040266948
0.39530898175712537
0.47328572057450913
0.6226834997150412
0.27602140483260484
0.395606668891876
0.570267306656902
0.6623439405868794
0.6781638952316484
0.26701329171784494
0.3813341581921037
0.5616128071403104
0.6451028665220662
0.6872489984830885
0.3080916358266137
0.44943211565149355
0.576019570885876
0.6253837381842153
0.6727183051976091
0.24509348898436034
0.31920526310911157
0.3691827258088587
0.40977204259792543
0.4904192247233965
0.23589312372787052
0.3065970564506735
0.38261973806925553
0.4378162195416202
0.6211541351266057
0.2753241490186298
0.3774436715375806
0.4744735733450547
0.5318560052217869
0.65881758315669
0.24160891997750955
0.3123269690061079
0.3631384433076654
0.39606792651170863
0.43486698439268423
0.2707361880335526
0.3394703329401274
0.4226385253946461
0.491332694423793
0.6267870111997951
0.25762872529790926
0.35456842074098915
0.4993745507822247
0.6290700102656643
0.6827352858022664
0.2524116701493426
0.3244752438206433
0.3773258408751303
0.4740127805553698
0.6228150142881397
0.2611957263079603
0.35797613244893967
0.4556510875382891
0.5796117649371268
0.658697316843476
0.20751476505973532
0.2730745605279026
0.3210880718125395
0.3549960859161594
0.44371647998037034
0.24075783417778496
0.32123852218512994
0.40386738881261763
0.4597180721073215
0.6076591045973743
0.26247799352328016
0.34974306478787653
0.4680674757923988
0.5488057805450843
0.6191705921840054
0.25244670786239354
0.41444132134438405
0.5764346545839238
0.6083142278386191
0.6123108655658918
0.26711290725021186
0.3379548962439003
0.47970650059086495
0.580621782091967
0.6567969623856165
0.2401875193227312
0.3090486422884311
0.35466574640611626
0.43292186885907213
0.5453821605553664
0.24592420460174313
0.3171936994533553
0.36470048386958354
0.40502436171215095
0.49124044862000815
0.2609072667919463
0.32952814387050466
0.41651567813920565
0.48917596205052405
0.6365569389133476
0.24488346353851753
0.31835753874930006
0.40263415529358326
0.4676185274597664
0.6049024107443337
0.23761912788883421
0.30917655855068915
0.40583699683453744
0.4912152997719801
0.6560952724541949
0.26746383488660186
0.3563051769451455
0.44627804869847765
0.541965303604286
0.6268819589154759
0.25324178820810417
0.3304641299475861
0.4133962739837358
0.48362551099117823
0.6713678343449061
0.1773185256803922
0.22942715521145374
0.27012766984513803
0.30178741269834575
0.33320848357567456
0.2597825458346712
0.3276417300856025
0.4227591995452862
0.548362279294011
0.6602786836165251
0.3452945558667899
0.4605182020695544
0.5852850772301146
0.6571572734518583
0.6798159179932242
0.36414571630283277
0.4710685332043205
0.5938357832157557
0.674665331753431
0.7045143009784205
0.40972610528570286
0.516856668338054
0.6026581829046087
0.658398778752062
0.6765492787884888
0.2571083236833971
0.3287516300819249
0.41326751757937075
0.5306793491518
0.6563008630444678
0.2694468135638459
0.32844111707744617
0.4179843579416662
0.5276872073798735
0.6506490008129084
0.31751866639979553
0.41095371369553746
0.5378662739176434
0.6486249220368769
0.7206564423796067
0.26376260459872825
0.33675041125712823
0.41374647017597965
0.5159898051812348
0.6377571335703038
0.3045490371328583
0.3985100046856047
0.5196616607243101
0.6304692703001571
0.6953932437693346
0.3345332709692208
0.4255489464918014
0.5509591676823824
0.6570341633059797
0.6961361260700869
0.2810293159031154
0.36286099125426574
0.4615953302354683
0.5901375284703505
0.690803874495046
0.3466326040054355
0.44337612425806583
0.5694094484519816
0.6530842540852042
0.6794902266292979
0.24379842715017563
0.2909473245463232
0.3601987540792493
0.4285815709181975
0.5354912276930577
0.2554530209380381
0.3235411387124856
0.42070791662298745
0.5503905326992573
0.6972166028514017
0.3275586928727172
0.443693531437944
0.5587142840397661
0.6396381508312885
0.6889305462408544
0.32678981979552546
0.42578943021567284
0.5439278074254759
0.6056856472583263
0.6132032426032765
0.3296203276099199
0.39894366101595224
0.5076645398478377
0.6189786867667522
0.6687349118265615
0.25951138566515297
0.33554269034711126
0.444979245647815
0.5585269106803459
0.6675826503326086
0.2974910290270181
0.3821413254114283
0.47521387138616333
0.5787431859389471
0.6643699601338291
0.31374728634790827
0.3994602009163408
0.504446539476394
0.6282294618448567
0.6978166544041784
0.27788062385538126
0.3486140150768655
0.44144270086326287
0.5566578404995113
0.6694496666114134
0.27825534197166135
0.35670063812540675
0.47448794336764877
0.6092032236128944
0.7006596222675086
0.3481208584095299
0.4296304683094263
0.5304496788329658
0.63491619909286
0.6990811212123305
0.28752531954614824
0.38212091291734396
0.4753763508364415
0.6095972381587131
0.7061560194137293
0.22342376454980695
0.25948254071126087
0.3250302636988778
0.42584621668630973
0.5670838977425916
