0.4959047734737396
0.6061990261077881
0.7164739966392517
0.8474448919296265
0.9461301565170288
0.6334086060523987
0.7257600426673889
0.8732287287712097
0.9802154302597046
1.0796868801116943
0.6141031384468079
0.7728690505027771
0.884859025478363
1.0203369855880737
1.1111726760864258
0.641910970211029
0.7589023113250732
0.8928212523460388
1.0029157400131226
1.1053277254104614
0.5343369245529175
0.6292495727539062
0.7659426331520081
0.8939054012298584
1.0235484838485718
0.5427651405334473
0.6469064354896545
0.7784137725830078
0.890738308429718
1.011178731918335
0.5622113347053528
0.6533687114715576
0.788112998008728
0.9235867261886597
1.0425264835357666
0.5304288268089294
0.6437059640884399
0.7592249512672424
0.8720780611038208
0.9968568682670593
0.6211234331130981
0.7389476895332336
0.863400936126709
0.9870434403419495
1.088458776473999
0.6520133018493652
0.7685538530349731
0.8890600800514221
0.99919593334198
1.0925674438476562
0.573499858379364
0.6766095161437988
0.805670976638794
0.9254372119903564
1.0279736518859863
0.5895759463310242
0.6990516185760498
0.8234382271766663
0.9581016898155212
1.0620931386947632
0.5199964046478271
0.6322208642959595
0.7329973578453064
0.8172552585601807
0.9218236804008484
0.5656883120536804
0.6795262694358826
0.7975660562515259
0.9136698246002197
1.0324567556381226
0.6297743320465088
0.739688515663147
0.868912398815155
0.9932352304458618
1.0995914936065674
0.5846624374389648
0.7279443144798279
0.8164829015731812
0.9411223530769348
1.0546588897705078
0.6186059713363647
0.7236056923866272
0.8637401461601257
0.977449357509613
1.084558367729187
0.6005054712295532
0.6849830150604248
0.8358315229415894
0.9487596750259399
1.0503214597702026
0.5909594893455505
0.6901249885559082
0.8077893257141113
0.9356538653373718
1.0552105903625488
0.6410012245178223
0.756786048412323
0.8632473945617676
0.974949836730957
1.0747079849243164
0.6686837673187256
0.7628986239433289
0.8781177401542664
0.9870055913925171
1.0831658840179443
0.6160756945610046
0.7319357395172119
0.8493648171424866
0.9689470529556274
1.0749565362930298
0.6310842037200928
0.7557286620140076
0.8792405724525452
1.0028672218322754
1.103156566619873
0.596373438835144
0.7255246639251709
0.856963038444519
0.9688250422477722
1.0736335515975952
0.5026524662971497
0.5940881967544556
0.7266196608543396
0.8634649515151978
0.9929677248001099
0.4260491728782654
0.514700174331665
0.6201304197311401
0.7033367156982422
0.8278994560241699
0.5221987962722778
0.6171267628669739
0.7410877346992493
0.8452205061912537
0.9610506892204285
0.4966665804386139
0.617458164691925
0.7644802927970886
0.902033805847168
0.996860921382904
0.535365104675293
0.6398596167564392
0.7850020527839661
0.8904054760932922
1.0048599243164062
0.47331273555755615
0.5545596480369568
0.6493698358535767
0.7766245603561401
0.9011351466178894
0.4913857877254486
0.5686386227607727
0.6520417928695679
0.7758762240409851
0.9013416767120361
0.458681583404541
0.5479173064231873
0.6564959287643433
0.7952893376350403
0.9216398596763611
0.4629327654838562
0.5576813220977783
0.6623790860176086
0.7563145756721497
0.875964343547821
0.4901144504547119
0.6030328869819641
0.7235202193260193
0.8573900461196899
0.9786294102668762
0.5359712243080139
0.6383469700813293
0.7579026222229004
0.8744596242904663
0.9925013780593872
0.47890058159828186
0.5677290558815002
0.6747605800628662
0.8016274571418762
0.9107011556625366
0.4964258074760437
0.5837083458900452
0.6911259889602661
0.8262472152709961
0.9609993100166321
0.47933655977249146
0.542071521282196
0.6313323378562927
0.7442572712898254
0.8334224820137024
0.4884921610355377
0.5811483860015869
0.6930291652679443
0.8006783723831177
0.931723415851593
0.5164338946342468
0.6182302832603455
0.749144434928894
0.862756073474884
0.9935365319252014
0.4950459599494934
0.5796533226966858
0.7034244537353516
0.8237411975860596
0.9549922347068787
0.5136544704437256
0.6064310669898987
0.7120549082756042
0.8616929650306702
0.9750469326972961
0.5158199071884155
0.6126655340194702
0.7215929627418518
0.8196610808372498
0.9471080303192139
0.46947747468948364
0.5955612659454346
0.6737608313560486
0.8089423775672913
0.9318946003913879
0.5448176860809326
0.6619566679000854
0.7915606498718262
0.8763605952262878
0.986967146396637
0.5397446155548096
0.6465378999710083
0.7533578872680664
0.8639857769012451
0.9824483394622803
0.532140851020813
0.6291863322257996
0.7293804883956909
0.8641513586044312
0.9639562964439392
0.5134311318397522
0.6131786704063416
0.7494862675666809
0.8773725628852844
0.992448091506958
0.5057592988014221
0.6179906129837036
0.7052076458930969
0.8355156779289246
0.975365400314331
0.40662699937820435
0.4898223876953125
0.6085864901542664
0.7514722943305969
0.8667917847633362
0.7392321228981018
0.8492183089256287
0.9704449772834778
1.0649513006210327
1.1256392002105713
0.8820077180862427
0.9947680830955505
1.0847516059875488
1.158563256263733
1.2078723907470703
0.92262202501297
1.0487008094787598
1.1223676204681396
1.1901849508285522
1.2280875444412231
0.9199312329292297
1.0259968042373657
1.119102954864502
1.1710456609725952
1.2076970338821411
0.7711887359619141
0.8872812390327454
1.0121408700942993
1.115634560585022
1.1801786422729492
0.8031200766563416
0.9232362508773804
1.0253334045410156
1.1076315641403198
1.1607909202575684
0.8163050413131714
0.9314848184585571
1.0382354259490967
1.1317040920257568
1.1909034252166748
0.7636109590530396
0.8820273280143738
0.996896505355835
1.083871841430664
1.1585456132888794
0.8921595215797424
1.0013164281845093
1.1073113679885864
1.1665632724761963
1.216863751411438
0.8987058997154236
1.0189627408981323
1.1103515625
1.1710480451583862
1.2087417840957642
0.833784818649292
0.9323990345001221
1.0380525588989258
1.1224738359451294
1.178223729133606
0.8516201376914978
0.969707727432251
1.0656722784042358
1.1335853338241577
1.1803057193756104
0.725263774394989
0.8584280610084534
0.9415810108184814
1.034609079360962
1.0942720174789429
0.8053105473518372
0.9349110126495361
1.044274091720581
1.1310757398605347
1.1863524913787842
0.9071235060691833
1.0203874111175537
1.1084049940109253
1.1698824167251587
1.2094203233718872
0.8644558191299438
0.9492995142936707
1.053148627281189
1.121051549911499
1.1680387258529663
0.8864388465881348
0.9944930076599121
1.089892029762268
1.162596583366394
1.2027757167816162
0.8421259522438049
0.9500290155410767
1.0447099208831787
1.1283316612243652
1.1818546056747437
0.8308729529380798
0.9412815570831299
1.0584970712661743
1.1107239723205566
1.1793982982635498
0.8857252597808838
0.9908730983734131
1.0726351737976074
1.1502972841262817
1.2004947662353516
0.9121295809745789
0.9895976781845093
1.075591802597046
1.1504274606704712
1.2046129703521729
0.8424084186553955
0.985727071762085
1.0782121419906616
1.149049997329712
1.1953171491622925
0.9035303592681885
1.006777286529541
1.1118617057800293
1.1718568801879883
1.223312258720398
0.8610178232192993
0.9736195802688599
1.063400387763977
1.145645260810852
1.1935933828353882
0.7560698986053467
0.883097231388092
0.9932692646980286
1.0766161680221558
1.1423221826553345
0.31510114669799805
0.3772752285003662
0.4509465992450714
0.5306608080863953
0.6392858028411865
0.44663727283477783
0.5374176502227783
0.6461307406425476
0.7783806920051575
0.9185838103294373
0.42365676164627075
0.5150933265686035
0.6148316860198975
0.7447710633277893
0.9053364992141724
0.3913823068141937
0.4666430950164795
0.5536165833473206
0.6705605983734131
0.8265007138252258
0.3542989194393158
0.4196428954601288
0.5017009377479553
0.5989636182785034
0.7202624082565308
0.36253076791763306
0.4276151657104492
0.5086700320243835
0.6068792343139648
0.7062448263168335
0.37210556864738464
0.449517160654068
0.541689932346344
0.6601988673210144
0.7978341579437256
0.3441886603832245
0.40615299344062805
0.48397260904312134
0.5779896378517151
0.689439058303833
0.35450392961502075
0.4272940456867218
0.5199126601219177
0.6375587582588196
0.7784366011619568
0.4292992055416107
0.4980201721191406
0.6004557609558105
0.720666229724884
0.8494977355003357
0.3703387379646301
0.4305860996246338
0.5145334601402283
0.6206826567649841
0.7524061799049377
0.40107452869415283
0.4668301045894623
0.556621253490448
0.6792333722114563
0.824627697467804
0.3475213050842285
0.3984231948852539
0.47833675146102905
0.5665977001190186
0.6726584434509277
0.37562331557273865
0.4406388998031616
0.5302373766899109
0.6419562697410583
0.7758230566978455
0.42667528986930847
0.5054013133049011
0.6141625046730042
0.7478826642036438
0.891295850276947
0.3745708763599396
0.4353490471839905
0.5152767896652222
0.615955650806427
0.7369757890701294
0.4064517617225647
0.47124677896499634
0.5647068023681641
0.6811368465423584
0.8179252743721008
0.38057512044906616
0.4470439851284027
0.5329201817512512
0.6399295330047607
0.7738688588142395
0.3311854898929596
0.4199002981185913
0.5167732834815979
0.6079620122909546
0.768886148929596
0.41044148802757263
0.5016605854034424
0.6163657307624817
0.7481443285942078
0.8877894282341003
0.36172571778297424
0.4327951967716217
0.523812472820282
0.6380934715270996
0.7681872844696045
0.4286155700683594
0.49864012002944946
0.5993581414222717
0.7062944173812866
0.8304450511932373
0.38146665692329407
0.4607630670070648
0.5682862401008606
0.7089579105377197
0.8777089715003967
0.36727824807167053
0.4304879605770111
0.5138379335403442
0.6134984493255615
0.7272763252258301
0.3319399654865265
0.4053671360015869
0.49146419763565063
0.5984116196632385
0.727030873298645
0.39734625816345215
0.47135114669799805
0.6292622685432434
0.8238236904144287
1.0188169479370117
0.4937097430229187
0.5818802714347839
0.7575902938842773
0.9552873373031616
1.1318376064300537
0.43573668599128723
0.5365214347839355
0.782253086566925
0.9993207454681396
1.1594634056091309
0.5019366145133972
0.602745532989502
0.7974727749824524
0.9956371188163757
1.1493946313858032
0.4040210545063019
0.4807124435901642
0.6542440056800842
0.8794243931770325
1.0907988548278809
0.4156133532524109
0.4952740967273712
0.668976902961731
0.8789326548576355
1.0760438442230225
0.4082932472229004
0.4887462854385376
0.6756823658943176
0.9078554511070251
1.1093124151229858
0.4206097722053528
0.5005411505699158
0.6602161526679993
0.8636937737464905
1.0591403245925903
0.4301026463508606
0.5331318378448486
0.7434740662574768
0.9707346558570862
1.144149661064148
0.4940032660961151
0.5956622958183289
0.7934036254882812
0.9977609515190125
1.1479254961013794
0.44965314865112305
0.5297508835792542
0.6975536942481995
0.905987024307251
1.1000111103057861
0.4583289623260498
0.5455251932144165
0.7316927909851074
0.9451990127563477
1.1127879619598389
0.42064547538757324
0.49701863527297974
0.6526785492897034
0.8203900456428528
0.9910464286804199
0.4458081126213074
0.5305470824241638
0.6977025866508484
0.9031859040260315
1.1022435426712036
0.47718364000320435
0.5761674642562866
0.7874818444252014
0.9967895746231079
1.1484215259552002
0.4438556134700775
0.5378366112709045
0.725689709186554
0.9260576963424683
1.0965156555175781
0.4638209342956543
0.5516436696052551
0.7466282248497009
0.9775387644767761
1.1471948623657227
0.4765321910381317
0.5592619776725769
0.7384019494056702
0.9498317241668701
1.1173940896987915
0.4407897889614105
0.5305489301681519
0.7203941345214844
0.9364579319953918
1.1083496809005737
0.4982922077178955
0.6267504692077637
0.816852331161499
0.9938602447509766
1.1415913105010986
0.47149571776390076
0.5948187112808228
0.7780380845069885
0.9660171866416931
1.1372095346450806
0.4757706820964813
0.5618143081665039
0.7387382388114929
0.9472700357437134
1.127071499824524
0.45325279235839844
0.5489376187324524
0.7621181607246399
0.9764734506607056
1.147757887840271
0.4653471112251282
0.5499191880226135
0.7330124974250793
0.949049711227417
1.1227099895477295
0.37966644763946533
0.46575990319252014
0.6551007628440857
0.8666008114814758
1.0617878437042236
0.5382787585258484
0.6477219462394714
0.7314603924751282
0.866982102394104
0.9771127104759216
0.6874182820320129
0.8809154629707336
1.0176403522491455
1.0793347358703613
1.1558271646499634
0.7125872373580933
0.8525460958480835
0.9772238731384277
1.0661460161209106
1.144669532775879
0.665346622467041
0.9275681376457214
0.9928570985794067
1.077548861503601
1.144782543182373
0.5771928429603577
0.7034167647361755
0.8342663049697876
0.9713606834411621
1.0772818326950073
0.6852654814720154
0.9115737676620483
0.9929208755493164
1.0626763105392456
1.1123665571212769
0.566087007522583
0.6876195669174194
0.8102457523345947
0.9450036883354187
1.0535633563995361
0.5907319188117981
0.7936505675315857
0.9216147065162659
1.0303633213043213
1.1105386018753052
0.727443277835846
0.8328026533126831
0.9282538294792175
1.02452552318573
1.120354413986206
0.6510564684867859
0.8939089775085449
1.0072333812713623
1.0757861137390137
1.1434838771820068
0.6904018521308899
0.7847105860710144
0.9106678366661072
1.0141751766204834
1.096061110496521
0.6677566170692444
0.8995370268821716
1.0022213459014893
1.0660353899002075
1.1359628438949585
0.5637648105621338
0.683612048625946
0.764283299446106
0.8812981247901917
0.9770833849906921
0.6104397177696228
0.7825876474380493
0.8847350478172302
0.9908422827720642
1.1031756401062012
0.7879447937011719
0.9185382723808289
1.0036176443099976
1.0854192972183228
1.1554553508758545
0.6131106615066528
0.8172296285629272
0.9144001007080078
1.0010225772857666
1.0897552967071533
0.7807218432426453
0.896756112575531
0.9939938187599182
1.0622490644454956
1.137000560760498
0.621406078338623
0.9099630117416382
0.9849051237106323
1.0829110145568848
1.1439056396484375
0.5942932367324829
0.7124226689338684
0.8506078720092773
0.9507805109024048
1.06880784034729
0.9824821949005127
1.090450644493103
1.1216105222702026
1.1662312746047974
1.2086336612701416
0.6972211599349976
0.8018218278884888
0.9031906127929688
0.9954757690429688
1.100259780883789
0.6685269474983215
0.8829289078712463
0.9739274382591248
1.0652005672454834
1.1320475339889526
0.7171995043754578
0.8372654318809509
0.9532170295715332
1.0739589929580688
1.1467006206512451
0.602803111076355
0.8233438730239868
0.9282202124595642
1.024023413658142
1.122214436531067
0.6555383801460266
0.7484610080718994
0.8598223328590393
0.9517468214035034
1.0430822372436523
0.691845178604126
0.7944995164871216
0.8713906407356262
0.9843725562095642
1.0707473754882812
0.7395946979522705
0.9026855230331421
1.010986566543579
1.0832065343856812
1.150368571281433
0.8805505037307739
0.9904354810714722
1.073354959487915
1.1256104707717896
1.181028127670288
0.8928781151771545
0.9921932220458984
1.1033602952957153
1.1802276372909546
1.2139884233474731
0.6306505799293518
0.7897215485572815
0.9422916173934937
1.0764610767364502
1.143776535987854
0.6992491483688354
0.8037601113319397
0.8968374729156494
1.0042651891708374
1.070620059967041
0.6952825784683228
0.8130767941474915
0.976996660232544
1.072898030281067
1.1168155670166016
0.6151291728019714
0.7502524256706238
0.893726110458374
1.039120078086853
1.1315374374389648
0.8097186088562012
0.9193633794784546
1.0051348209381104
1.1147998571395874
1.1659324169158936
0.8494288921356201
0.9723464250564575
1.084963321685791
1.166121244430542
1.2065171003341675
0.7175812125205994
0.8398926854133606
0.976203203201294
1.0893861055374146
1.1519745588302612
0.8177609443664551
0.8991690874099731
1.0454583168029785
1.0983701944351196
1.1617592573165894
0.5766191482543945
0.7032166123390198
0.8101909160614014
0.9749398827552795
1.1169178485870361
0.6474127769470215
0.8205136060714722
0.9774546027183533
1.094171166419983
1.1628106832504272
0.9305693507194519
1.0509364604949951
1.0982379913330078
1.1803371906280518
1.2130590677261353
0.845065176486969
0.9429440498352051
1.074049711227417
1.129937767982483
1.1816110610961914
0.8356572985649109
1.0321990251541138
1.1314419507980347
1.1772013902664185
1.2121870517730713
0.7273656725883484
0.8822261691093445
1.0366202592849731
1.0976029634475708
1.1521717309951782
0.7814403176307678
0.9216393232345581
1.021270513534546
1.0959659814834595
1.1574991941452026
0.6501079201698303
0.8203344345092773
0.9511675238609314
1.0575429201126099
1.107092022895813
0.7781124114990234
0.9502828121185303
0.9853212833404541
1.08786141872406
1.1676878929138184
0.7357618808746338
0.8644543290138245
0.9888501167297363
1.0608371496200562
1.140572428703308
0.8833374381065369
1.0432685613632202
1.1450637578964233
1.1893389225006104
1.235158920288086
0.7386941313743591
0.8822395205497742
1.0360885858535767
1.1193594932556152
1.1986199617385864
0.9670194983482361
1.0104336738586426
1.062961459159851
1.0969926118850708
1.1303755044937134
0.608519434928894
0.7901705503463745
0.9807365536689758
1.1432957649230957
1.220460295677185
0.6443400382995605
0.828800618648529
1.0180283784866333
1.1512318849563599
1.2133567333221436
0.60823655128479
0.7823083400726318
0.9758215546607971
1.1286407709121704
1.203107476234436
0.5691663026809692
0.7471089959144592
0.9445076584815979
1.0984221696853638
1.1795612573623657
0.6720256209373474
0.8564684987068176
1.0402517318725586
1.1701719760894775
1.2401400804519653
0.6438003182411194
0.8261770009994507
1.0083738565444946
1.147179365158081
1.2100199460983276
0.5685014128684998
0.743704080581665
0.9547097682952881
1.119918704032898
1.2156143188476562
0.7635241746902466
0.9435461759567261
1.0965120792388916
1.1931525468826294
1.244915246963501
0.5845246911048889
0.7677308917045593
0.9750284552574158
1.1386409997940063
1.222487211227417
0.6408061981201172
0.8318156003952026
1.0295848846435547
1.1622810363769531
1.2168879508972168
0.6880796551704407
0.8722767233848572
1.0544614791870117
1.1712689399719238
1.2246787548065186
0.603043794631958
0.787666916847229
0.9829241037368774
1.1323378086090088
1.2088929414749146
0.6383592486381531
0.8117773532867432
0.9784228205680847
1.1051584482192993
1.16619074344635
0.6664496064186096
0.8562198281288147
1.0375367403030396
1.1673824787139893
1.227451205253601
0.5899980664253235
0.7604227662086487
0.9503648281097412
1.1007941961288452
1.193430781364441
0.5484904646873474
0.715722918510437
0.9069958329200745
1.0668179988861084
1.1518069505691528
0.5851206183433533
0.7603569626808167
0.9586054086685181
1.125209927558899
1.1976872682571411
0.7322302460670471
0.8840242028236389
1.0341191291809082
1.154628872871399
1.214904546737671
0.6992884278297424
0.8950319290161133
1.0634446144104004
1.1835511922836304
1.233174443244934
0.5827298760414124
0.7719783782958984
0.9811568856239319
1.1435606479644775
1.2173174619674683
0.6362500786781311
0.8268142342567444
1.0242139101028442
1.1687675714492798
1.238737940788269
0.6702995896339417
0.852144181728363
1.0345946550369263
1.1601855754852295
1.2180336713790894
0.589717447757721
0.7685356140136719
0.9883283376693726
1.1525932550430298
1.2134579420089722
0.6557146906852722
0.8375080227851868
1.0252176523208618
1.1617733240127563
1.2245721817016602
0.7483453154563904
0.9235208034515381
1.0455734729766846
1.1497302055358887
1.197428822517395
0.6735922694206238
0.8515064120292664
1.0029606819152832
1.1280404329299927
1.2069483995437622
0.8148093223571777
0.9220476150512695
1.0648022890090942
1.1584244966506958
1.2127563953399658
0.7192361950874329
0.854118287563324
0.9898424744606018
1.1228467226028442
1.210006833076477
0.8022264838218689
0.9234520792961121
1.0375758409500122
1.1321038007736206
1.1946368217468262
0.6753159165382385
0.807502806186676
0.9877949357032776
1.1342273950576782
1.2221977710723877
0.6890257596969604
0.8366886377334595
1.010441780090332
1.138710856437683
1.2095474004745483
0.6389439702033997
0.7543622255325317
0.9371554851531982
1.082814335823059
1.184780478477478
0.7177387475967407
0.8495181798934937
1.0141897201538086
1.131632685661316
1.2114224433898926
0.6746073961257935
0.7986595034599304
0.9566061496734619
1.0901416540145874
1.195491075515747
0.7939785718917847
0.9144385457038879
1.0479203462600708
1.1628392934799194
1.2222427129745483
0.7366464734077454
0.8716915845870972
1.0281513929367065
1.1504981517791748
1.2123525142669678
0.7679916620254517
0.898783802986145
1.0351548194885254
1.1260786056518555
1.1876126527786255
0.7181451916694641
0.883601188659668
1.051535725593567
1.1384321451187134
1.1812292337417603
0.734740674495697
0.8658148050308228
1.0162509679794312
1.13423752784729
1.2116267681121826
0.766491711139679
0.8907161355018616
1.0165972709655762
1.124586582183838
1.1964293718338013
0.7401769161224365
0.8401979804039001
0.9884397387504578
1.103790521621704
1.1668250560760498
0.7571499347686768
0.8817501068115234
1.0129350423812866
1.1449683904647827
1.2003296613693237
0.7857887148857117
0.9084430932998657
1.047309398651123
1.1722720861434937
1.2114200592041016
0.7254668474197388
0.8383223414421082
0.9876543283462524
1.106550693511963
1.1999601125717163
0.5929662585258484
0.7112518548965454
0.8771162033081055
1.0666704177856445
1.1871169805526733
0.6995332837104797
0.8478519320487976
1.0013347864151
1.1286234855651855
1.2258024215698242
0.7662172913551331
0.9129765629768372
1.046546220779419
1.142450213432312
1.2052867412567139
0.7157301306724548
0.8276273608207703
0.9640971422195435
1.0975291728973389
1.2099244594573975
0.7432620525360107
0.8701080083847046
1.025817632675171
1.150641679763794
1.2151321172714233
0.4577781856060028
0.575560450553894
0.7771623134613037
1.0071457624435425
1.1601109504699707
0.4703467786312103
0.6138548851013184
0.7968448400497437
1.006205677986145
1.1288983821868896
0.5905275344848633
0.722626805305481
0.9100117087364197
1.1144938468933105
1.2053712606430054
0.5372013449668884
0.6383922100067139
0.8703394532203674
1.1015236377716064
1.2156180143356323
0.5391230583190918
0.6812041401863098
0.8966070413589478
1.138960599899292
1.2309694290161133
0.5479300618171692
0.6750280857086182
0.8883979320526123
1.117383360862732
1.21429443359375
0.49656468629837036
0.6424349546432495
0.8296205997467041
1.063590407371521
1.167596697807312
0.49886593222618103
0.6436561346054077
0.8501160740852356
1.0813450813293457
1.1821705102920532
0.5399930477142334
0.6564716100692749
0.8747122883796692
1.0537209510803223
1.1694397926330566
0.5256401300430298
0.6265969276428223
0.8572928309440613
1.108654260635376
1.1966357231140137
0.5825053453445435
0.7070357799530029
0.9318422079086304
1.1466655731201172
1.213870882987976
0.5508082509040833
0.6770309209823608
0.8697933554649353
1.0787014961242676
1.199360728263855
0.5389413833618164
0.6525869965553284
0.8598805665969849
1.0864287614822388
1.2029237747192383
0.5276660323143005
0.6822575330734253
0.8483347296714783
1.0160770416259766
1.1482750177383423
0.6165761947631836
0.7274853587150574
0.9332031011581421
1.119494915008545
1.21165931224823
0.5912413597106934
0.6938149929046631
0.8934195041656494
1.1361433267593384
1.219769835472107
0.4863407611846924
0.6085151433944702
0.8303784728050232
1.0681124925613403
1.1758893728256226
0.5244297385215759
0.6400893926620483
0.8782868981361389
1.1062767505645752
1.217819094657898
0.6008967757225037
0.6932977437973022
0.9104251265525818
1.1267168521881104
1.1950252056121826
0.5039090514183044
0.6275041103363037
0.8600049614906311
1.0768123865127563
1.184169054031372
0.49297475814819336
0.6150506138801575
0.7785590291023254
1.0421222448349
1.1469923257827759
0.5549050569534302
0.6735155582427979
0.8987832069396973
1.0923349857330322
1.1991076469421387
0.6211779117584229
0.7313697338104248
0.9293603897094727
1.1094964742660522
1.1916017532348633
0.5234142541885376
0.6711304783821106
0.8859859704971313
1.1325786113739014
1.2379359006881714
0.5509026050567627
0.6560346484184265
0.8761128187179565
1.1048082113265991
1.190081000328064
0.548666775226593
0.6040571928024292
0.789840817451477
1.0152159929275513
1.1570580005645752
0.5074601769447327
0.6512966156005859
0.8084775805473328
1.0456115007400513
1.2313584089279175
0.7748019695281982
0.9978398084640503
1.1906628608703613
1.2487099170684814
1.2523815631866455
0.7662825584411621
1.0662842988967896
1.1933109760284424
1.2484081983566284
1.2505881786346436
0.9366432428359985
1.1256085634231567
1.2088091373443604
1.2390056848526
1.239343285560608
0.5219545960426331
0.6542062163352966
0.8078396320343018
1.0240899324417114
1.1981996297836304
0.5369836688041687
0.6962817311286926
0.8335137963294983
1.087009310722351
1.2323808670043945
0.6842139363288879
0.920525074005127
1.1189212799072266
1.2024750709533691
1.247207760810852
0.5563560724258423
0.7044341564178467
0.8710842132568359
0.9770098924636841
1.1967720985412598
0.6779036521911621
0.8631114959716797
1.101139783859253
1.2172536849975586
1.2565970420837402
0.7920023202896118
1.0177582502365112
1.1795028448104858
1.2363171577453613
1.2510565519332886
0.6164283752441406
0.7546948790550232
0.9294450879096985
1.1730057001113892
1.2497804164886475
0.7253924608230591
0.9455009698867798
1.1806066036224365
1.2338519096374512
1.2458059787750244
0.4644332826137543
0.5764620900154114
0.6939350366592407
0.8740246891975403
1.1208521127700806
0.5420490503311157
0.7255369424819946
0.9152998328208923
1.1292250156402588
1.2345999479293823
0.768108606338501
1.0286078453063965
1.1779810190200806
1.239009976387024
1.2538329362869263
0.6857850551605225
0.8961015939712524
1.157568335533142
1.2144575119018555
1.2164721488952637
0.7049278020858765
0.9252496957778931
1.1325912475585938
1.213292121887207
1.2412033081054688
0.6013885736465454
0.7386189103126526
0.9631162881851196
1.1616617441177368
1.2464616298675537
0.6278428435325623
0.7766742706298828
0.9044094681739807
1.133886456489563
1.2373931407928467
0.6573317646980286
0.826330840587616
1.088134527206421
1.1938397884368896
1.2348862886428833
0.602092444896698
0.7553167939186096
0.9341784119606018
1.1683999300003052
1.2483314275741577
0.6716827154159546
0.8275934457778931
1.0159951448440552
1.210423231124878
1.2551822662353516
0.8080639839172363
1.0577175617218018
1.186510682106018
1.2370961904525757
1.2549171447753906
0.6490980982780457
0.7986670732498169
0.9837969541549683
1.2007426023483276
1.2565228939056396
0.4735819399356842
0.5463739633560181
0.6406948566436768
0.7219623327255249
0.8832830786705017
0.6118336915969849
0.6303055286407471
0.8512648344039917
0.9388221502304077
1.0472837686538696
0.8552747368812561
0.9299840331077576
1.1994845867156982
1.2185684442520142
1.250292420387268
0.8140134811401367
1.0384900569915771
1.2006298303604126
1.1850125789642334
1.2259730100631714
0.7332492470741272
1.0148028135299683
1.082219123840332
1.1819967031478882
1.2082451581954956
0.5812636613845825
0.6565846800804138
0.7857229709625244
1.0750981569290161
1.169154167175293
0.5682070851325989
0.739902913570404
0.9000863432884216
0.966225266456604
1.0283786058425903
0.8145166635513306
0.9286351799964905
1.0595523118972778
1.155816912651062
1.212114691734314
0.37392640113830566
0.5607630014419556
0.6788946986198425
0.9088529944419861
1.005541443824768
0.4904087483882904
0.5639105439186096
0.9319289326667786
1.1484532356262207
1.160957932472229
0.946270227432251
0.7793707847595215
0.9480046629905701
1.0956366062164307
1.191048264503479
0.6862440705299377
0.5569968819618225
0.9189150929450989
1.088101863861084
1.1723915338516235
0.7789834141731262
0.9312408566474915
1.0751025676727295
1.1414240598678589
1.1304010152816772
0.4124414920806885
0.5676361322402954
0.8058990836143494
0.7306429743766785
0.8436920046806335
0.5078198313713074
0.8134350180625916
1.0754338502883911
1.036361813545227
1.1242215633392334
0.7162297964096069
0.8311136960983276
1.0853073596954346
1.1843504905700684
1.231787085533142
0.6284453272819519
0.7810720801353455
0.8299519419670105
1.1121418476104736
1.1864380836486816
0.6423580050468445
0.8741689324378967
0.9560849666595459
1.107428789138794
1.2218120098114014
0.6217573285102844
0.8709703087806702
0.9377617835998535
1.0319982767105103
1.2080450057983398
0.49655258655548096
0.6255476474761963
0.839779794216156
0.961492657661438
1.004870891571045
0.676937997341156
0.8717784881591797
0.9620396494865417
1.0599409341812134
1.1940687894821167
0.6143456697463989
0.8458124399185181
0.6516627073287964
0.8288059234619141
1.2234190702438354
0.8003620505332947
0.8293030261993408
0.8942430019378662
1.0690609216690063
1.2014840841293335
0.8419106006622314
0.8738710880279541
1.084404468536377
1.1838887929916382
1.2325366735458374
0.7968197464942932
0.6085581183433533
0.7592753171920776
1.0801734924316406
1.2129967212677002
0.6016170978546143
0.6279471516609192
0.8510197997093201
0.8848947286605835
0.9401739239692688
0.5380224585533142
0.8943877816200256
1.031891107559204
1.0788077116012573
1.0688304901123047
0.9413701891899109
1.0726964473724365
1.1650264263153076
1.2100369930267334
1.1713157892227173
0.812416136264801
1.1238090991973877
1.1262881755828857
1.2423460483551025
1.2634280920028687
0.8947480916976929
1.1259955167770386
1.18503999710083
1.159411072731018
1.242465615272522
0.7632162570953369
0.7239339351654053
1.0191091299057007
1.1451232433319092
1.227479100227356
0.7720717787742615
0.6949408054351807
0.971892237663269
1.1013708114624023
1.1424322128295898
0.8617280125617981
1.0043445825576782
1.1479911804199219
1.2090320587158203
1.2322471141815186
0.6484913229942322
0.991018533706665
0.8294162154197693
1.0872305631637573
1.211161732673645
0.9619936943054199
1.05315101146698
1.1613847017288208
1.2135238647460938
1.2142995595932007
0.6435716152191162
1.1100507974624634
1.1610631942749023
1.220430612564087
1.2111564874649048
1.0108296871185303
0.8611258268356323
1.148156762123108
1.1740955114364624
1.2096059322357178
0.8572162389755249
0.8863405585289001
1.1040709018707275
1.180134892463684
0.9857208728790283
0.5247555375099182
0.6175935864448547
0.9064209461212158
0.9641735553741455
1.116241693496704
0.9218523502349854
0.7982878684997559
1.0912950038909912
1.1532167196273804
1.2140287160873413
0.8047229647636414
1.0389968156814575
1.1926591396331787
1.208125114440918
1.2442411184310913
0.9404171109199524
0.9926804304122925
0.9457182288169861
1.1548854112625122
1.1091927289962769
0.7984081506729126
0.9099382162094116
1.1624237298965454
1.2111220359802246
1.2213774919509888
0.967808187007904
1.0012128353118896
0.9672860503196716
1.1551644802093506
1.202536940574646
0.6813439726829529
0.9873161315917969
1.0595290660858154
1.1626850366592407
1.224766731262207
0.8768869042396545
1.0322823524475098
0.9388290047645569
1.1842355728149414
1.2386245727539062
0.8068056702613831
0.9776338338851929
1.0995053052902222
1.2113118171691895
1.2168247699737549
0.7296973466873169
0.9819185733795166
1.073974609375
1.180808186531067
1.2105742692947388
0.8349249958992004
1.0167934894561768
1.1608684062957764
1.2228221893310547
1.2394109964370728
0.9841436743736267
1.1176047325134277
1.1597833633422852
1.2033274173736572
1.1829581260681152
0.7854296565055847
0.5903744101524353
0.9346892833709717
0.7916192412376404
0.9939507842063904
0.6811219453811646
0.6846731901168823
0.8572449684143066
0.9612725973129272
1.0378987789154053
0.8763449192047119
0.7279233932495117
0.9642144441604614
1.0158380270004272
1.0961591005325317
0.8768129348754883
0.7436783313751221
0.8892254829406738
0.9823408126831055
1.0929144620895386
0.9209539294242859
0.6876217722892761
0.9184680581092834
0.9766379594802856
1.0749009847640991
0.6819261312484741
0.8057540655136108
0.9925379753112793
1.0674548149108887
1.1456656455993652
0.6511043906211853
0.7129737138748169
0.9227502942085266
1.010642647743225
1.0649173259735107
0.8131629824638367
0.6897120475769043
0.9281492233276367
1.0043753385543823
1.06965172290802
0.6819488406181335
0.7742925882339478
0.9839564561843872
1.065240740776062
1.126376986503601
0.77850741147995
0.668448805809021
0.8684809803962708
1.0396945476531982
1.1205662488937378
0.8166527152061462
0.8042805194854736
0.9583914875984192
1.0479320287704468
1.0925981998443604
0.7537523508071899
0.8106458783149719
0.9540091156959534
1.0545895099639893
1.116020679473877
0.7899503707885742
0.7243322134017944
0.8805257081985474
0.9653382301330566
1.071175456047058
0.5631186962127686
0.7131907343864441
0.8769940733909607
0.9286335110664368
1.03738534450531
0.7314510941505432
0.8075010776519775
0.9862576723098755
1.1197469234466553
1.157088041305542
0.8170700073242188
0.7665983438491821
0.9305615425109863
1.0287419557571411
1.1087453365325928
0.7530605792999268
0.6428812146186829
0.7785822153091431
0.9400126934051514
0.9843102693557739
0.8005245327949524
0.7585797905921936
0.9238246083259583
1.0137792825698853
1.090910792350769
0.6976145505905151
0.7777426242828369
0.9524352550506592
1.016187310218811
1.091951847076416
0.6981889605522156
0.8053897023200989
0.9232524633407593
1.0143587589263916
1.0749987363815308
0.7178575992584229
0.7791146636009216
0.9797887206077576
1.0786957740783691
1.1186659336090088
0.6841878294944763
0.6991443634033203
0.9171392917633057
1.036767601966858
1.121262788772583
0.8009675145149231
0.7729830741882324
0.9397508502006531
1.070776343345642
1.1265212297439575
0.7989404201507568
0.7469580769538879
0.9336563944816589
1.0164552927017212
1.121842622756958
0.7525655031204224
0.6931108832359314
0.9028403759002686
1.0142308473587036
1.0884140729904175
0.5687167048454285
0.6876896619796753
0.8075788021087646
0.9320510625839233
1.003753900527954
1.0577733516693115
1.0432459115982056
1.0223119258880615
0.9567290544509888
0.878849446773529
1.1023390293121338
1.1008177995681763
1.0904065370559692
1.0777522325515747
1.0438346862792969
1.1351780891418457
1.1222952604293823
1.104941964149475
1.0729339122772217
0.9754960536956787
1.08366060256958
1.068178415298462
1.0642837285995483
1.0581212043762207
0.9241082668304443
1.1112356185913086
1.0953229665756226
1.0472774505615234
1.0059994459152222
0.9285090565681458
1.063995361328125
1.060333251953125
1.0265004634857178
0.9797932505607605
0.9344832301139832
1.0356700420379639
1.0253477096557617
1.011502742767334
0.9929248690605164
0.9134929180145264
1.0421613454818726
1.0344278812408447
0.992462158203125
0.9434985518455505
0.9075934886932373
1.0701299905776978
1.0672860145568848
1.050506591796875
1.005031943321228
0.7929038405418396
1.0586904287338257
1.0308382511138916
1.0104085206985474
0.9948623776435852
0.9054686427116394
1.0679295063018799
1.0756607055664062
1.0532212257385254
1.023497223854065
0.9809609651565552
1.1161295175552368
1.108281135559082
1.087333083152771
1.0423516035079956
0.9969534277915955
1.0471789836883545
1.0567684173583984
1.0550248622894287
0.9920132756233215
0.9944213032722473
1.0654312372207642
1.0238639116287231
1.0156989097595215
0.9736906290054321
0.8903505206108093
1.1027265787124634
1.1104401350021362
1.1033439636230469
1.0733095407485962
0.9899582266807556
1.037002682685852
1.0313069820404053
1.037705421447754
0.99568772315979
0.9531691670417786
1.0896421670913696
1.1007722616195679
1.0853142738342285
1.0513941049575806
0.9892271161079407
1.1156870126724243
1.1054012775421143
1.097019076347351
1.0409705638885498
0.9578704833984375
1.0415767431259155
1.0359350442886353
1.022233486175537
1.0007473230361938
0.9682210683822632
1.148118495941162
1.124289631843567
1.1012831926345825
1.078560709953308
0.984488308429718
1.0969125032424927
1.0765048265457153
1.0473428964614868
1.004791021347046
0.955274760723114
1.1003906726837158
1.0765132904052734
1.0627871751785278
1.0315574407577515
0.9348427057266235
1.1460109949111938
1.1094928979873657
1.0902748107910156
1.0265284776687622
0.9973481893539429
1.0402021408081055
1.006085753440857
1.0018751621246338
0.9831576943397522
1.009605050086975
1.0694546699523926
1.0646668672561646
1.0285500288009644
0.9907727837562561
0.9244256615638733
0.18360798060894012
0.2342185229063034
0.377417653799057
0.39615172147750854
0.7359957695007324
0.24435190856456757
0.3358825743198395
0.5514835715293884
0.5590014457702637
0.900768518447876
0.27513939142227173
0.44683513045310974
0.5383121967315674
0.7323635816574097
0.8719684481620789
0.21829691529273987
0.27042192220687866
0.5088093280792236
0.468122273683548
0.8260281682014465
0.24676834046840668
0.3769271969795227
0.6054595112800598
0.6505267024040222
0.9859657287597656
0.20858825743198395
0.42961347103118896
0.3978734016418457
0.7083414793014526
0.6542150378227234
0.2171357274055481
0.3045908510684967
0.4409896731376648
0.5652896165847778
0.733535885810852
0.2111843079328537
0.43701469898223877
0.41162437200546265
0.7437949776649475
0.7391058206558228
0.20603424310684204
0.27681824564933777
0.378921777009964
0.5078911185264587
0.6297327280044556
0.21589940786361694
0.5134697556495667
0.3974180519580841
0.8160094618797302
0.6756076216697693
0.2193102389574051
0.30470162630081177
0.634332537651062
0.5509669780731201
0.9411064982414246
0.1991671919822693
0.4563461244106293
0.36792153120040894
0.7388365268707275
0.5956219434738159
0.20117048919200897
0.44011935591697693
0.38066667318344116
0.6957371234893799
0.675735592842102
0.2341930866241455
0.3234958350658417
0.4768272638320923
0.5897112488746643
0.8255459666252136
0.2734290063381195
0.38681986927986145
0.8004788756370544
0.6173595190048218
1.0652499198913574
0.1973612904548645
0.3758540451526642
0.35933905839920044
0.6489775776863098
0.5526260733604431
0.22762416303157806
0.3010860085487366
0.8240997195243835
0.5178020596504211
1.013617753982544
0.2336452454328537
0.411197692155838
0.5936214923858643
0.6987189650535583
1.0127259492874146
0.21284766495227814
0.3759085237979889
0.41842854022979736
0.6931880116462708
0.7217896580696106
0.21216274797916412
0.45469194650650024
0.46563804149627686
0.7551578879356384
0.7909929752349854
0.21907874941825867
0.4995588958263397
0.4060880243778229
0.7859718203544617
0.6926110982894897
0.21621491014957428
0.46484166383743286
0.4101865291595459
0.7702909708023071
0.6791898012161255
0.24326175451278687
0.44504329562187195
0.43786898255348206
0.7920234203338623
0.6538358330726624
0.2113041877746582
0.3314672112464905
0.3794320523738861
0.5741161108016968
0.5428358912467957
0.31781861186027527
0.3829510509967804
0.5760014653205872
0.6529098153114319
0.7853209972381592
0.5725805759429932
0.7272204160690308
0.8583974838256836
0.9397825002670288
1.080379843711853
0.6628909707069397
0.8142423033714294
0.9469316005706787
1.0050421953201294
1.1396536827087402
0.6232224106788635
0.8097378015518188
0.9128025770187378
0.9899030923843384
1.1322450637817383
0.6880518794059753
0.8510745763778687
0.9713298082351685
1.0383260250091553
1.1520812511444092
0.6739680767059326
0.857245922088623
0.9579258561134338
1.0526623725891113
1.142616629600525
0.6053555011749268
0.7956578731536865
0.8964843153953552
0.9826627373695374
1.089733600616455
0.6146578192710876
0.7807974219322205
0.9003635048866272
0.9704053997993469
1.1122426986694336
0.6357975602149963
0.8117202520370483
0.9257731437683105
1.0036931037902832
1.131076693534851
0.6184991002082825
0.7724610567092896
0.9119970202445984
0.9734953045845032
1.1282691955566406
0.6593551635742188
0.8514794111251831
0.9408719539642334
1.0271553993225098
1.1347870826721191
0.6423484683036804
0.7964575290679932
0.9279180765151978
1.0154179334640503
1.1271723508834839
0.6351437568664551
0.7890589833259583
0.9240241646766663
0.9787685871124268
1.1227253675460815
0.5572251677513123
0.7513211965560913
0.8245269060134888
0.9390459060668945
1.0412352085113525
0.6918397545814514
0.8423483371734619
0.9743607044219971
1.0303515195846558
1.1556931734085083
0.6614443063735962
0.8538791537284851
0.9537332653999329
1.053098440170288
1.1441326141357422
0.5573219656944275
0.7320750951766968
0.8412268757820129
0.9288043975830078
1.0644968748092651
0.6279792785644531
0.78734290599823
0.918077290058136
1.0256327390670776
1.127010464668274
0.6878834366798401
0.8443852066993713
0.9724127054214478
1.0305302143096924
1.142817497253418
0.623972475528717
0.786199688911438
0.9257153272628784
0.9978142976760864
1.124922752380371
0.5747118592262268
0.770014226436615
0.8622643947601318
1.0018662214279175
1.0894558429718018
0.6771901249885559
0.8452448844909668
0.9743491411209106
1.0337883234024048
1.1682738065719604
0.6649413704872131
0.829645037651062
0.9432728290557861
1.0207756757736206
1.1282014846801758
0.6548041701316833
0.8274125456809998
0.9478539228439331
1.0354012250900269
1.1518508195877075
0.643576443195343
0.8011330366134644
0.9360706210136414
1.0018664598464966
1.1370893716812134
0.5714091658592224
0.6901893615722656
0.8594003319740295
0.8894230127334595
1.0888705253601074
0.7019261121749878
0.8046708703041077
0.885584831237793
0.9380315542221069
0.9421180486679077
0.5108014941215515
0.5880498290061951
0.6907230615615845
0.7992756962776184
0.8973957300186157
0.5849881172180176
0.6896835565567017
0.7992497682571411
0.9117582440376282
1.0239787101745605
0.6446309685707092
0.749737024307251
0.850191593170166
0.9408634901046753
1.0117655992507935
0.8414356708526611
0.943167507648468
1.0341229438781738
1.107837438583374
1.1455776691436768
0.6510139107704163
0.752876341342926
0.8527012467384338
0.9388501048088074
0.9786187410354614
0.709088146686554
0.8186310529708862
0.9187459349632263
1.010185718536377
1.065596580505371
0.7590758204460144
0.8558873534202576
0.9346880316734314
0.9715818166732788
1.0134172439575195
0.80365389585495
0.9100203514099121
1.0068178176879883
1.076720952987671
1.0923397541046143
0.9221660494804382
1.0062276124954224
1.0358046293258667
1.0358461141586304
1.050147533416748
0.7719520926475525
0.8708111047744751
0.9607824683189392
1.016952633857727
1.0245826244354248
0.7222571969032288
0.8311301469802856
0.9315855503082275
1.0054583549499512
1.0378531217575073
0.6542669534683228
0.7525683641433716
0.8433390259742737
0.9130822420120239
0.9547864198684692
0.6722320318222046
0.780860960483551
0.8918875455856323
0.9948260188102722
1.0883524417877197
0.729026198387146
0.8394907712936401
0.9421976208686829
1.0281531810760498
1.0759273767471313
0.6755512952804565
0.7776421308517456
0.8724542260169983
0.9435679316520691
1.003240704536438
0.8220481276512146
0.8948314785957336
0.9400749802589417
0.9818221926689148
0.9854938983917236
0.7846603989601135
0.8912513256072998
0.9933143258094788
1.0767370462417603
1.1274610757827759
0.679839015007019
0.784895122051239
0.8739873170852661
0.9562450647354126
1.0023889541625977
0.7278130054473877
0.8404232859611511
0.9439283013343811
1.0144656896591187
1.038954496383667
0.8371866941452026
0.9414613246917725
1.0330365896224976
1.095989465713501
1.1064560413360596
0.7308208346366882
0.8334229588508606
0.9403525590896606
1.0285584926605225
1.0879899263381958
0.6404249668121338
0.7465212345123291
0.8560361862182617
0.965038001537323
1.063051462173462
0.7843246459960938
0.8725507259368896
0.9423815608024597
0.9727187156677246
0.9961676597595215
0.5685346722602844
0.659859836101532
0.7728010416030884
0.8773502111434937
0.9721937775611877
0.498225599527359
0.5888726115226746
0.6978552341461182
0.8204229474067688
0.9351758360862732
0.6476332545280457
0.782572865486145
0.8746657371520996
0.9920626282691956
1.09883451461792
0.658139169216156
0.8006693720817566
0.9323970079421997
1.0527827739715576
1.1323190927505493
0.6578404903411865
0.7783828973770142
0.9293063879013062
1.029991865158081
1.1118286848068237
0.5566715002059937
0.6512031555175781
0.778375506401062
0.9129361510276794
1.0429493188858032
0.589475154876709
0.7180619239807129
0.8320649266242981
0.9349441528320312
1.0323125123977661
0.5840626358985901
0.7047041654586792
0.8235024809837341
0.9541034698486328
1.0673508644104004
0.5378326177597046
0.659593939781189
0.7645176649093628
0.8820775151252747
0.9964861869812012
0.6406493186950684
0.7642439007759094
0.8957417011260986
1.0100793838500977
1.1042240858078003
0.7055380940437317
0.8211357593536377
0.9538938403129578
1.0375829935073853
1.1180537939071655
0.5528913140296936
0.6823720335960388
0.7890100479125977
0.9030115008354187
1.0239548683166504
0.5854541063308716
0.7102968692779541
0.817774772644043
0.9602555632591248
1.05451500415802
0.5045836567878723
0.6147380471229553
0.7248679995536804
0.818274736404419
0.937531054019928
0.6044852137565613
0.7120588421821594
0.8505625128746033
0.97999507188797
1.0741478204727173
0.6214568614959717
0.7219900488853455
0.8593328595161438
0.9775007963180542
1.0720024108886719
0.6087399125099182
0.7552783489227295
0.8550311923027039
0.973676323890686
1.0652292966842651
0.6218808889389038
0.7371698021888733
0.8462940454483032
0.9768733978271484
1.066769003868103
0.5977011919021606
0.7031183838844299
0.8179784417152405
0.9162178635597229
1.0432875156402588
0.5927979350090027
0.6864796876907349
0.8329036831855774
0.9621886610984802
1.0601328611373901
0.7541148662567139
0.8472490906715393
0.946233868598938
1.0200369358062744
1.0862284898757935
0.6739526987075806
0.8049705028533936
0.8970497846603394
1.0201787948608398
1.1053440570831299
0.6288878917694092
0.7556907534599304
0.8873671293258667
0.9922974109649658
1.0826470851898193
0.6653878092765808
0.7980756163597107
0.9009454250335693
1.0300301313400269
1.1225255727767944
0.6230707764625549
0.7127900123596191
0.8410735130310059
0.9808140993118286
1.0757405757904053
0.4997274577617645
0.6240456104278564
0.7632160186767578
0.8802788257598877
0.9912571907043457
0.4188130497932434
0.5178943276405334
0.6272289752960205
0.7997220158576965
1.0070613622665405
0.5823974609375
0.7793176174163818
0.9677848815917969
1.1149393320083618
1.1874830722808838
0.5985623598098755
0.8008414506912231
0.9887421131134033
1.1487202644348145
1.2174327373504639
0.6450266242027283
0.8460767865180969
1.0519871711730957
1.171312928199768
1.208147644996643
0.4648147523403168
0.5915193557739258
0.6994136571884155
0.8762649893760681
1.0530444383621216
0.47030070424079895
0.5643750429153442
0.6902864575386047
0.8503592014312744
1.0262030363082886
0.5589722990989685
0.7293589115142822
0.9139875173568726
1.0952175855636597
1.1849336624145508
0.4687064588069916
0.567566454410553
0.7090703248977661
0.8775646090507507
1.0104581117630005
0.5196803212165833
0.6952291131019592
0.8929773569107056
1.0741652250289917
1.165850281715393
0.6155003905296326
0.783661425113678
0.9971050024032593
1.1302821636199951
1.1898374557495117
0.5113139152526855
0.6256898641586304
0.7760887742042542
0.9581140279769897
1.0973588228225708
0.5840988159179688
0.7193964719772339
0.9189357161521912
1.064969539642334
1.155113697052002
0.4232752025127411
0.5063098073005676
0.6161709427833557
0.7395801544189453
0.8747298121452332
0.4814760684967041
0.6002851128578186
0.755142331123352
0.9448407292366028
1.1125227212905884
0.5870566368103027
0.7565922737121582
0.9549422860145569
1.1261138916015625
1.2140463590621948
0.5294132828712463
0.6766572594642639
0.8968583941459656
1.0386072397232056
1.1088265180587769
0.5776597857475281
0.7304918766021729
0.9262498617172241
1.090856909751892
1.179158091545105
0.4966949224472046
0.6302012205123901
0.7881277799606323
0.9621627926826477
1.117326021194458
0.5091800093650818
0.6309537291526794
0.7905136942863464
0.9815365672111511
1.1254128217697144
0.511687159538269
0.6630783677101135
0.8485062122344971
1.027050495147705
1.1589158773422241
0.48251068592071533
0.5870802998542786
0.7398192286491394
0.9286757111549377
1.085429310798645
0.5357776880264282
0.6423807144165039
0.830474317073822
0.9940574169158936
1.1259262561798096
0.6086814403533936
0.8476846814155579
1.0346856117248535
1.1586458683013916
1.2179278135299683
0.5428818464279175
0.6737188696861267
0.8143638372421265
1.0106329917907715
1.1454190015792847
0.4016171395778656
0.49413806200027466
0.5771015286445618
0.6871767640113831
0.8293008208274841
0.6211782693862915
0.7587037086486816
0.8880718350410461
0.9941191077232361
1.1038236618041992
0.7871779799461365
0.9336336255073547
1.0720078945159912
1.1651909351348877
1.2250086069107056
0.8214475512504578
0.9658070802688599
1.076870322227478
1.1712943315505981
1.2339950799942017
0.8431878089904785
0.9843502044677734
1.1004902124404907
1.177035927772522
1.2255891561508179
0.662350058555603
0.8027693629264832
0.9530066251754761
1.0846705436706543
1.1855182647705078
0.6655852794647217
0.7852424383163452
0.9071998596191406
1.0246093273162842
1.1346949338912964
0.7473596334457397
0.8751729130744934
1.01909339427948
1.117964267730713
1.2039883136749268
0.6587033271789551
0.7946010828018188
0.9155636429786682
1.042444109916687
1.142500638961792
0.7416298985481262
0.906579315662384
1.0327283143997192
1.1136529445648193
1.225777506828308
0.8332924842834473
0.992700457572937
1.099327564239502
1.1626427173614502
1.2257542610168457
0.7337589263916016
0.8295735716819763
0.9837092161178589
1.0943204164505005
1.1828426122665405
0.7501056790351868
0.8895504474639893
1.0135011672973633
1.1237276792526245
1.2135478258132935
0.634105920791626
0.7580792307853699
0.8587528467178345
0.9370863437652588
1.0549503564834595
0.698830246925354
0.8378502130508423
0.9664600491523743
1.0896788835525513
1.1837233304977417
0.8230446577072144
0.9594370126724243
1.0861797332763672
1.1666439771652222
1.212057113647461
0.7339783906936646
0.8614128232002258
0.9729340672492981
1.0762159824371338
1.2012205123901367
0.7888578772544861
0.9255928993225098
1.0477100610733032
1.1364107131958008
1.2008917331695557
0.7320855259895325
0.8666918277740479
0.9983044862747192
1.1201634407043457
1.199079990386963
0.7296460270881653
0.8325501680374146
0.9713283181190491
1.0875879526138306
1.1844855546951294
0.6958945989608765
0.8376151919364929
0.9733432531356812
1.0923502445220947
1.159807562828064
0.7199647426605225
0.8434954285621643
0.9669141173362732
1.104232907295227
1.2021291255950928
0.7347866892814636
0.8697091937065125
1.0094013214111328
1.1207060813903809
1.2058262825012207
0.7950893044471741
0.9301247000694275
1.0569771528244019
1.1488629579544067
1.2309199571609497
0.7608884572982788
0.909994900226593
1.027616262435913
1.131894588470459
1.2016773223876953
0.5635582208633423
0.676196277141571
0.6255775094032288
0.9489220976829529
1.0455670356750488
0.5825987458229065
0.7342715263366699
0.8778989315032959
0.9917665123939514
1.114190936088562
0.7605626583099365
0.8953161239624023
1.0119829177856445
1.1101590394973755
1.2281270027160645
0.6139252781867981
0.7862625122070312
0.8650601506233215
1.062765121459961
1.1272449493408203
0.7418879270553589
0.8054684996604919
0.9397940635681152
1.0290305614471436
1.2036899328231812
0.5153573751449585
0.6580405235290527
0.8029052019119263
0.9911887645721436
1.0990681648254395
0.5824655890464783
0.7181959748268127
0.9253206849098206
1.0071994066238403
1.071592926979065
0.5920053124427795
0.7456533908843994
0.8822419047355652
1.0005085468292236
1.132277011871338
0.5952932238578796
0.7163797616958618
0.8330912590026855
1.0022222995758057
1.0937473773956299
0.640188455581665
0.7909438014030457
0.890483558177948
1.0625762939453125
1.1349374055862427
0.6982793807983398
0.8866165280342102
0.9865244626998901
1.0349589586257935
1.1284111738204956
0.5891096591949463
0.7006368041038513
0.8923652172088623
1.0502126216888428
1.1289180517196655
0.6537423133850098
0.7550857067108154
0.8856755495071411
1.0877269506454468
1.1527587175369263
0.5758020281791687
0.7312084436416626
0.8966413140296936
0.9885215759277344
1.0805848836898804
0.5428268313407898
0.6780619025230408
0.7973291277885437
1.02382493019104
1.104030966758728
0.6091414093971252
0.7360861301422119
0.9078032970428467
1.0599067211151123
1.1333458423614502
0.6406351923942566
0.7401909232139587
0.8661502003669739
0.997897744178772
1.1183264255523682
0.6737923622131348
0.7974539995193481
1.014556884765625
1.0866169929504395
1.158557653427124
0.6154453754425049
0.848009467124939
1.0047212839126587
1.113322138786316
1.1635798215866089
0.5764011144638062
0.732336699962616
0.8962823748588562
1.0142500400543213
1.157493233680725
0.7007206082344055
0.787616491317749
0.8999618887901306
0.974669873714447
1.0883204936981201
0.6726510524749756
0.8126353621482849
0.9284201264381409
1.0735342502593994
1.1264010667800903
0.6271601319313049
0.7732253670692444
0.9018537402153015
1.0198007822036743
1.1319732666015625
0.593820333480835
0.748296856880188
0.9043920636177063
1.0090488195419312
1.0907914638519287
0.5823920369148254
0.7338129281997681
0.9513714909553528
1.104586124420166
1.166621208190918
0.5266124606132507
0.657037079334259
0.752552330493927
0.8638896346092224
0.9730538725852966
0.5712472796440125
0.7323483824729919
0.8472988605499268
1.0148760080337524
1.1860758066177368
0.758187472820282
0.9896379113197327
1.1761678457260132
1.239603877067566
1.2488492727279663
0.6966848969459534
0.9328606724739075
1.160913109779358
1.2229056358337402
1.2486870288848877
0.8083956837654114
1.0512953996658325
1.1769659519195557
1.2157604694366455
1.2358003854751587
0.5686591863632202
0.7256031632423401
0.8224133253097534
0.8940986394882202
1.022769808769226
0.591387152671814
0.7685821652412415
0.9510496258735657
1.0445339679718018
1.2009031772613525
0.6706804633140564
0.89496910572052
1.0477263927459717
1.1083617210388184
1.1986037492752075
0.5713863372802734
0.7306114435195923
0.8330958485603333
0.8930357098579407
0.9555237889289856
0.6156569123268127
0.7690514326095581
0.96456378698349
1.0688296556472778
1.2028733491897583
0.6981911063194275
0.9240239262580872
1.1249743700027466
1.209019422531128
1.242160677909851
0.6632729768753052
0.8223719000816345
0.9276372790336609
1.0943604707717896
1.20055091381073
0.6291924715042114
0.8365169763565063
1.0097033977508545
1.156508207321167
1.2228186130523682
0.5161696672439575
0.6626456379890442
0.76151442527771
0.8225628137588501
0.9916113018989563
0.6281591653823853
0.7990926504135132
0.9499053359031677
1.027479648590088
1.1774046421051025
0.6787732243537903
0.8815489411354065
1.0579440593719482
1.1438838243484497
1.2003120183944702
0.6376325488090515
0.9526364207267761
1.175766944885254
1.2073408365249634
1.211005687713623
0.6305366158485413
0.7948444485664368
1.0892906188964844
1.1855155229568481
1.231882929801941
0.6222215890884399
0.7809283137321472
0.8729851245880127
1.019611120223999
1.1528292894363403
0.6164482831954956
0.7947564721107483
0.8962098360061646
0.9624013900756836
1.0703701972961426
0.6266468167304993
0.774953305721283
0.9739136099815369
1.0854214429855347
1.194117546081543
0.6610189080238342
0.8280538320541382
0.9972859621047974
1.0918076038360596
1.2095565795898438
0.6441231369972229
0.8043308854103088
0.9899426102638245
1.096802830696106
1.2232027053833008
0.6584176421165466
0.8870753645896912
1.0636084079742432
1.1645358800888062
1.2134101390838623
0.6361456513404846
0.7986575961112976
0.9705022573471069
1.076560378074646
1.2228729724884033
0.3630821108818054
0.4730299115180969
0.5591131448745728
0.624430775642395
0.6894952654838562
0.614335298538208
0.793628990650177
0.9624823927879333
1.1065467596054077
1.211227297782898
0.8471634387969971
1.0742149353027344
1.1923507452011108
1.239773154258728
1.248449444770813
0.8807618618011475
1.0966429710388184
1.1995460987091064
1.2499034404754639
1.252578854560852
0.9614481925964355
1.12470543384552
1.2005531787872314
1.2326583862304688
1.2346680164337158
0.6445184946060181
0.7984879016876221
0.9445750117301941
1.0792497396469116
1.1884645223617554
0.6611155867576599
0.7998024821281433
0.994793176651001
1.1369692087173462
1.2263280153274536
0.7628632187843323
0.9551693201065063
1.1011663675308228
1.1864160299301147
1.2343543767929077
0.64756840467453
0.8282630443572998
0.9634642004966736
1.098590612411499
1.1931605339050293
0.7471458911895752
0.9290422797203064
1.098236083984375
1.2100023031234741
1.252516746520996
0.8530656099319458
1.0241469144821167
1.153853416442871
1.2295626401901245
1.246292233467102
0.6960129737854004
0.8851460814476013
1.0457688570022583
1.1756486892700195
1.232347846031189
0.8497532606124878
1.0068916082382202
1.160550832748413
1.2255334854125977
1.2412512302398682
0.6067243814468384
0.6927366256713867
0.8847137093544006
0.9840322732925415
1.1139676570892334
0.6727760434150696
0.8224031925201416
0.9795193076133728
1.1326613426208496
1.224018931388855
0.8254974484443665
1.0271836519241333
1.1560040712356567
1.227758526802063
1.2487668991088867
0.7797395586967468
0.9865243434906006
1.1411588191986084
1.2040833234786987
1.2091445922851562
0.8492107391357422
0.9961051940917969
1.1385554075241089
1.206443428993225
1.235090732574463
0.698806881904602
0.8699432611465454
1.0304195880889893
1.1611957550048828
1.2280083894729614
0.7567958831787109
0.9376949071884155
1.0766971111297607
1.1702020168304443
1.227942943572998
0.7265521287918091
0.9150326251983643
1.082495093345642
1.1922999620437622
1.239050030708313
0.675696849822998
0.844005823135376
1.0143500566482544
1.1613363027572632
1.2470407485961914
0.734443724155426
0.8888769745826721
1.0730732679367065
1.200661063194275
1.249649167060852
0.8710178136825562
1.0256651639938354
1.1697591543197632
1.2314152717590332
1.250388503074646
0.7070822715759277
0.9033272862434387
1.05377197265625
1.181401014328003
1.239063024520874
0.5424658060073853
0.6361995935440063
0.7760254740715027
0.9513371586799622
1.1190334558486938
