0.3366602063179016
0.41806384921073914
0.4914800822734833
0.5786195397377014
0.6569004654884338
0.3584933280944824
0.44421350955963135
0.5347928404808044
0.6259112358093262
0.7278847098350525
0.5051331520080566
0.59327632188797
0.6584491729736328
0.7134456634521484
0.7626744508743286
0.41624966263771057
0.5021426677703857
0.5949053764343262
0.6724908947944641
0.7566892504692078
0.275005578994751
0.34571486711502075
0.4305189847946167
0.5198255777359009
0.5966549515724182
0.34236350655555725
0.4131629168987274
0.49438151717185974
0.5853131413459778
0.6758499145507812
0.37807583808898926
0.45793867111206055
0.5593711733818054
0.6391927599906921
0.7065538167953491
0.2894495725631714
0.36655300855636597
0.4393255114555359
0.5265510082244873
0.6053332090377808
0.4350825846195221
0.5157201290130615
0.5889312028884888
0.637942373752594
0.7080302238464355
0.4144100546836853
0.4890913963317871
0.5799144506454468
0.6546003818511963
0.7207761406898499
0.36815395951271057
0.4298993945121765
0.5114814639091492
0.6203086972236633
0.6798553466796875
0.3757384717464447
0.4501977562904358
0.5589165687561035
0.6328142881393433
0.7057284116744995
0.2728997468948364
0.3232797086238861
0.3968122899532318
0.4647175669670105
0.5440460443496704
0.30368971824645996
0.3771451711654663
0.47486400604248047
0.5824604630470276
0.6787301898002625
0.3912506699562073
0.4867488145828247
0.56053626537323
0.6414364576339722
0.7132206559181213
0.40823957324028015
0.5086495280265808
0.5954535007476807
0.6730244755744934
0.73142409324646
0.4321829676628113
0.5241329073905945
0.605006217956543
0.6737987399101257
0.7517911791801453
0.3442722260951996
0.42937350273132324
0.5107237696647644
0.6066306829452515
0.7025719285011292
0.3490270674228668
0.4382236897945404
0.5297690033912659
0.6102918982505798
0.7009003758430481
0.4632110893726349
0.5473986268043518
0.6143096685409546
0.6721463799476624
0.7179543375968933
0.38308238983154297
0.4486381709575653
0.5337687730789185
0.6098521947860718
0.6770491003990173
0.34862858057022095
0.4242032766342163
0.4980417490005493
0.5878665447235107
0.6769876480102539
0.42506158351898193
0.5110577940940857
0.5919058918952942
0.6747691035270691
0.7478758096694946
0.3379115164279938
0.428201824426651
0.5169916749000549
0.6037356853485107
0.6757797002792358
0.49648380279541016
0.5530187487602234
0.6211913824081421
0.6844478845596313
0.7427245378494263
0.2482060045003891
0.295555979013443
0.3759426474571228
0.4484627842903137
0.5206354856491089
0.2613869607448578
0.31298571825027466
0.3974171578884125
0.47680819034576416
0.5759230852127075
0.3406204879283905
0.4245630204677582
0.5233716368675232
0.5882777571678162
0.6546122431755066
0.28613293170928955
0.3505786657333374
0.4390784502029419
0.523481547832489
0.6197648048400879
0.22228758037090302
0.25924617052078247
0.32418063282966614
0.39053407311439514
0.47346314787864685
0.26574262976646423
0.3360183537006378
0.38973772525787354
0.47559887170791626
0.556607723236084
0.2559800446033478
0.32248711585998535
0.3993466794490814
0.4745444059371948
0.5684367418289185
0.21979068219661713
0.2775583267211914
0.3498205840587616
0.40874558687210083
0.48146846890449524
0.2975965440273285
0.37326163053512573
0.45058125257492065
0.5314348936080933
0.5919496417045593
0.28442421555519104
0.356661856174469
0.4418001174926758
0.5059533715248108
0.5858603715896606
0.25915929675102234
0.32575568556785583
0.387753427028656
0.47815990447998047
0.5447216033935547
0.2712782621383667
0.332573264837265
0.4209303855895996
0.4904383420944214
0.5849902033805847
0.22250109910964966
0.261868953704834
0.3210230767726898
0.3862359821796417
0.46260735392570496
0.22753088176250458
0.27562466263771057
0.3434678018093109
0.42193540930747986
0.5105410218238831
0.2792958617210388
0.35281118750572205
0.41206997632980347
0.49736809730529785
0.5806117057800293
0.30486756563186646
0.35998284816741943
0.4364226162433624
0.5210060477256775
0.6143115758895874
0.32330411672592163
0.3878673017024994
0.4602545499801636
0.5481672883033752
0.6178032159805298
0.24874787032604218
0.2954918146133423
0.36851754784584045
0.44771096110343933
0.5382084846496582
0.24687102437019348
0.29885950684547424
0.38035574555397034
0.4693956673145294
0.5500270128250122
0.33653679490089417
0.4220510721206665
0.5098426342010498
0.5811778903007507
0.6302462816238403
0.2619861662387848
0.32169830799102783
0.39261260628700256
0.4807104170322418
0.5662257075309753
0.25049424171447754
0.2957962155342102
0.37372779846191406
0.46062642335891724
0.5357750654220581
0.2908223271369934
0.370064914226532
0.453156441450119
0.5222759246826172
0.6136919260025024
0.2531905472278595
0.3119143545627594
0.397307813167572
0.4666101038455963
0.5400782227516174
0.3675467073917389
0.4405657649040222
0.5093483924865723
0.5588215589523315
0.6257926821708679
0.5152848958969116
0.5853299498558044
0.6729304194450378
0.7323036193847656
0.7914883494377136
0.5546230673789978
0.6530426740646362
0.7440081238746643
0.8131888508796692
0.8586469888687134
0.6657755374908447
0.722022294998169
0.7816412448883057
0.8296338319778442
0.8676701188087463
0.6284348964691162
0.6997634768486023
0.7623018622398376
0.8271016478538513
0.8715194463729858
0.4220637381076813
0.5129889249801636
0.6090558171272278
0.7051759958267212
0.78070068359375
0.49726417660713196
0.5955943465232849
0.692702054977417
0.769672155380249
0.8387191891670227
0.5533934235572815
0.6425737738609314
0.7156872749328613
0.7840960025787354
0.8405278921127319
0.4523494243621826
0.5413486361503601
0.6199145317077637
0.6961864829063416
0.7695246338844299
0.5998865962028503
0.659451961517334
0.722024142742157
0.7752049565315247
0.832785427570343
0.595873236656189
0.6624589562416077
0.744580864906311
0.8013909459114075
0.8565427660942078
0.5295377969741821
0.6152446866035461
0.6917513012886047
0.7728617787361145
0.8285769820213318
0.5507364273071289
0.6447942852973938
0.7234919667243958
0.8030317425727844
0.8489202857017517
0.3969634175300598
0.468349426984787
0.5511178970336914
0.6340767741203308
0.7164660692214966
0.48413506150245667
0.6002513766288757
0.6827525496482849
0.7647747993469238
0.8250658512115479
0.574769914150238
0.6682900786399841
0.7398683428764343
0.7972351312637329
0.8435634970664978
0.6015302538871765
0.6653247475624084
0.7350559830665588
0.7879891395568848
0.8455682396888733
0.6041175723075867
0.6698911190032959
0.7326520085334778
0.7857251167297363
0.8593959212303162
0.5385150909423828
0.6163169741630554
0.7266907691955566
0.780350387096405
0.8479596376419067
0.5392797589302063
0.6199207305908203
0.7171054482460022
0.7791253924369812
0.8492441773414612
0.6189540028572083
0.6878509521484375
0.744417667388916
0.7965172529220581
0.8392254114151001
0.539381742477417
0.6187310218811035
0.6923357248306274
0.7447858452796936
0.8244263529777527
0.5112097859382629
0.6099905967712402
0.6858327388763428
0.7589068412780762
0.8321247696876526
0.5998410582542419
0.6875051856040955
0.7648417949676514
0.8304567337036133
0.8741809725761414
0.5361221432685852
0.6250948905944824
0.7003899216651917
0.7762848138809204
0.8494490385055542
0.6228079795837402
0.6777793765068054
0.7403917908668518
0.7922695875167847
0.83864426612854
0.1729227602481842
0.20884671807289124
0.25620266795158386
0.30890241265296936
0.3799636960029602
0.20720447599887848
0.25404924154281616
0.3101956844329834
0.3820267617702484
0.4853423237800598
0.22035972774028778
0.27827462553977966
0.3459606170654297
0.44134560227394104
0.5579394102096558
0.22755105793476105
0.273115336894989
0.3283163905143738
0.41262125968933105
0.5284554958343506
0.16240738332271576
0.1933872550725937
0.2352522611618042
0.2854697108268738
0.352128267288208
0.19141076505184174
0.22643285989761353
0.2738499045372009
0.33733823895454407
0.40650874376296997
0.20033569633960724
0.2470681369304657
0.3024156093597412
0.3738100826740265
0.4552879333496094
0.16825078427791595
0.1980620175600052
0.24016398191452026
0.2939586043357849
0.36061686277389526
0.20673136413097382
0.256595253944397
0.3183867931365967
0.39644792675971985
0.48649275302886963
0.19522888958454132
0.22931142151355743
0.2815801501274109
0.35353589057922363
0.44766756892204285
0.19006399810314178
0.22222800552845
0.2711356282234192
0.3342735171318054
0.418766587972641
0.21866755187511444
0.2633219063282013
0.323829710483551
0.3979734778404236
0.4934084415435791
0.17094263434410095
0.1967741698026657
0.23481746017932892
0.28066301345825195
0.3427743911743164
0.17616993188858032
0.20612262189388275
0.24942025542259216
0.3048519194126129
0.3758513331413269
0.21173164248466492
0.251986026763916
0.30597198009490967
0.38185033202171326
0.4736822545528412
0.21945106983184814
0.26147329807281494
0.3177984058856964
0.38552573323249817
0.4636020064353943
0.20328928530216217
0.23922786116600037
0.2948512136936188
0.36941447854042053
0.4591158628463745
0.17761151492595673
0.21401618421077728
0.2620653212070465
0.3223384618759155
0.4040791392326355
0.19468674063682556
0.255258709192276
0.31864240765571594
0.3756122887134552
0.4739214777946472
0.20254507660865784
0.24783235788345337
0.30974557995796204
0.39432021975517273
0.497381329536438
0.17364947497844696
0.2077871859073639
0.2502180337905884
0.30812495946884155
0.3821825683116913
0.21054348349571228
0.2532600164413452
0.31468436121940613
0.37948229908943176
0.45533058047294617
0.19569911062717438
0.25028055906295776
0.31878724694252014
0.40580275654792786
0.5113210082054138
0.19411149621009827
0.22943700850009918
0.2757661044597626
0.3382129967212677
0.4161894917488098
0.2216569185256958
0.28041350841522217
0.350043922662735
0.43263930082321167
0.5219981670379639
0.22929169237613678
0.2843353748321533
0.410638689994812
0.5640437602996826
0.6802816987037659
0.2609022557735443
0.3183228075504303
0.44925612211227417
0.6165114045143127
0.7685236930847168
0.36952468752861023
0.45792055130004883
0.5949780941009521
0.6965523958206177
0.786505937576294
0.2920404076576233
0.36165326833724976
0.5112603902816772
0.6662937998771667
0.7953921556472778
0.21268710494041443
0.2610974609851837
0.3726886510848999
0.5139481425285339
0.6515032649040222
0.2721412181854248
0.3273615539073944
0.4376834034919739
0.5727208256721497
0.7245678305625916
0.261258989572525
0.3302173614501953
0.47841504216194153
0.6265667080879211
0.7391754984855652
0.22689485549926758
0.27582821249961853
0.3846707046031952
0.517301619052887
0.655639111995697
0.31575652956962585
0.3925500810146332
0.5292442440986633
0.6352391242980957
0.7312350273132324
0.2993335425853729
0.37081804871559143
0.5087170600891113
0.6479175686836243
0.760387659072876
0.273116797208786
0.33243072032928467
0.4518839418888092
0.5950811505317688
0.7281038761138916
0.2754717171192169
0.34021350741386414
0.47377631068229675
0.6207190155982971
0.749641478061676
0.20559406280517578
0.24535727500915527
0.3342443108558655
0.4629562795162201
0.6138933300971985
0.2327808141708374
0.28284236788749695
0.39835330843925476
0.5678614377975464
0.7198549509048462
0.30616262555122375
0.3709624707698822
0.501518726348877
0.6377262473106384
0.7582306265830994
0.2905910909175873
0.3626149296760559
0.5101498365402222
0.6670407056808472
0.7652609348297119
0.3240308463573456
0.3985072672367096
0.5355685949325562
0.6698725819587708
0.7853824496269226
0.24890780448913574
0.3118968904018402
0.4561784565448761
0.61171555519104
0.748085081577301
0.2515079081058502
0.3134170472621918
0.45025041699409485
0.6085450053215027
0.7482102513313293
0.3928360342979431
0.47719457745552063
0.588238537311554
0.669175386428833
0.7623620629310608
0.2724788188934326
0.3399278521537781
0.47260966897010803
0.6101831793785095
0.7185409069061279
0.2609674036502838
0.31735721230506897
0.43919578194618225
0.5832105875015259
0.7134509086608887
0.31637513637542725
0.38974952697753906
0.5206933617591858
0.6442057490348816
0.7748003005981445
0.2486436367034912
0.30795422196388245
0.442626029253006
0.5911994576454163
0.7295997738838196
0.4026190936565399
0.4710240662097931
0.5819680690765381
0.6903206706047058
0.772549569606781
0.3309680223464966
0.44309985637664795
0.5056727528572083
0.6018899083137512
0.6631462574005127
0.37817469239234924
0.482374906539917
0.5961846113204956
0.6884298920631409
0.7620978355407715
0.48026925325393677
0.5831664800643921
0.6638503670692444
0.7155694365501404
0.7725973725318909
0.39727720618247986
0.5033763647079468
0.6028151512145996
0.6873766183853149
0.7621763348579407
0.29739436507225037
0.39345377683639526
0.4714513421058655
0.5558021068572998
0.6452135443687439
0.3815953731536865
0.4908517003059387
0.5810955762863159
0.6360862851142883
0.7328444123268127
0.3645942509174347
0.44267892837524414
0.5542858242988586
0.6357653737068176
0.6996540427207947
0.3137674033641815
0.4299044907093048
0.5077066421508789
0.6077247858047485
0.6685032248497009
0.41735148429870605
0.5164753794670105
0.5785079002380371
0.6571557521820068
0.7174856662750244
0.3754572570323944
0.5006555914878845
0.5944146513938904
0.6715043783187866
0.7449597716331482
0.3811945915222168
0.4565873146057129
0.533356249332428
0.6121870279312134
0.7114764451980591
0.38548097014427185
0.5017624497413635
0.5982992649078369
0.670871376991272
0.757276713848114
0.2940494418144226
0.3525269031524658
0.42398613691329956
0.5108294486999512
0.5894523859024048
0.327759712934494
0.4185105562210083
0.5178737640380859
0.6289350986480713
0.7147040367126465
0.4421483278274536
0.5438271760940552
0.6387778520584106
0.7055930495262146
0.7713462710380554
0.3788793385028839
0.4766041338443756
0.5771045684814453
0.6789429783821106
0.7438095808029175
0.4636877179145813
0.5609360933303833
0.6391040682792664
0.7023294568061829
0.7676753401756287
0.3579205572605133
0.4968278408050537
0.6081050038337708
0.6746130585670471
0.766343891620636
0.3459804654121399
0.4307537078857422
0.5291666984558105
0.5980559587478638
0.7023236155509949
0.5783988833427429
0.6669855713844299
0.717479944229126
0.7660986185073853
0.8104529976844788
0.3442470133304596
0.44135862588882446
0.5259886384010315
0.616452157497406
0.684914231300354
0.35284724831581116
0.44925105571746826
0.5432712435722351
0.6197763681411743
0.7009469270706177
0.408191442489624
0.5064974427223206
0.5931289196014404
0.6736533045768738
0.7507631778717041
0.3234096169471741
0.43022671341896057
0.5316307544708252
0.6133644580841064
0.6989430785179138
0.49646636843681335
0.5835604667663574
0.6599626541137695
0.7176761627197266
0.7761239409446716
0.3641645312309265
0.46075984835624695
0.5146017074584961
0.6043127775192261
0.7061639428138733
0.4171926975250244
0.49438410997390747
0.6197687387466431
0.6546372771263123
0.7703070640563965
0.49812862277030945
0.6085633039474487
0.6850841641426086
0.7239515781402588
0.7843596339225769
0.48860085010528564
0.5823656916618347
0.655070424079895
0.7679842114448547
0.8091872930526733
0.3050040900707245
0.40418022871017456
0.5079649090766907
0.6254041790962219
0.6818680167198181
0.37772688269615173
0.4630933701992035
0.5334151387214661
0.6507568359375
0.7227833271026611
0.3975332975387573
0.5164123177528381
0.6038333177566528
0.6815369129180908
0.7240896821022034
0.32220983505249023
0.41742780804634094
0.5047240257263184
0.5971902012825012
0.694888710975647
0.4459955096244812
0.5496370792388916
0.6418322324752808
0.7277551889419556
0.7995489239692688
0.4591049253940582
0.565015971660614
0.6629719734191895
0.7705429196357727
0.8331785798072815
0.4108251631259918
0.5098586678504944
0.5631470680236816
0.6676097512245178
0.7396122813224792
0.44870316982269287
0.5245806574821472
0.6320933103561401
0.6835910677909851
0.7701219320297241
0.2864936590194702
0.3668266832828522
0.45205917954444885
0.5615003705024719
0.703004002571106
0.3297058045864105
0.4128061830997467
0.5479158163070679
0.6652044057846069
0.7408729195594788
0.4678054451942444
0.5731605887413025
0.6308748126029968
0.7183529734611511
0.7913047671318054
0.4703541398048401
0.5714864134788513
0.6917362213134766
0.7838081121444702
0.8777213096618652
0.4700467586517334
0.6204227209091187
0.7209597826004028
0.7937010526657104
0.9235510230064392
0.3936566412448883
0.48418623208999634
0.610542893409729
0.7347612977027893
0.786206841468811
0.4011582136154175
0.484055757522583
0.5720576047897339
0.6898189783096313
0.7751524448394775
0.40650227665901184
0.507824718952179
0.5729164481163025
0.6710441708564758
0.6833989024162292
0.405950665473938
0.5078766345977783
0.6104476451873779
0.6763767004013062
0.7952983379364014
0.38213661313056946
0.485441654920578
0.5833329558372498
0.6549971103668213
0.7632918357849121
0.4910895526409149
0.5989394187927246
0.6693031191825867
0.7696542739868164
0.8332141041755676
0.39457663893699646
0.507687509059906
0.6042348742485046
0.6905960440635681
0.8155521750450134
0.555504560470581
0.6246027946472168
0.6531416177749634
0.6934196949005127
0.7418787479400635
0.29598575830459595
0.40915533900260925
0.5710436105728149
0.7046873569488525
0.8187203407287598
0.29363319277763367
0.3970140516757965
0.5206248164176941
0.6669927835464478
0.8132191896438599
0.30490925908088684
0.4073079228401184
0.5397026538848877
0.6710416674613953
0.7810335755348206
0.28804442286491394
0.382398784160614
0.4964936673641205
0.6458288431167603
0.7931714653968811
0.30908262729644775
0.41666364669799805
0.5468932390213013
0.6959415674209595
0.8154619336128235
0.31864693760871887
0.4265300929546356
0.5757757425308228
0.7151098251342773
0.8418363928794861
0.30556273460388184
0.4211257994174957
0.5425361394882202
0.6750930547714233
0.8222447037696838
0.3277471959590912
0.446927547454834
0.5844990611076355
0.7188082933425903
0.8247592449188232
0.2836126387119293
0.39132988452911377
0.5289234519004822
0.6475537419319153
0.7930294871330261
0.27999070286750793
0.3784497380256653
0.5175195336341858
0.6694223880767822
0.8195337653160095
0.3193049430847168
0.4346931278705597
0.5673568248748779
0.7131122350692749
0.8383362889289856
0.3129144310951233
0.4288013279438019
0.5711035132408142
0.7051529288291931
0.841573178768158
0.3123948276042938
0.42241233587265015
0.5689083337783813
0.6903702020645142
0.8014703989028931
0.3037329614162445
0.42038172483444214
0.5686210989952087
0.698798656463623
0.8452712297439575
0.3160513639450073
0.4187414050102234
0.5345179438591003
0.6637458801269531
0.7751277685165405
0.314495712518692
0.4280795454978943
0.5614796280860901
0.7193487882614136
0.8342095613479614
0.3004831075668335
0.401411235332489
0.5280498266220093
0.6732316613197327
0.8179678320884705
0.3263430893421173
0.44011059403419495
0.5715944170951843
0.6965996026992798
0.8351395130157471
0.3234409689903259
0.44765257835388184
0.6219358444213867
0.7747319936752319
0.8820788264274597
0.29657816886901855
0.39851415157318115
0.5453179478645325
0.6667437553405762
0.7971770763397217
0.30859434604644775
0.4079602360725403
0.5354596376419067
0.6930893063545227
0.8267794847488403
0.303478479385376
0.4105805456638336
0.550943911075592
0.6910385489463806
0.8248018622398376
0.28257104754447937
0.37919723987579346
0.5246731042861938
0.6922531723976135
0.8213292360305786
0.3144805431365967
0.4305669665336609
0.5771417617797852
0.729821503162384
0.8355289101600647
0.3792983889579773
0.504625141620636
0.6350889205932617
0.766633152961731
0.8509466648101807
0.41583964228630066
0.4986186623573303
0.6222314834594727
0.7334203124046326
0.8396050930023193
0.5059343576431274
0.5683194398880005
0.6660753488540649
0.7570803165435791
0.84391188621521
0.3928254544734955
0.4750221371650696
0.5848527550697327
0.6879072785377502
0.8301935791969299
0.47301197052001953
0.5413023829460144
0.6426863670349121
0.7440383434295654
0.8579598665237427
0.34319618344306946
0.4228127598762512
0.5425885319709778
0.6899747252464294
0.8436836004257202
0.4043690860271454
0.49152714014053345
0.6245495676994324
0.7756742835044861
0.8923312425613403
0.3480003774166107
0.4193943738937378
0.5352162718772888
0.6480067372322083
0.7968515157699585
0.4119420349597931
0.4789044260978699
0.5887588262557983
0.7043493390083313
0.8162989020347595
0.45434704422950745
0.5110509395599365
0.5822794437408447
0.6891825199127197
0.8030601143836975
0.4249248206615448
0.4890252649784088
0.5951278805732727
0.7317505478858948
0.8597789406776428
0.44948408007621765
0.5331640839576721
0.6427266001701355
0.773817777633667
0.8726469874382019
0.4727001488208771
0.5295417308807373
0.6248031854629517
0.7492294311523438
0.8749808073043823
0.38237738609313965
0.4820117652416229
0.6199100613594055
0.7598381638526917
0.8494020104408264
0.4156174063682556
0.5008989572525024
0.6121259331703186
0.7465567588806152
0.8531306385993958
0.4332197606563568
0.5072232484817505
0.6064530611038208
0.7231457233428955
0.8308427333831787
0.45106998085975647
0.5232042074203491
0.6127439737319946
0.7520381212234497
0.8681316375732422
0.45783501863479614
0.5215347409248352
0.6232831478118896
0.716122567653656
0.8407256007194519
0.4132941663265228
0.49513983726501465
0.6168118715286255
0.7871181964874268
0.8812145590782166
0.44640052318573
0.5283600091934204
0.6331081986427307
0.7600482702255249
0.8792304992675781
0.39712831377983093
0.4784749448299408
0.5899527072906494
0.6979655027389526
0.8255690336227417
0.39328932762145996
0.47662973403930664
0.5840655565261841
0.7269348502159119
0.8638232946395874
0.4506703019142151
0.5454630255699158
0.6500405669212341
0.7577688694000244
0.8485658168792725
0.4368100166320801
0.5096173882484436
0.6105260252952576
0.7246592044830322
0.8111569285392761
0.3775598406791687
0.46812447905540466
0.595585286617279
0.7424109578132629
0.8771865367889404
0.2787955105304718
0.35859888792037964
0.4752819240093231
0.6149824261665344
0.8061716556549072
0.24082595109939575
0.30808356404304504
0.44816166162490845
0.6437129378318787
0.8418784141540527
0.2774724066257477
0.3492981493473053
0.5366880893707275
0.8219835162162781
0.8998285531997681
0.2692100703716278
0.3307777941226959
0.5018326044082642
0.7231489419937134
0.858402669429779
0.27303382754325867
0.3502545654773712
0.5305022597312927
0.7856079936027527
0.9165111184120178
0.2457483559846878
0.305677592754364
0.4510382413864136
0.6559615731239319
0.8125187754631042
0.25863438844680786
0.3283713161945343
0.4664289951324463
0.7233701944351196
0.88491290807724
0.25084102153778076
0.3095376491546631
0.452584832906723
0.6592616438865662
0.8209693431854248
0.24929770827293396
0.31877270340919495
0.4650391638278961
0.6595344543457031
0.823322057723999
0.25083914399147034
0.3453388214111328
0.49667802453041077
0.6985730528831482
0.8395020961761475
0.2615777850151062
0.3342128098011017
0.48465695977211
0.7250357270240784
0.8742385506629944
0.2675010561943054
0.339334100484848
0.4696502089500427
0.7290583252906799
0.9026511311531067
0.2645958662033081
0.3288850486278534
0.4921319782733917
0.7786049246788025
0.8979695439338684
0.25767385959625244
0.3247234523296356
0.4526282846927643
0.6752586364746094
0.8460789322853088
0.25691428780555725
0.3373420536518097
0.46469688415527344
0.6873430013656616
0.870847761631012
0.26570627093315125
0.3324891924858093
0.5081868767738342
0.7623865008354187
0.9088163375854492
0.2737228274345398
0.3345104455947876
0.5297882556915283
0.7878143191337585
0.9039106369018555
0.28270354866981506
0.3436272442340851
0.4931519329547882
0.7552911043167114
0.9103612303733826
0.2723967134952545
0.344681978225708
0.4843963086605072
0.73795086145401
0.9246988892555237
0.2567934989929199
0.3348425328731537
0.49210017919540405
0.7424094080924988
0.8864006400108337
0.2556450366973877
0.32334861159324646
0.44332513213157654
0.668897271156311
0.8106521368026733
0.25857779383659363
0.3514555096626282
0.48944175243377686
0.7065872550010681
0.8438209891319275
0.2894739508628845
0.3509289622306824
0.4866672158241272
0.7399474382400513
0.8931936025619507
0.24593621492385864
0.3196495771408081
0.46705788373947144
0.769146203994751
0.877871036529541
0.26948314905166626
0.34437012672424316
0.48407137393951416
0.7446162104606628
0.9154483675956726
0.31000158190727234
0.3379930555820465
0.5454812049865723
0.673399806022644
0.7845242619514465
0.2732374668121338
0.3423839807510376
0.42168766260147095
0.6460612416267395
0.8734024167060852
0.4084022343158722
0.6430918574333191
0.8116990923881531
0.9130309224128723
0.9593925476074219
0.4449811577796936
0.6347007751464844
0.7859171628952026
0.9054454565048218
0.9493293762207031
0.5588182806968689
0.7293879389762878
0.832198977470398
0.9297075271606445
0.9661301970481873
0.23998579382896423
0.3312114179134369
0.4133298397064209
0.5690444111824036
0.7420780658721924
0.29145902395248413
0.3709813952445984
0.4708287715911865
0.724161684513092
0.9264957308769226
0.3622143268585205
0.5018499493598938
0.6789130568504333
0.7997389435768127
0.9133269190788269
0.2726222574710846
0.3644854426383972
0.4571611285209656
0.5482446551322937
0.7851788401603699
0.44939014315605164
0.49756622314453125
0.6528100967407227
0.8037989139556885
0.9243225455284119
0.3822390139102936
0.5567622184753418
0.7326119542121887
0.8599992394447327
0.9511381983757019
0.31688356399536133
0.4135272800922394
0.5246097445487976
0.7769660949707031
0.94624263048172
0.40122342109680176
0.5837324857711792
0.8087968230247498
0.9023299813270569
0.9654344320297241
0.22630219161510468
0.28949227929115295
0.3739716410636902
0.49379464983940125
0.7818278670310974
0.2728428542613983
0.36270275712013245
0.5079634189605713
0.6945894360542297
0.86149001121521
0.3982733190059662
0.6320998668670654
0.7769741415977478
0.8772304654121399
0.9363886713981628
0.3947455883026123
0.5890648365020752
0.8218851685523987
0.9114984273910522
0.9430883526802063
0.40370693802833557
0.5201092958450317
0.7081980109214783
0.8509083390235901
0.9680735468864441
0.2878882586956024
0.37829017639160156
0.5318613052368164
0.7367877960205078
0.9236183166503906
0.362820565700531
0.45944568514823914
0.595039963722229
0.7820151448249817
0.9129199981689453
0.3791356682777405
0.4941413402557373
0.6685964465141296
0.7951728105545044
0.9185888171195984
0.3464292883872986
0.41482940316200256
0.5212900638580322
0.7318633794784546
0.9085187315940857
0.3330332934856415
0.42666563391685486
0.6218372583389282
0.8552564382553101
0.9505568146705627
0.42999473214149475
0.6238918304443359
0.7761390209197998
0.8380272388458252
0.9236077070236206
0.3382677137851715
0.4304070770740509
0.5699678063392639
0.8385393023490906
0.9586270451545715
0.2638014256954193
0.321032851934433
0.3900884687900543
0.4459984302520752
0.5651581287384033
0.307290643453598
0.29902440309524536
0.5131198763847351
0.4772857129573822
0.6077341437339783
0.5080708265304565
0.4710892140865326
0.7481950521469116
0.8369157910346985
0.8882748484611511
0.3932175636291504
0.541228175163269
0.8047304749488831
0.7100038528442383
0.8253440856933594
0.45354732871055603
0.5611532926559448
0.6376245617866516
0.7918571829795837
0.8497872352600098
0.3135291635990143
0.34175750613212585
0.4055385887622833
0.6455582976341248
0.6081625819206238
0.2866710126399994
0.3678668737411499
0.4631575345993042
0.5244738459587097
0.6341865062713623
0.3936065435409546
0.42585065960884094
0.5339358448982239
0.6543431282043457
0.7859148979187012
0.24578234553337097
0.3180902600288391
0.3868374824523926
0.5368444919586182
0.6600556373596191
0.26819536089897156
0.31802883744239807
0.4972546100616455
0.694694995880127
0.733379602432251
0.4767496883869171
0.41444745659828186
0.5325823426246643
0.6387040615081787
0.7869234681129456
0.2970508933067322
0.2937791049480438
0.4570533335208893
0.6261619925498962
0.8261762261390686
0.39897844195365906
0.4924135208129883
0.569072961807251
0.7683879733085632
0.6847138404846191
0.20586736500263214
0.27933254837989807
0.44718074798583984
0.33913516998291016
0.4263337254524231
0.2467031031847
0.4037990868091583
0.5253502726554871
0.48708170652389526
0.6307036280632019
0.37981194257736206
0.43188780546188354
0.6306517124176025
0.746001124382019
0.8126226663589478
0.3503740727901459
0.37209823727607727
0.4307515621185303
0.7503955364227295
0.8484519124031067
0.34616050124168396
0.42891713976860046
0.4772021472454071
0.6935453414916992
0.8368889093399048
0.3622778058052063
0.5420727729797363
0.4889848232269287
0.5368571281433105
0.8047246932983398
0.26427510380744934
0.3249255418777466
0.46163153648376465
0.5913099646568298
0.5659822821617126
0.3842797577381134
0.49536049365997314
0.4900039732456207
0.6468132734298706
0.7650451064109802
0.37264007329940796
0.45151078701019287
0.3215228021144867
0.41454175114631653
0.8163864016532898
0.4205247461795807
0.39538097381591797
0.41611966490745544
0.536679744720459
0.7458155751228333
0.41407138109207153
0.4589027464389801
0.5669817924499512
0.724661111831665
0.8463584184646606
0.42728191614151
0.32406121492385864
0.38625672459602356
0.5516255497932434
0.773853063583374
0.3318827748298645
0.35878437757492065
0.49754002690315247
0.4877365231513977
0.5580360889434814
0.29464441537857056
0.5151985883712769
0.6965108513832092
0.7020665407180786
0.6624674797058105
0.5593257546424866
0.6706860065460205
0.8167815208435059
0.8306952714920044
0.8270330429077148
0.5085569620132446
0.8135658502578735
0.7240444421768188
0.8935121297836304
0.9426825642585754
0.6650074124336243
0.7836484909057617
0.8451812267303467
0.8471423983573914
0.9474735260009766
0.3769659101963043
0.34958648681640625
0.5303260684013367
0.7079624533653259
0.789481520652771
0.5374966263771057
0.3677828013896942
0.5431405305862427
0.748244047164917
0.7883740067481995
0.4925228953361511
0.6640838384628296
0.7890233397483826
0.8618610501289368
0.8820351362228394
0.3637795150279999
0.523871898651123
0.45118585228919983
0.6440006494522095
0.8085431456565857
0.6432433128356934
0.7823136448860168
0.7364827990531921
0.8409335017204285
0.8564359545707703
0.48704415559768677
0.7526369690895081
0.7444046139717102
0.8823462724685669
0.8740960955619812
0.6671450138092041
0.5235377550125122
0.7961146235466003
0.8213216662406921
0.8749088048934937
0.41653886437416077
0.5610424876213074
0.735678493976593
0.8531114459037781
0.6736061573028564
0.2607618570327759
0.28324979543685913
0.5017449259757996
0.5183641910552979
0.7406158447265625
0.5691585540771484
0.49268603324890137
0.6939565539360046
0.7597110867500305
0.8305051922798157
0.4870656132698059
0.6560022830963135
0.7698919773101807
0.8743765950202942
0.9295735359191895
0.5689166188240051
0.746272623538971
0.7033032178878784
0.8644840121269226
0.8339806795120239
0.5976393222808838
0.5962114930152893
0.8165761828422546
0.8986618518829346
0.8831126689910889
0.6586278080940247
0.5609378814697266
0.652890145778656
0.7416048049926758
0.8573814034461975
0.4230104386806488
0.5544230341911316
0.6394883394241333
0.7470716834068298
0.9134768843650818
0.5488876700401306
0.7493582367897034
0.5998549461364746
0.8226053714752197
0.9333729147911072
0.41423511505126953
0.6038635969161987
0.7140017151832581
0.8419831395149231
0.7869681715965271
0.4048098027706146
0.592689037322998
0.6776984930038452
0.7918967008590698
0.8522866368293762
0.5062136650085449
0.644291877746582
0.7914130091667175
0.883430004119873
0.8588172793388367
0.5384749174118042
0.7714490294456482
0.7954102158546448
0.8388245701789856
0.8112889528274536
0.5587999820709229
0.3753197491168976
0.6589568257331848
0.5467817783355713
0.7136201858520508
0.3288370370864868
0.34758079051971436
0.4791549742221832
0.5223726630210876
0.6066177487373352
0.41553032398223877
0.33312809467315674
0.45419931411743164
0.514576256275177
0.6040830016136169
0.43370404839515686
0.3558381199836731
0.43578460812568665
0.4916476309299469
0.595390260219574
0.4558645486831665
0.3164925277233124
0.41757482290267944
0.4534597396850586
0.5736544728279114
0.29944586753845215
0.37254568934440613
0.46247443556785583
0.5484870672225952
0.6208844780921936
0.3347225487232208
0.35216188430786133
0.4918731153011322
0.5594892501831055
0.607084333896637
0.3695577383041382
0.3396407663822174
0.458192378282547
0.5312991142272949
0.6119394302368164
0.29983052611351013
0.36150825023651123
0.4792101979255676
0.5716334581375122
0.6428589820861816
0.367274671792984
0.3419172167778015
0.4593771994113922
0.5376917719841003
0.6315705180168152
0.4085676670074463
0.3715898096561432
0.4769519865512848
0.5564407706260681
0.6233159303665161
0.35627731680870056
0.4218342900276184
0.4959031641483307
0.6037707924842834
0.6477065086364746
0.4086266756057739
0.3618278503417969
0.4733108580112457
0.5177465677261353
0.6068528294563293
0.27016374468803406
0.3537163734436035
0.47130316495895386
0.5259355306625366
0.6202451586723328
0.3155820369720459
0.36350786685943604
0.47998225688934326
0.5676792860031128
0.653015673160553
0.4074537456035614
0.34904158115386963
0.43290838599205017
0.49523067474365234
0.6163360476493835
0.3998243510723114
0.33566102385520935
0.42943134903907776
0.5257394909858704
0.5833247303962708
0.38886991143226624
0.37126970291137695
0.4924045503139496
0.5879814624786377
0.6196864247322083
0.3242463767528534
0.3570657968521118
0.46956193447113037
0.5510005950927734
0.621151864528656
0.33662474155426025
0.36907047033309937
0.4668465852737427
0.5405173897743225
0.5977205634117126
0.32698971033096313
0.3820529282093048
0.5050280094146729
0.5990575551986694
0.6473395824432373
0.3083115816116333
0.3514879643917084
0.4622243642807007
0.5605084896087646
0.6666176915168762
0.3638317883014679
0.34614068269729614
0.4612773358821869
0.5805253386497498
0.6500933766365051
0.3476206660270691
0.32542094588279724
0.4264349341392517
0.49795281887054443
0.5895639657974243
0.371803343296051
0.36826592683792114
0.48712652921676636
0.553584098815918
0.6329633593559265
0.2733289301395416
0.4673490524291992
0.5035725831985474
0.5863910913467407
0.6097578406333923
0.6665984988212585
0.6322832703590393
0.6098382472991943
0.5784999132156372
0.557200014591217
0.6924046277999878
0.7120324373245239
0.7273910045623779
0.7164745926856995
0.6713079214096069
0.6877212524414062
0.6858916282653809
0.6676270961761475
0.6625587940216064
0.5858427286148071
0.6470741629600525
0.6754279136657715
0.673253059387207
0.644260048866272
0.6416512727737427
0.6269586682319641
0.6234910488128662
0.6187922954559326
0.6144157648086548
0.5512738823890686
0.6837040185928345
0.6619217991828918
0.6057891845703125
0.5631685256958008
0.5125522613525391
0.6130346655845642
0.6307715177536011
0.640956699848175
0.6204888820648193
0.5734152793884277
0.6085091233253479
0.6205807328224182
0.6239325404167175
0.5926843285560608
0.5943829417228699
0.6554312705993652
0.6564813256263733
0.6359988451004028
0.6218178272247314
0.47911307215690613
0.6589887142181396
0.6370697617530823
0.6181184649467468
0.5907524228096008
0.5637201070785522
0.6567354798316956
0.6814670562744141
0.6823444962501526
0.6731936931610107
0.6694852113723755
0.6955752372741699
0.7023822665214539
0.6649178266525269
0.6276783347129822
0.64478999376297
0.6152634620666504
0.7048405408859253
0.7299183011054993
0.738531231880188
0.7606762051582336
0.6352789402008057
0.6306591629981995
0.6313996315002441
0.6003673076629639
0.5753649473190308
0.6453638076782227
0.6760190725326538
0.663518488407135
0.6146957874298096
0.573833167552948
0.6632779836654663
0.697239339351654
0.6960365176200867
0.7005841732025146
0.7373671531677246
0.6833261251449585
0.6748977303504944
0.6782485246658325
0.6477724313735962
0.6480460166931152
0.6575886607170105
0.6650131344795227
0.654786229133606
0.6366209387779236
0.553345799446106
0.6698086857795715
0.6777986288070679
0.6502761244773865
0.604557454586029
0.6154670715332031
0.7282082438468933
0.7092059850692749
0.6618203520774841
0.6394847631454468
0.6289610266685486
0.6655171513557434
0.642463207244873
0.6339172720909119
0.5782838463783264
0.6269964575767517
0.735063374042511
0.7198595404624939
0.7037854790687561
0.655017077922821
0.5984525680541992
0.6841645836830139
0.6466898918151855
0.623003363609314
0.594701886177063
0.5838874578475952
0.5788689851760864
0.5598337054252625
0.5474706888198853
0.5423169732093811
0.6073383688926697
0.6458378434181213
0.617214560508728
0.594627320766449
0.5679375529289246
0.5211672782897949
0.10374993085861206
0.12775634229183197
0.20202027261257172
0.219569131731987
0.36752015352249146
0.12710843980312347
0.18339116871356964
0.25654780864715576
0.34057581424713135
0.43122342228889465
0.1223827600479126
0.19172826409339905
0.24161946773529053
0.35369911789894104
0.43041789531707764
0.117276631295681
0.15090256929397583
0.24737271666526794
0.26720625162124634
0.46510645747184753
0.11707290261983871
0.16200265288352966
0.294554203748703
0.28601282835006714
0.5223881006240845
0.10285794734954834
0.23624318838119507
0.19629590213298798
0.39322710037231445
0.3304036557674408
0.10544244945049286
0.14530187845230103
0.21278904378414154
0.2641352117061615
0.35656487941741943
0.10009217262268066
0.21725761890411377
0.19304481148719788
0.40532010793685913
0.359283447265625
0.11085709184408188
0.14496080577373505
0.20332470536231995
0.2607685327529907
0.3257087469100952
0.10247240960597992
0.19216594099998474
0.1889355629682541
0.3304469883441925
0.34230342507362366
0.11733201146125793
0.15435363352298737
0.36310476064682007
0.27523183822631836
0.5798802375793457
0.10293999314308167
0.23017896711826324
0.19042707979679108
0.38296303153038025
0.28364765644073486
0.10151756554841995
0.20992247760295868
0.18968135118484497
0.35562247037887573
0.3323705792427063
0.10551862418651581
0.1458522379398346
0.20925045013427734
0.26885533332824707
0.3999406397342682
0.14224499464035034
0.23525455594062805
0.4043440818786621
0.3427758514881134
0.6482781171798706
0.09934082627296448
0.188563734292984
0.18445809185504913
0.3508222997188568
0.3061656951904297
0.12459760904312134
0.17099030315876007
0.5860432386398315
0.2995416522026062
0.6978559494018555
0.10763532668352127
0.1623447686433792
0.26524820923805237
0.2908560037612915
0.5450597405433655
0.10518734157085419
0.16784290969371796
0.20636676251888275
0.32300272583961487
0.3600199222564697
0.11720266193151474
0.30786314606666565
0.2635279595851898
0.4440669119358063
0.4523429274559021
0.10085602104663849
0.22016775608062744
0.18804216384887695
0.3939867317676544
0.3447321951389313
0.10414787381887436
0.20395530760288239
0.1935269981622696
0.39147794246673584
0.30525365471839905
0.13755711913108826
0.21562406420707703
0.24714486300945282
0.3818434774875641
0.34448161721229553
0.1014605462551117
0.16767893731594086
0.18633586168289185
0.2934729754924774
0.2699304223060608
0.1792052984237671
0.19521290063858032
0.3109683394432068
0.34026873111724854
0.4273121654987335
0.2395915389060974
0.3024369776248932
0.398078590631485
0.41467735171318054
0.5998352766036987
0.2514817714691162
0.38721150159835815
0.41153714060783386
0.6375010013580322
0.6392661929130554
0.25728967785835266
0.3732430636882782
0.41279712319374084
0.5161515474319458
0.621282696723938
0.2634955644607544
0.3405378758907318
0.43292078375816345
0.4776745140552521
0.6615784168243408
0.2515116333961487
0.3526821434497833
0.41346052289009094
0.4938541352748871
0.6424713730812073
0.2469223141670227
0.36816510558128357
0.4119246304035187
0.49691838026046753
0.6307964324951172
0.2556982636451721
0.3317643404006958
0.4119776785373688
0.46188926696777344
0.6200113892555237
0.24942408502101898
0.3602263629436493
0.4050370156764984
0.5170376896858215
0.6209376454353333
0.2640256881713867
0.33399972319602966
0.43043848872184753
0.46025049686431885
0.6332187056541443
0.26805540919303894
0.35135403275489807
0.43585720658302307
0.48900336027145386
0.6553199887275696
0.2568477988243103
0.33734896779060364
0.41950204968452454
0.5008000135421753
0.633611261844635
0.2629034221172333
0.353690505027771
0.4349648952484131
0.4844561219215393
0.6619542837142944
0.23101511597633362
0.3536633253097534
0.3691816031932831
0.47139692306518555
0.55643230676651
0.2432927042245865
0.32563281059265137
0.39454445242881775
0.45800694823265076
0.5988935232162476
0.270363450050354
0.40709924697875977
0.44224023818969727
0.5466119050979614
0.6597120761871338
0.2452244758605957
0.34740230441093445
0.4033982753753662
0.49251797795295715
0.6188477873802185
0.2660297453403473
0.3644551932811737
0.43673694133758545
0.6460236310958862
0.6524911522865295
0.26443561911582947
0.3543899357318878
0.4293251037597656
0.4891127943992615
0.6618566513061523
0.25744113326072693
0.33802199363708496
0.42669200897216797
0.48013707995414734
0.6575441360473633
0.2718716859817505
0.3964012563228607
0.43525320291519165
0.5593490600585938
0.6412572264671326
0.24803690612316132
0.36980435252189636
0.4232809245586395
0.516644299030304
0.6522682905197144
0.2509744465351105
0.36271074414253235
0.4121742248535156
0.5100505948066711
0.632396399974823
0.24319985508918762
0.3728765547275543
0.40746834874153137
0.5125499367713928
0.6438466906547546
0.2810693681240082
0.35426199436187744
0.4532144069671631
0.4729980528354645
0.6733851432800293
0.2611491084098816
0.3711971044540405
0.4205534756183624
0.4957238435745239
0.6320298910140991
0.35069236159324646
0.43987876176834106
0.5423476099967957
0.6118664741516113
0.6215856075286865
0.23392891883850098
0.263458251953125
0.3069460093975067
0.3614698052406311
0.42538270354270935
0.2515247166156769
0.299979567527771
0.3587316870689392
0.43667444586753845
0.5285053253173828
0.3051767945289612
0.3648989796638489
0.44167962670326233
0.550514280796051
0.6745419502258301
0.3908894658088684
0.477644145488739
0.5769678354263306
0.708245038986206
0.7942682504653931
0.3385887145996094
0.4249206483364105
0.5358301997184753
0.6616862416267395
0.705652117729187
0.32641685009002686
0.40262266993522644
0.4965273439884186
0.6157332062721252
0.7282959222793579
0.4180860221385956
0.5217678546905518
0.6054028868675232
0.6427280902862549
0.6654149293899536
0.36216622591018677
0.4421025514602661
0.5530526041984558
0.6801244020462036
0.6928443908691406
0.4708937406539917
0.6027730703353882
0.6632436513900757
0.6456185579299927
0.6612838506698608
0.3876589238643646
0.4692034125328064
0.6064205765724182
0.7126153707504272
0.7171222567558289
0.31616905331611633
0.38726669549942017
0.481220006942749
0.6016539335250854
0.6681123971939087
0.34978970885276794
0.4354831576347351
0.5214291214942932
0.5795546174049377
0.6135992407798767
0.26628923416137695
0.3230849504470825
0.3883218467235565
0.46559014916419983
0.5691590309143066
0.3284178376197815
0.40001872181892395
0.4994561970233917
0.6354364156723022
0.7280024290084839
0.3673986792564392
0.4383479058742523
0.5029678344726562
0.5396568775177002
0.6260652542114258
0.5311698913574219
0.5889673233032227
0.6236423850059509
0.6887035965919495
0.6976423263549805
0.3465811312198639
0.42215240001678467
0.5214941501617432
0.6487101912498474
0.7577672600746155
0.30960434675216675
0.3812098801136017
0.4680061638355255
0.5724292397499084
0.6169846057891846
0.3477610945701599
0.42538419365882874
0.5120338797569275
0.6098027229309082
0.6422524452209473
0.37790122628211975
0.46078231930732727
0.5661376714706421
0.6674231290817261
0.6626352667808533
0.31520581245422363
0.38047289848327637
0.46365487575531006
0.5676606893539429
0.6821836829185486
0.26542603969573975
0.32145005464553833
0.3886294662952423
0.4726104736328125
0.5736554265022278
0.495647132396698
0.5690767765045166
0.6311137676239014
0.6192933320999146
0.6382182836532593
0.2677701711654663
0.3115450143814087
0.3784044682979584
0.4603962004184723
0.5761458277702332
0.29015839099884033
0.3558947741985321
0.4444023370742798
0.5263749957084656
0.5997454524040222
0.3473462462425232
0.42130202054977417
0.5169975161552429
0.6111096739768982
0.7436525225639343
0.5289016962051392
0.6040216684341431
0.6726183891296387
0.7399191856384277
0.7691673636436462
0.43135619163513184
0.542795717716217
0.6182324290275574
0.7001018524169922
0.7619761228561401
0.2739047408103943
0.35987159609794617
0.41815757751464844
0.5017261505126953
0.5916888117790222
0.38932380080223083
0.4517853856086731
0.5165011882781982
0.5792585015296936
0.6492331027984619
0.383439838886261
0.4697211682796478
0.5707760453224182
0.6414162516593933
0.7076934576034546
0.3100402355194092
0.37343069911003113
0.4467330276966095
0.5268813371658325
0.6035457253456116
0.44818517565727234
0.540149986743927
0.5896703600883484
0.6601898670196533
0.7065664529800415
0.4230721890926361
0.512319028377533
0.6001870036125183
0.6661179065704346
0.7265080213546753
0.36110755801200867
0.4346623122692108
0.5569863319396973
0.6346297860145569
0.7044492959976196
0.38896647095680237
0.46780094504356384
0.544010579586029
0.6337385177612305
0.7055061459541321
0.28864195942878723
0.35209670662879944
0.41372644901275635
0.49427205324172974
0.5614925622940063
0.3652125298976898
0.434274822473526
0.5460217595100403
0.6291689872741699
0.6999609470367432
0.40439584851264954
0.4713987708091736
0.5367130637168884
0.6499719023704529
0.7139565348625183
0.4335424602031708
0.5345659852027893
0.6307091116905212
0.6956067681312561
0.7512288689613342
0.36936458945274353
0.44840091466903687
0.5645436644554138
0.6554784178733826
0.7216829061508179
0.31659576296806335
0.39749953150749207
0.4846794605255127
0.5763663649559021
0.6791911125183105
0.3537057340145111
0.44686371088027954
0.5351345539093018
0.630212664604187
0.7178406715393066
0.5281916856765747
0.5813341736793518
0.6207513213157654
0.6685954928398132
0.7212627530097961
0.3971607983112335
0.4871816039085388
0.56520015001297
0.6396988034248352
0.6927770972251892
0.3788621723651886
0.459430992603302
0.5348274111747742
0.6017951369285583
0.6724649667739868
0.4405956566333771
0.5327204465866089
0.6146865487098694
0.6892427206039429
0.7517362833023071
0.3531607687473297
0.43605080246925354
0.5092078447341919
0.6112001538276672
0.6882761716842651
0.47574836015701294
0.5385552644729614
0.6016324162483215
0.6687372922897339
0.7220835089683533
0.22003111243247986
0.2636397182941437
0.3269113302230835
0.4386748969554901
0.557720959186554
0.29903432726860046
0.3825635313987732
0.5126135349273682
0.6342508792877197
0.7450026273727417
0.34303465485572815
0.4391676187515259
0.5539752840995789
0.680076003074646
0.7825610637664795
0.3352384865283966
0.4652943015098572
0.6037594676017761
0.7550219297409058
0.8386094570159912
0.21019524335861206
0.2677176594734192
0.33635133504867554
0.42180508375167847
0.5657857656478882
0.24961325526237488
0.29292604327201843
0.368637353181839
0.46094760298728943
0.5911672115325928
0.283818781375885
0.36469146609306335
0.4846470057964325
0.6194567680358887
0.739281952381134
0.21782949566841125
0.272701233625412
0.3390990197658539
0.433815062046051
0.5394668579101562
0.29332536458969116
0.36799201369285583
0.4713229537010193
0.5954582095146179
0.7102887034416199
0.3026631772518158
0.4031885266304016
0.5073944330215454
0.632276177406311
0.7441020607948303
0.25778648257255554
0.31988227367401123
0.3973981738090515
0.4999554753303528
0.6400967836380005
0.2965736389160156
0.3885713517665863
0.4990251660346985
0.6214439272880554
0.6980466842651367
0.206061452627182
0.23955698311328888
0.29934123158454895
0.3573295474052429
0.46383461356163025
0.2346704751253128
0.3013293445110321
0.36030343174934387
0.47608399391174316
0.6093682050704956
0.3019099235534668
0.39076805114746094
0.498654842376709
0.6592843532562256
0.7971455454826355
0.30569830536842346
0.38368433713912964
0.5276981592178345
0.6357020139694214
0.7532340884208679
0.3170531392097473
0.40330713987350464
0.5095977783203125
0.6293781995773315
0.7526959776878357
0.25260889530181885
0.313376784324646
0.3775956630706787
0.49996623396873474
0.6322325468063354
0.2564246952533722
0.3320799469947815
0.4315633475780487
0.5447749495506287
0.6750704050064087
0.2888214588165283
0.38287052512168884
0.4748571515083313
0.5920484662055969
0.725143551826477
0.24731582403182983
0.2946687340736389
0.35945335030555725
0.4907515347003937
0.6177348494529724
0.25350266695022583
0.32034438848495483
0.4090080261230469
0.5239535570144653
0.6641262173652649
0.32764923572540283
0.430684894323349
0.5390784740447998
0.6463038921356201
0.7549567222595215
0.26354092359542847
0.340127557516098
0.41370561718940735
0.5521352887153625
0.6711900234222412
0.23453009128570557
0.274196982383728
0.31895193457603455
0.3776840567588806
0.46414053440093994
0.3368990123271942
0.39281439781188965
0.4898183345794678
0.5947693586349487
0.6881247162818909
0.4184202253818512
0.5100153088569641
0.6275089979171753
0.7437199354171753
0.8682422637939453
0.4812098443508148
0.5899513959884644
0.6971946358680725
0.7781546115875244
0.8796274662017822
0.4752233326435089
0.5952726602554321
0.7358882427215576
0.8166137933731079
0.9252135753631592
0.31358566880226135
0.4041464030742645
0.48114699125289917
0.5855024456977844
0.7022964358329773
0.36196625232696533
0.42070212960243225
0.5315657258033752
0.6295784711837769
0.7414265275001526
0.41075998544692993
0.500424325466156
0.6164059042930603
0.6961377263069153
0.810515820980072
0.3251349627971649
0.40431728959083557
0.4829390347003937
0.5801063776016235
0.6986240744590759
0.41400080919265747
0.5014175772666931
0.6211613416671753
0.6891180872917175
0.840475857257843
0.43746912479400635
0.5360608696937561
0.6293585896492004
0.7332122921943665
0.866603672504425
0.37863272428512573
0.4534597396850586
0.5507783889770508
0.658973217010498
0.7829357385635376
0.42386913299560547
0.5059890747070312
0.6092212200164795
0.7113129496574402
0.8877361416816711
0.3075976073741913
0.3652443289756775
0.4406798481941223
0.5321152806282043
0.6706754565238953
0.34160497784614563
0.4259152412414551
0.5194673538208008
0.6266099214553833
0.7538785338401794
0.4262012243270874
0.537349283695221
0.6644561886787415
0.7987092137336731
0.843666672706604
0.4455644190311432
0.5427839159965515
0.6364863514900208
0.7474276423454285
0.9180132746696472
0.4245166480541229
0.5197707414627075
0.624812662601471
0.7193560600280762
0.8221338391304016
0.3711850941181183
0.4471762776374817
0.5598440170288086
0.6932768225669861
0.8201267123222351
0.375987708568573
0.45857638120651245
0.5740662217140198
0.6749288439750671
0.806377112865448
0.4010331332683563
0.5054273009300232
0.5712255239486694
0.6648496389389038
0.7538174986839294
0.3564412593841553
0.4323978126049042
0.5374053120613098
0.6413077712059021
0.7735709547996521
0.37494173645973206
0.4690854549407959
0.5682201981544495
0.6837830543518066
0.8121548295021057
0.4488696753978729
0.538604736328125
0.6444178223609924
0.7440552115440369
0.8441868424415588
0.38106441497802734
0.4710278809070587
0.5923073887825012
0.6696324348449707
0.7995021343231201
0.3820461630821228
0.4722539186477661
0.448175311088562
0.637117862701416
0.7005798816680908
0.33533918857574463
0.4135325849056244
0.5351343750953674
0.6431690454483032
0.7925824522972107
0.38070741295814514
0.4611385464668274
0.5667979717254639
0.6668459177017212
0.888990581035614
0.3719954490661621
0.4524978697299957
0.5573298335075378
0.6981149315834045
0.774360716342926
0.38103488087654114
0.46082741022109985
0.5874741673469543
0.6792454123497009
0.8965314030647278
0.24042515456676483
0.31052064895629883
0.39968883991241455
0.5476782321929932
0.6625860929489136
0.31924697756767273
0.4165452718734741
0.6161189675331116
0.6977169513702393
0.7994682192802429
0.3298240900039673
0.40425756573677063
0.5097934603691101
0.5865045189857483
0.7842124700546265
0.2951771914958954
0.371833473443985
0.4730232357978821
0.6144747138023376
0.6926547288894653
0.35776254534721375
0.4461997449398041
0.520591676235199
0.6903737187385559
0.7786980271339417
0.3164748251438141
0.4566745162010193
0.5629770755767822
0.6525866985321045
0.7643425464630127
0.3030228316783905
0.3820571005344391
0.5272051095962524
0.6857303380966187
0.8078352212905884
0.34429672360420227
0.4137958884239197
0.5371047258377075
0.6931039094924927
0.83415287733078
0.2919643819332123
0.38555780053138733
0.5096331834793091
0.6419133543968201
0.7260095477104187
0.24826423823833466
0.31965768337249756
0.38851824402809143
0.552398681640625
0.6529737710952759
0.33266690373420715
0.4314960241317749
0.553184449672699
0.6778007745742798
0.7574237585067749
0.39066407084465027
0.4875606894493103
0.5842151045799255
0.6769056916236877
0.8535661697387695
0.39938727021217346
0.4666263461112976
0.6830390691757202
0.7493036389350891
0.8264437317848206
0.2979246973991394
0.41765937209129333
0.552588164806366
0.736504316329956
0.829258918762207
0.2898465692996979
0.38472139835357666
0.4726223051548004
0.5795150995254517
0.794906735420227
0.3611181974411011
0.4454205334186554
0.553724467754364
0.6435705423355103
0.7225591540336609
0.3453744649887085
0.41322773694992065
0.5178589820861816
0.6535995602607727
0.7285328507423401
0.30810174345970154
0.3891163170337677
0.4757244288921356
0.6032035946846008
0.753635823726654
0.31798022985458374
0.4013465940952301
0.515616238117218
0.5993756055831909
0.7220430970191956
0.30537304282188416
0.39819830656051636
0.5866847634315491
0.7415223717689514
0.8419343829154968
0.41309353709220886
0.4759784936904907
0.5550974011421204
0.6132659912109375
0.6698862314224243
0.2850973904132843
0.38955506682395935
0.46390530467033386
0.5617757439613342
0.7877513766288757
0.3319914638996124
0.4889816641807556
0.7384898662567139
0.890486478805542
0.9396162629127502
0.3237645626068115
0.5047531127929688
0.7395398020744324
0.8511805534362793
0.9153349995613098
0.39667776226997375
0.6211330890655518
0.8062798380851746
0.8610521554946899
0.9498642086982727
0.2548903524875641
0.35448744893074036
0.42517155408859253
0.48256370425224304
0.5797973275184631
0.293008416891098
0.4254317879676819
0.5399508476257324
0.6174499988555908
0.8510968685150146
0.35516902804374695
0.5007888674736023
0.6349843740463257
0.7044811844825745
0.8180001378059387
0.2626909613609314
0.3627138137817383
0.4348939061164856
0.4791734516620636
0.5238471031188965
0.30554306507110596
0.41897696256637573
0.5584865808486938
0.6568154692649841
0.803173303604126
0.3180912137031555
0.45004531741142273
0.6626958250999451
0.8234043121337891
0.9072667956352234
0.2851305902004242
0.3892028331756592
0.4712104797363281
0.6106254458427429
0.8278226256370544
0.3353157639503479
0.4796706438064575
0.5973549485206604
0.7435773611068726
0.8996824622154236
0.22258204221725464
0.30757325887680054
0.3793909251689911
0.4315164387226105
0.5668986439704895
0.2491903305053711
0.34848642349243164
0.46237912774086
0.5434784293174744
0.7814419865608215
0.3334929645061493
0.4631712734699249
0.6236493587493896
0.7129964828491211
0.7902781963348389
0.3756839632987976
0.6409034729003906
0.8545404672622681
0.9090240001678467
0.932975172996521
0.3876679241657257
0.5111762285232544
0.7085828185081482
0.8172933459281921
0.9334395527839661
0.2747773230075836
0.3753429651260376
0.433098703622818
0.5334663391113281
0.7157103419303894
0.30021584033966064
0.3959541916847229
0.455354779958725
0.5036719441413879
0.6053813695907593
0.31836122274398804
0.43272918462753296
0.5589516162872314
0.6623605489730835
0.8061903119087219
0.2916523814201355
0.4084532856941223
0.5302095413208008
0.6261730790138245
0.8258031606674194
0.2926584780216217
0.38508546352386475
0.5152448415756226
0.6396371722221375
0.8770352602005005
0.3640183210372925
0.48205235600471497
0.5850582718849182
0.6993093490600586
0.8086894154548645
0.30344992876052856
0.42176923155784607
0.5394354462623596
0.6338202357292175
0.8667285442352295
0.18446284532546997
0.2567426562309265
0.3160915672779083
0.36084532737731934
0.40232256054878235
0.3114278018474579
0.40040165185928345
0.556236207485199
0.737298309803009
0.872576892375946
0.4823527932167053
0.6133032441139221
0.7703723907470703
0.9022175073623657
0.953055202960968
0.5285372734069824
0.6735658049583435
0.7941178679466248
0.8997167348861694
0.9525114297866821
0.5744770765304565
0.7384645938873291
0.8489227294921875
0.9370987415313721
0.9650194644927979
0.3063405156135559
0.39165782928466797
0.47292545437812805
0.5996854305267334
0.7526727318763733
0.35348939895629883
0.44117093086242676
0.5751936435699463
0.7170987129211426
0.9369425773620605
0.43571028113365173
0.5632860064506531
0.7075486183166504
0.8142021894454956
0.9168711304664612
0.31632667779922485
0.4117725193500519
0.49581873416900635
0.6347240805625916
0.7601104974746704
0.4128987491130829
0.5629435181617737
0.6896315217018127
0.8148719668388367
0.9282541871070862
0.4290911853313446
0.574711799621582
0.72781902551651
0.8801068067550659
0.9494874477386475
0.36871615052223206
0.489957332611084
0.6202342510223389
0.7833290696144104
0.9133268594741821
0.45459502935409546
0.5987768769264221
0.771643877029419
0.9061825275421143
0.9486273527145386
0.30531078577041626
0.36039111018180847
0.4684046804904938
0.5571814179420471
0.6973697543144226
0.3255414664745331
0.4045296013355255
0.542924165725708
0.695991039276123
0.8575089573860168
0.47540900111198425
0.6274753212928772
0.7581268548965454
0.8888610601425171
0.947308361530304
0.4924822449684143
0.6828166246414185
0.8351340293884277
0.9121787548065186
0.9309684038162231
0.4922378659248352
0.5799989104270935
0.7335946559906006
0.871735692024231
0.958644449710846
0.3331686854362488
0.4369499385356903
0.5974195003509521
0.738576352596283
0.8890501856803894
0.4057905972003937
0.5337148904800415
0.6869238615036011
0.7924752235412598
0.8971035480499268
0.46057364344596863
0.5724165439605713
0.6863541603088379
0.835490345954895
0.9210877418518066
0.34373873472213745
0.44404593110084534
0.5759619474411011
0.7392216324806213
0.909451425075531
0.38469886779785156
0.5002730488777161
0.6542726159095764
0.8147462010383606
0.9504777193069458
0.5379243493080139
0.6347739100456238
0.7422268390655518
0.8588657379150391
0.9296338558197021
0.37391242384910583
0.5055519938468933
0.6262475848197937
0.7997714877128601
0.9522803425788879
0.3566560745239258
0.42049795389175415
0.5074849724769592
0.623971700668335
0.7601191997528076
