0.19937776029109955
0.24857795238494873
0.2916834056377411
0.3450123071670532
0.3937901258468628
0.21376392245292664
0.2653609812259674
0.3211745023727417
0.3771130442619324
0.445260614156723
0.3018530011177063
0.35676655173301697
0.39759254455566406
0.432613343000412
0.46508949995040894
0.2491442710161209
0.30124616622924805
0.35888588428497314
0.4065907299518585
0.4620628356933594
0.16462115943431854
0.20808495581150055
0.25811147689819336
0.31343814730644226
0.359822541475296
0.20354026556015015
0.24557410180568695
0.29353851079940796
0.3462199866771698
0.40288883447647095
0.22688975930213928
0.27509528398513794
0.33662551641464233
0.3864234983921051
0.42923882603645325
0.173204243183136
0.21882948279380798
0.26287567615509033
0.31753242015838623
0.36622095108032227
0.25900915265083313
0.3075397312641144
0.35301080346107483
0.38197967410087585
0.42747944593429565
0.24668332934379578
0.2903616726398468
0.34670594334602356
0.392910897731781
0.43583256006240845
0.21691171824932098
0.2535172402858734
0.3036802411079407
0.3710958659648895
0.4081820547580719
0.22404487431049347
0.2684808075428009
0.3340557813644409
0.37957894802093506
0.4251580834388733
0.1620936095714569
0.19230417907238007
0.23622290790081024
0.27836254239082336
0.3255235254764557
0.18093879520893097
0.22528739273548126
0.2842465043067932
0.3511183559894562
0.41010215878486633
0.2309475839138031
0.2877790331840515
0.3336397111415863
0.3837565779685974
0.43078503012657166
0.24558612704277039
0.30620065331459045
0.35820603370666504
0.40707090497016907
0.44333961606025696
0.2554939091205597
0.31279778480529785
0.3647077679634094
0.4086780548095703
0.45998334884643555
0.2033105492591858
0.25462469458580017
0.3018530011177063
0.3610173463821411
0.4203191101551056
0.2065594494342804
0.26097404956817627
0.3164626955986023
0.36522212624549866
0.42337337136268616
0.27533695101737976
0.3242869973182678
0.36493995785713196
0.40104302763938904
0.43147340416908264
0.22573064267635345
0.26496171951293945
0.31572088599205017
0.3621249198913574
0.40570852160453796
0.2080155909061432
0.25299832224845886
0.2981492280960083
0.35431477427482605
0.4100256860256195
0.25135287642478943
0.3044213652610779
0.35329991579055786
0.40231895446777344
0.45040762424468994
0.20139305293560028
0.25572311878204346
0.30949485301971436
0.36520230770111084
0.41003283858299255
0.292383074760437
0.32672902941703796
0.36860811710357666
0.4105386734008789
0.44883963465690613
0.1478094607591629
0.1754135936498642
0.2234397530555725
0.2657947540283203
0.3094051480293274
0.15443456172943115
0.184991717338562
0.23515178263187408
0.28557273745536804
0.3469952642917633
0.2030729353427887
0.2529451549053192
0.3134899139404297
0.35277241468429565
0.39481836557388306
0.16972552239894867
0.2084241807460785
0.2622579038143158
0.3148159086704254
0.3735748529434204
0.13300998508930206
0.15480521321296692
0.1933296173810959
0.23388250172138214
0.2842761278152466
0.1591988205909729
0.19985659420490265
0.2311692237854004
0.28209608793258667
0.32902076840400696
0.15273268520832062
0.19216173887252808
0.23848234117031097
0.2835516035556793
0.3408234119415283
0.13057640194892883
0.16505998373031616
0.20880426466464996
0.24358294904232025
0.28764602541923523
0.17702409625053406
0.22166509926319122
0.2680261731147766
0.31719744205474854
0.35431939363479614
0.16833199560642242
0.21097241342067719
0.2623532712459564
0.3011552691459656
0.3503372073173523
0.15260711312294006
0.19182531535625458
0.22886396944522858
0.2824265956878662
0.32304033637046814
0.160062775015831
0.19576260447502136
0.25049614906311035
0.2914888858795166
0.3495967984199524
0.13248781859874725
0.1545395702123642
0.18973802030086517
0.22891353070735931
0.2759241759777069
0.1347237527370453
0.16354255378246307
0.20384301245212555
0.25155267119407654
0.30507901310920715
0.16396303474903107
0.20884671807289124
0.24305520951747894
0.2957105040550232
0.34665095806121826
0.18156374990940094
0.2146444469690323
0.26133212447166443
0.3115088939666748
0.36947768926620483
0.19231675565242767
0.22962133586406708
0.2725227177143097
0.32821977138519287
0.3713839054107666
0.14677473902702332
0.1755678653717041
0.21726341545581818
0.26574262976646423
0.3202178478240967
0.14507801830768585
0.17528106272220612
0.22441665828227997
0.27867376804351807
0.3272380530834198
0.20085546374320984
0.25136598944664
0.30274203419685364
0.345007985830307
0.3743967115879059
0.15411005914211273
0.18998591601848602
0.23102957010269165
0.28463247418403625
0.33673039078712463
0.14938898384571075
0.17605000734329224
0.22393642365932465
0.27600592374801636
0.32138165831565857
0.17167705297470093
0.21851667761802673
0.26853594183921814
0.31150010228157043
0.36646801233291626
0.15090256929397583
0.18569767475128174
0.23652659356594086
0.2778032422065735
0.322855681180954
0.21632954478263855
0.2586687207221985
0.2994205951690674
0.32878977060317993
0.370558500289917
0.3075346350669861
0.3486965000629425
0.40391671657562256
0.4422282874584198
0.4815792739391327
0.3329966366291046
0.39492088556289673
0.4530283510684967
0.5002657175064087
0.5320023894309998
0.4004690647125244
0.43747082352638245
0.47766703367233276
0.5104866027832031
0.5372389554977417
0.3781898021697998
0.42546361684799194
0.465889036655426
0.5099787712097168
0.5412842631340027
0.25326550006866455
0.30747470259666443
0.36745649576187134
0.4279615581035614
0.4778076410293579
0.29473114013671875
0.35331588983535767
0.4143494963645935
0.46318334341049194
0.5106098055839539
0.3333841860294342
0.38819143176078796
0.4345785975456238
0.4803268611431122
0.5198343992233276
0.27100467681884766
0.32588431239128113
0.37508854269981384
0.42350488901138306
0.4716339111328125
0.35896071791648865
0.39579859375953674
0.43690070509910583
0.4718279242515564
0.5115088820457458
0.35744839906692505
0.4015803933143616
0.4542218744754791
0.4919843077659607
0.5312986373901367
0.31346309185028076
0.3653854727745056
0.41511642932891846
0.46922069787979126
0.5071101784706116
0.32915300130844116
0.3863138258457184
0.43668651580810547
0.48760342597961426
0.5211663246154785
0.2348564714193344
0.279371976852417
0.32974526286125183
0.3807111382484436
0.4353560507297516
0.29021045565605164
0.3607405126094818
0.4126884341239929
0.46476519107818604
0.5057359933853149
0.3407900333404541
0.40114879608154297
0.4485500454902649
0.48668256402015686
0.5197955369949341
0.3614809811115265
0.40101781487464905
0.44523885846138
0.48061779141426086
0.5212022662162781
0.36344078183174133
0.40528127551078796
0.44683128595352173
0.4817756116390228
0.5311108231544495
0.32021334767341614
0.3673998713493347
0.43584540486335754
0.4718397557735443
0.5169146060943604
0.3212581276893616
0.37114450335502625
0.43367868661880493
0.4753662943840027
0.5248970985412598
0.36745649576187134
0.41071149706840515
0.4477042555809021
0.4841899871826172
0.5127502083778381
0.31858038902282715
0.3666153848171234
0.41333436965942383
0.4478847086429596
0.502821683883667
0.3061409592628479
0.3694637715816498
0.41655808687210083
0.4629499912261963
0.5128780603408813
0.3599470257759094
0.4135420322418213
0.4629247188568115
0.507300615310669
0.5387248396873474
0.32285916805267334
0.37820976972579956
0.4269959628582001
0.4769251048564911
0.5273022055625916
0.36854034662246704
0.40429529547691345
0.4447126090526581
0.48027002811431885
0.513559877872467
0.1027757003903389
0.1242883950471878
0.15283291041851044
0.18449129164218903
0.22685156762599945
0.12235023081302643
0.14994871616363525
0.18305723369121552
0.22535236179828644
0.28663331270217896
0.13287049531936646
0.16783031821250916
0.20836502313613892
0.2648628056049347
0.33510953187942505
0.13461396098136902
0.16128338873386383
0.19369922578334808
0.2431544065475464
0.31224754452705383
0.09658362716436386
0.11483701318502426
0.13978032767772675
0.16982896625995636
0.2099931836128235
0.1131678968667984
0.13396191596984863
0.1618272364139557
0.1988878846168518
0.23932112753391266
0.11993715167045593
0.14826852083206177
0.18184657394886017
0.22471065819263458
0.2738701105117798
0.10026999562978745
0.11799053102731705
0.14309640228748322
0.1753086894750595
0.21517474949359894
0.12289963662624359
0.15242241322994232
0.18878088891506195
0.2348862886428833
0.2880406975746155
0.11577001959085464
0.13590218126773834
0.16707561910152435
0.21023046970367432
0.2666074335575104
0.11267120391130447
0.13177751004695892
0.1609058380126953
0.1986643671989441
0.24935901165008545
0.1286611407995224
0.15493351221084595
0.19047018885612488
0.234493225812912
0.2910842001438141
0.10202641040086746
0.11753440648317337
0.14023621380329132
0.1677420437335968
0.20506827533245087
0.10503338277339935
0.12278713285923004
0.1487143337726593
0.18207883834838867
0.22481012344360352
0.1261250376701355
0.14983373880386353
0.1814940869808197
0.22609929740428925
0.28155362606048584
0.12896780669689178
0.15360303223133087
0.1866891235113144
0.2272300124168396
0.2753099501132965
0.12141222506761551
0.1427699476480484
0.17611001431941986
0.22122704982757568
0.27618473768234253
0.10559463500976562
0.12723882496356964
0.1555069386959076
0.1904744803905487
0.23824985325336456
0.11789972335100174
0.15445072948932648
0.19222880899906158
0.2262842208147049
0.28506797552108765
0.11931052058935165
0.1460821032524109
0.1826775223016739
0.2324526607990265
0.29265496134757996
0.10310351103544235
0.12329895794391632
0.14838719367980957
0.18296010792255402
0.2270321547985077
0.1254211813211441
0.1506679654121399
0.18703582882881165
0.22568410634994507
0.27134063839912415
0.1162850633263588
0.14909325540065765
0.18905459344387054
0.2402111291885376
0.30173471570014954
0.11668097227811813
0.13800133764743805
0.1658293753862381
0.20349790155887604
0.25048670172691345
0.13256461918354034
0.16760306060314178
0.20877811312675476
0.257893830537796
0.3115167021751404
0.1360088586807251
0.16871774196624756
0.24380867183208466
0.3369074761867523
0.4101550579071045
0.15458796918392181
0.18901494145393372
0.26860174536705017
0.37250328063964844
0.4715479016304016
0.2197374701499939
0.27288952469825745
0.35685691237449646
0.4205091893672943
0.4803363084793091
0.17385950684547424
0.21555285155773163
0.30604618787765503
0.40268489718437195
0.487284392118454
0.12710843980312347
0.15637095272541046
0.2237853854894638
0.30890339612960815
0.3932955265045166
0.16447411477565765
0.1967194378376007
0.25971147418022156
0.3390069603919983
0.43416836857795715
0.15608976781368256
0.19756995141506195
0.28703969717025757
0.3780234456062317
0.45037758350372314
0.1357833296060562
0.16530448198318481
0.23092587292194366
0.31082093715667725
0.39711156487464905
0.18762896955013275
0.23356832563877106
0.31591758131980896
0.3806883990764618
0.44207563996315
0.17712059617042542
0.21949605643749237
0.3021191656589508
0.38777291774749756
0.4626360833644867
0.16069810092449188
0.1954883337020874
0.26631906628608704
0.35517817735671997
0.44063255190849304
0.1637328416109085
0.20265597105026245
0.2829129993915558
0.37130457162857056
0.4530012607574463
0.12203996628522873
0.14573688805103302
0.19922366738319397
0.2774682343006134
0.3706711232662201
0.13869884610176086
0.1686432808637619
0.23804089426994324
0.34087464213371277
0.43583396077156067
0.1803174465894699
0.21846537292003632
0.2960393726825714
0.38034459948539734
0.459919810295105
0.17343871295452118
0.21724019944667816
0.30698683857917786
0.4025332033634186
0.46634912490844727
0.19200216233730316
0.23614849150180817
0.320966899394989
0.4062062203884125
0.4823213219642639
0.1459002047777176
0.1825210601091385
0.26816466450691223
0.36223772168159485
0.45074090361595154
0.14896726608276367
0.18592040240764618
0.267924427986145
0.3637721836566925
0.45369794964790344
0.23371043801307678
0.28265896439552307
0.3473658859729767
0.39841723442077637
0.46061065793037415
0.16041746735572815
0.20020973682403564
0.2783776521682739
0.36071494221687317
0.4300501048564911
0.15583066642284393
0.18939286470413208
0.26220694184303284
0.3499138057231903
0.4330320954322815
0.18652422726154327
0.23026421666145325
0.3087269365787506
0.38248950242996216
0.4669993221759796
0.14826852083206177
0.18365605175495148
0.2645958662033081
0.35547107458114624
0.44460341334342957
0.2373751699924469
0.27808472514152527
0.3452931344509125
0.41373586654663086
0.4691050052642822
0.19581018388271332
0.26263368129730225
0.30189597606658936
0.35898351669311523
0.39882874488830566
0.22445084154605865
0.2877529263496399
0.35718873143196106
0.41696831583976746
0.4651183485984802
0.287142276763916
0.3489559292793274
0.3995080590248108
0.43392708897590637
0.47170987725257874
0.2360130250453949
0.30164647102355957
0.36182907223701477
0.41615498065948486
0.46577543020248413
0.17850802838802338
0.23656027019023895
0.2842322885990143
0.33451828360557556
0.3906591832637787
0.22858330607414246
0.2905319631099701
0.3431663513183594
0.3784954845905304
0.4362185001373291
0.21813665330410004
0.2654339373111725
0.332940012216568
0.3831653594970703
0.42479240894317627
0.18822990357875824
0.25863614678382874
0.3057458698749542
0.36831042170524597
0.4054798483848572
0.24752557277679443
0.30863457918167114
0.34545931220054626
0.3948717713356018
0.43444114923477173
0.22241197526454926
0.2976447641849518
0.35534563660621643
0.4037545621395111
0.45171380043029785
0.22310321033000946
0.2698806822299957
0.3163621425628662
0.3649110198020935
0.42879733443260193
0.22765187919139862
0.29825064539909363
0.35798320174217224
0.4038105309009552
0.4582809805870056
0.1771741658449173
0.21236178278923035
0.2549530565738678
0.3073618710041046
0.3558107912540436
0.1956871896982193
0.25064709782600403
0.3106881380081177
0.37950634956359863
0.43390172719955444
0.26161256432533264
0.3207857012748718
0.3820074200630188
0.42413637042045593
0.4689321517944336
0.2278280407190323
0.2846863865852356
0.3463522791862488
0.40966835618019104
0.45201924443244934
0.273929238319397
0.3337395191192627
0.38511043787002563
0.42559313774108887
0.46847376227378845
0.21135778725147247
0.29480504989624023
0.36332967877388
0.4040782153606415
0.4620922803878784
0.2068222165107727
0.2577241063117981
0.3168010115623474
0.3589327931404114
0.4251333177089691
0.3394356667995453
0.3932921886444092
0.42683032155036926
0.4604525864124298
0.4917781352996826
0.20098017156124115
0.26046857237815857
0.3088032007217407
0.36662134528160095
0.41112056374549866
0.21067720651626587
0.2677099108695984
0.3237558603286743
0.3722377419471741
0.42586448788642883
0.24218177795410156
0.301464319229126
0.3537130355834961
0.4038735628128052
0.45282721519470215
0.19212399423122406
0.2576669156551361
0.319156289100647
0.36947542428970337
0.4244570732116699
0.2928047478199005
0.34601593017578125
0.393513947725296
0.4314870238304138
0.47257959842681885
0.2162942886352539
0.2730177938938141
0.3077831566333771
0.3636108636856079
0.42675691843032837
0.2482060045003891
0.2953748106956482
0.3733481168746948
0.3944644033908844
0.47017815709114075
0.2944650650024414
0.36237633228302
0.40884995460510254
0.4365394711494446
0.47806593775749207
0.29132863879203796
0.3475339412689209
0.3936542570590973
0.4667068421840668
0.49428924918174744
0.18161346018314362
0.24152043461799622
0.30317142605781555
0.3769424855709076
0.41239193081855774
0.22384370863437653
0.2755992114543915
0.3161737024784088
0.3873780369758606
0.43261900544166565
0.23662084341049194
0.3087138831615448
0.36278682947158813
0.410726934671402
0.4373774230480194
0.1922539621591568
0.24975819885730743
0.3007529675960541
0.3580215573310852
0.4214440882205963
0.26374003291130066
0.3264363408088684
0.38649114966392517
0.4396539330482483
0.48603910207748413
0.27206912636756897
0.33688899874687195
0.3961545526981354
0.46774908900260925
0.5108426213264465
0.24258221685886383
0.30052995681762695
0.33344775438308716
0.3999728560447693
0.447893351316452
0.2640901207923889
0.30933332443237305
0.3757885992527008
0.4097745418548584
0.465808629989624
0.1707036793231964
0.2187073528766632
0.2700900733470917
0.33538368344306946
0.42716431617736816
0.19636669754981995
0.24558813869953156
0.325339674949646
0.39863258600234985
0.44871485233306885
0.2771208584308624
0.34145587682724
0.37884393334388733
0.4333226978778839
0.48145604133605957
0.2780364751815796
0.33912914991378784
0.41552549600601196
0.4775834083557129
0.5426332950592041
0.27855736017227173
0.3686472475528717
0.4355325698852539
0.48513033986091614
0.5780920386314392
0.2308703511953354
0.288354754447937
0.36393389105796814
0.4396117031574249
0.47422704100608826
0.23482894897460938
0.28322502970695496
0.336487352848053
0.41155707836151123
0.4690956473350525
0.2420080602169037
0.30265572667121887
0.3406413197517395
0.40083572268486023
0.41133421659469604
0.23824764788150787
0.2998974025249481
0.3613201975822449
0.4020749032497406
0.478659451007843
0.22790339589118958
0.28859764337539673
0.3503529131412506
0.39539605379104614
0.4640181362628937
0.2915879487991333
0.356067031621933
0.3984319269657135
0.46622321009635925
0.508043646812439
0.23484499752521515
0.3030504286289215
0.3618346154689789
0.41531363129615784
0.49859970808029175
0.330427348613739
0.3713753819465637
0.38715678453445435
0.4126340448856354
0.4424937069416046
0.1755458414554596
0.24408483505249023
0.343384325504303
0.4269474446773529
0.5023075342178345
0.17255306243896484
0.23410281538963318
0.30954664945602417
0.4017045199871063
0.4956623315811157
0.1832413673400879
0.24378818273544312
0.322478324174881
0.4031079113483429
0.47529590129852295
0.17362673580646515
0.22884909808635712
0.29598119854927063
0.38812917470932007
0.4835848808288574
0.18487878143787384
0.24907897412776947
0.32657772302627563
0.41931915283203125
0.49991339445114136
0.186730295419693
0.24957506358623505
0.33798161149024963
0.4239971339702606
0.5104420185089111
0.18250145018100739
0.25218984484672546
0.32641851902008057
0.4086194932460785
0.503113865852356
0.19589336216449738
0.2677284777164459
0.35236936807632446
0.43790698051452637
0.5085963010787964
0.16868053376674652
0.23286791145801544
0.3158305287361145
0.3907768130302429
0.48456472158432007
0.16669759154319763
0.2256375402212143
0.3098011612892151
0.40432649850845337
0.5044801235198975
0.18958532810211182
0.2586704194545746
0.3363915681838989
0.42758896946907043
0.5128405094146729
0.18580448627471924
0.2550317943096161
0.34120672941207886
0.42586222290992737
0.5159099102020264
0.18498702347278595
0.2509443759918213
0.34132954478263855
0.41917210817337036
0.49172401428222656
0.1798279881477356
0.24940109252929688
0.3387507498264313
0.4193630516529083
0.5178192853927612
0.18754778802394867
0.24905206263065338
0.31887373328208923
0.3980453908443451
0.4685375392436981
0.1857580691576004
0.2535153925418854
0.33615559339523315
0.4330303370952606
0.5103519558906555
0.1798689365386963
0.24052980542182922
0.3168705999851227
0.40753817558288574
0.5033393502235413
0.19162261486053467
0.25956907868385315
0.3394153416156769
0.4189671277999878
0.510065495967865
0.19322657585144043
0.2677948772907257
0.37306922674179077
0.47178980708122253
0.5470190048217773
0.17491501569747925
0.23547786474227905
0.32411402463912964
0.40010127425193787
0.4821634888648987
0.17981261014938354
0.2381509393453598
0.31416597962379456
0.41205301880836487
0.5014088749885559
0.18082812428474426
0.24524259567260742
0.33129000663757324
0.4183361530303955
0.5067885518074036
0.16614843904972076
0.2220924347639084
0.30881422758102417
0.41233953833580017
0.4981086552143097
0.18855929374694824
0.25880229473114014
0.3482148051261902
0.4458669424057007
0.5169647932052612
0.2248232066631317
0.2983342111110687
0.3797149658203125
0.4645814597606659
0.522205650806427
0.2488962709903717
0.29897573590278625
0.3743220865726471
0.44329679012298584
0.5153719186782837
0.3013671636581421
0.33923768997192383
0.4008839726448059
0.45977357029914856
0.5170310735702515
0.2337825745344162
0.28299927711486816
0.35009798407554626
0.41405051946640015
0.508405327796936
0.28272974491119385
0.32447612285614014
0.3882865309715271
0.45303109288215637
0.530227780342102
0.20671115815639496
0.25357916951179504
0.32584938406944275
0.41616544127464294
0.5210369825363159
0.23982658982276917
0.2918204367160797
0.37059473991394043
0.46446993947029114
0.5444663166999817
0.20667409896850586
0.24938388168811798
0.3198849856853485
0.39040201902389526
0.48745590448379517
0.24790839850902557
0.2885865569114685
0.35641539096832275
0.4293844401836395
0.5035465359687805
0.2717861235141754
0.306551992893219
0.3489739000797272
0.41621437668800354
0.4905141294002533
0.2535281479358673
0.29275405406951904
0.35832908749580383
0.44546401500701904
0.5334757566452026
0.26840725541114807
0.31855759024620056
0.3851083815097809
0.46729031205177307
0.5381659865379333
0.2824581265449524
0.31613168120384216
0.37415871024131775
0.45191335678100586
0.5354804992675781
0.23043197393417358
0.29134419560432434
0.3759646415710449
0.4658564031124115
0.5252988934516907
0.24917113780975342
0.29913604259490967
0.36620423197746277
0.451591819524765
0.5237769484519958
0.2572321593761444
0.3015235960483551
0.3616507947444916
0.43524274230003357
0.5081771016120911
0.2692996859550476
0.31325972080230713
0.36565643548965454
0.45414048433303833
0.5365779995918274
0.2747587561607361
0.3132818043231964
0.37464702129364014
0.4332951307296753
0.5187735557556152
0.24548983573913574
0.29593896865844727
0.3704734146595001
0.47887560725212097
0.5429798364639282
0.26744216680526733
0.3171132504940033
0.3809758126735687
0.4620501399040222
0.5449641942977905
0.2371683269739151
0.2849593162536621
0.3506317436695099
0.4181777536869049
0.502494752407074
0.23153162002563477
0.28053832054138184
0.3465670049190521
0.4345203936100006
0.5276162624359131
0.2708764970302582
0.3283771276473999
0.39322856068611145
0.46217969059944153
0.5230647325515747
0.2584524154663086
0.3012169301509857
0.3610360324382782
0.43021297454833984
0.4900054335594177
0.22381985187530518
0.27902352809906006
0.35837048292160034
0.4518629014492035
0.5457971692085266
0.1639765501022339
0.21098823845386505
0.27821820974349976
0.3641742467880249
0.4884996712207794
0.14288242161273956
0.18284334242343903
0.26641789078712463
0.38783684372901917
0.516505777835846
0.16363099217414856
0.20698343217372894
0.3192850351333618
0.5043856501579285
0.5579000115394592
0.16028021275997162
0.19704309105873108
0.2991371154785156
0.43588948249816895
0.5276544094085693
0.1609058380126953
0.20756468176841736
0.31556323170661926
0.4799155592918396
0.5738644003868103
0.1455150544643402
0.1816929280757904
0.26945436000823975
0.39467179775238037
0.49937704205513
0.1509285569190979
0.19277535378932953
0.2735101282596588
0.4310995042324066
0.5424039363861084
0.14833247661590576
0.1832268387079239
0.2695785462856293
0.3976198136806488
0.5041494965553284
0.14804869890213013
0.18920856714248657
0.2779275178909302
0.39864400029182434
0.5072574615478516
0.14870527386665344
0.20572060346603394
0.2959640920162201
0.4213610887527466
0.5164939165115356
0.15457990765571594
0.1975969821214676
0.28833380341529846
0.4400920867919922
0.5428187847137451
0.15813258290290833
0.2011266052722931
0.2776663303375244
0.440426766872406
0.5597332715988159
0.15675126016139984
0.1937524527311325
0.2925144135951996
0.47199979424476624
0.5511029362678528
0.1523382067680359
0.19149981439113617
0.26945436000823975
0.40844815969467163
0.5210336446762085
0.15182164311408997
0.19974468648433685
0.27576887607574463
0.414383202791214
0.5362394452095032
0.15802700817584991
0.1969301998615265
0.3031279146671295
0.4610714614391327
0.565570592880249
0.1600555181503296
0.19743862748146057
0.31559985876083374
0.4795173704624176
0.5639656782150269
0.16840685904026031
0.20440270006656647
0.29489850997924805
0.4600331485271454
0.5657819509506226
0.16165126860141754
0.20468081533908844
0.286577969789505
0.44722655415534973
0.5741297602653503
0.1516425907611847
0.19874022901058197
0.2925652265548706
0.4477192759513855
0.5512543320655823
0.1530992090702057
0.1918211132287979
0.2653276324272156
0.3990786075592041
0.4905436635017395
0.15147146582603455
0.2068759799003601
0.2899631857872009
0.4237038195133209
0.5139567255973816
0.17203491926193237
0.20881730318069458
0.29056334495544434
0.44918128848075867
0.5559216141700745
0.1445285975933075
0.18907222151756287
0.2778128981590271
0.4640585482120514
0.53813236951828
0.16003374755382538
0.20502686500549316
0.2888767123222351
0.4544186294078827
0.572384238243103
0.1816233992576599
0.19671164453029633
0.3221357762813568
0.4003658890724182
0.47687655687332153
0.1622193306684494
0.20327512919902802
0.2500074505805969
0.3877679109573364
0.5407025218009949
0.24128185212612152
0.38794568181037903
0.4963570237159729
0.5665426850318909
0.6013199090957642
0.26629552245140076
0.3804458677768707
0.4766840934753418
0.5610693693161011
0.5973337292671204
0.33384793996810913
0.44219911098480225
0.5116005539894104
0.5819763541221619
0.6108846068382263
0.1439528465270996
0.19809646904468536
0.24718616902828217
0.3405214846134186
0.4486733376979828
0.17194126546382904
0.21883514523506165
0.27728912234306335
0.4307447075843811
0.5707032084465027
0.2151239961385727
0.30041012167930603
0.4097997844219208
0.4900372326374054
0.5685007572174072
0.16281601786613464
0.21756722033023834
0.27426451444625854
0.3299110531806946
0.4816715121269226
0.268402636051178
0.29671862721443176
0.3929295837879181
0.49160054326057434
0.5781553387641907
0.22754600644111633
0.33397364616394043
0.4456670582294464
0.5322032570838928
0.5986343622207642
0.18771451711654663
0.24450036883354187
0.3119805157184601
0.4714697301387787
0.5925520658493042
0.23815974593162537
0.3482697606086731
0.4895283579826355
0.5569307208061218
0.6026345491409302
0.13425835967063904
0.17214591801166534
0.22248218953609467
0.29545971751213074
0.48021721839904785
0.16096296906471252
0.21505525708198547
0.3025811016559601
0.4181366562843323
0.5302544236183167
0.23527051508426666
0.37556928396224976
0.4691358208656311
0.540615439414978
0.5862002372741699
0.23473480343818665
0.35151225328445435
0.5022949576377869
0.5673018097877502
0.5919314622879028
0.24225284159183502
0.312313437461853
0.42875051498413086
0.5247954726219177
0.6115710735321045
0.17057181894779205
0.22345572710037231
0.31655579805374146
0.4469035267829895
0.5743464827537537
0.21587873995304108
0.27332746982574463
0.35610729455947876
0.4745730459690094
0.5688928961753845
0.22539131343364716
0.29381412267684937
0.39764201641082764
0.4795394539833069
0.5656605362892151
0.20471203327178955
0.2440255880355835
0.30687958002090454
0.4382380247116089
0.5601088404655457
0.19839820265769958
0.25342610478401184
0.37407222390174866
0.5265270471572876
0.5960948467254639
0.25319787859916687
0.368833988904953
0.46351945400238037
0.5074044466018677
0.5712790489196777
0.20113757252693176
0.25654253363609314
0.3421148657798767
0.5184627175331116
0.6065501570701599
0.15522898733615875
0.1884259581565857
0.22953781485557556
0.2612922489643097
0.33349695801734924
0.18240834772586823
0.1767173558473587
0.30651503801345825
0.28258946537971497
0.3628573715686798
0.3005768060684204
0.27836254239082336
0.4514573812484741
0.5112758278846741
0.5502657294273376
0.23355433344841003
0.3229493498802185
0.4878561198711395
0.4281632900238037
0.5046590566635132
0.26932090520858765
0.33335795998573303
0.3813725411891937
0.48156383633613586
0.5227535367012024
0.18956349790096283
0.20557010173797607
0.2418360412120819
0.38730329275131226
0.3645966649055481
0.1693098396062851
0.21543991565704346
0.269569456577301
0.3042714297771454
0.3708971440792084
0.23350533843040466
0.2535591125488281
0.31703275442123413
0.3914303481578827
0.4773525893688202
0.147726371884346
0.19297859072685242
0.23284438252449036
0.3200308680534363
0.39402860403060913
0.15962523221969604
0.18918660283088684
0.2950897514820099
0.41811689734458923
0.4421652555465698
0.28078213334083557
0.24342870712280273
0.3171807825565338
0.38300660252571106
0.47826799750328064
0.17607729136943817
0.17335303127765656
0.26736927032470703
0.37411853671073914
0.5005258917808533
0.2353070080280304
0.29126399755477905
0.32979121804237366
0.4552267789840698
0.4073851704597473
0.12375736236572266
0.1685563027858734
0.26595884561538696
0.20092886686325073
0.25118640065193176
0.1468312293291092
0.23982228338718414
0.31484711170196533
0.290688693523407
0.37851110100746155
0.22672417759895325
0.2557586133480072
0.3757522404193878
0.4515998959541321
0.4947655498981476
0.20935750007629395
0.22166238725185394
0.2550550401210785
0.4534376859664917
0.5224577784538269
0.2060036063194275
0.25454017519950867
0.2847953736782074
0.418720543384552
0.5130132436752319
0.21372433006763458
0.31395256519317627
0.28950080275535583
0.31503698229789734
0.48466262221336365
0.15653426945209503
0.19323068857192993
0.2720632553100586
0.3515109419822693
0.34001097083091736
0.2311331331729889
0.2931540906429291
0.2931024134159088
0.3871397078037262
0.46330443024635315
0.22284574806690216
0.2659462094306946
0.1897946447134018
0.24227581918239594
0.49133220314979553
0.2515881061553955
0.2354573905467987
0.24874015152454376
0.32078126072883606
0.4511895775794983
0.24184444546699524
0.27127087116241455
0.334361732006073
0.4319784939289093
0.5123322606086731
0.25590747594833374
0.1944200098514557
0.22873246669769287
0.32854339480400085
0.4718579053878784
0.19369922578334808
0.21008946001529694
0.2934916913509369
0.2868204116821289
0.3294161558151245
0.17317558825016022
0.3104526102542877
0.42009368538856506
0.4237413704395294
0.3966544568538666
0.3339839279651642
0.40131646394729614
0.4999054968357086
0.5089432001113892
0.502918004989624
0.30505821108818054
0.4973393678665161
0.43643543124198914
0.5519623756408691
0.5911087393760681
0.4033235013484955
0.4780532717704773
0.5202249884605408
0.5196210741996765
0.5942903757095337
0.22446398437023163
0.2091139554977417
0.31780022382736206
0.4294193387031555
0.4828166961669922
0.3103538453578949
0.21601751446723938
0.32053083181381226
0.4500654339790344
0.4748944640159607
0.295048326253891
0.40105292201042175
0.48367494344711304
0.5334871411323547
0.5495385527610779
0.21823400259017944
0.3156796097755432
0.2703934609889984
0.3894801735877991
0.497979998588562
0.38330891728401184
0.47404736280441284
0.4447037875652313
0.5167145729064941
0.525795578956604
0.28871700167655945
0.4574057459831238
0.4520740509033203
0.5467365980148315
0.5405274629592896
0.3973703384399414
0.3110615611076355
0.48417630791664124
0.5000292062759399
0.5401784777641296
0.2456662803888321
0.3326236605644226
0.43918460607528687
0.5157067775726318
0.39716821908950806
0.15485335886478424
0.16663971543312073
0.29961642622947693
0.3098409175872803
0.45116686820983887
0.33937397599220276
0.29339805245399475
0.41708314418792725
0.4590619206428528
0.5074731707572937
0.2898222506046295
0.39441415667533875
0.46847182512283325
0.5398977398872375
0.5821433663368225
0.34064874053001404
0.4520186483860016
0.42179426550865173
0.5349752306938171
0.510686993598938
0.3551650941371918
0.35606834292411804
0.49784404039382935
0.5571843981742859
0.5462948679924011
0.39030754566192627
0.3313151001930237
0.3850660026073456
0.44240760803222656
0.522688627243042
0.251530259847641
0.32883039116859436
0.38090717792510986
0.4527416527271271
0.5734732151031494
0.3250912129878998
0.45109987258911133
0.3492940366268158
0.5006502270698547
0.5826888680458069
0.24149934947490692
0.35721638798713684
0.4272630512714386
0.5139262080192566
0.4749957323074341
0.24119512736797333
0.35816264152526855
0.4093996286392212
0.4851100742816925
0.5259455442428589
0.30167335271835327
0.38088923692703247
0.4799344539642334
0.5434118509292603
0.5272237658500671
0.3229292333126068
0.4729039967060089
0.4879596531391144
0.5198128819465637
0.4967533051967621
0.3269028961658478
0.22171969711780548
0.3932611048221588
0.32073748111724854
0.4244038760662079
0.19358447194099426
0.20473630726337433
0.2847171723842621
0.3082057237625122
0.3621940016746521
0.24698936939239502
0.1972295343875885
0.26877138018608093
0.3041665256023407
0.3602915108203888
0.25982317328453064
0.21345877647399902
0.2603206932544708
0.2955949306488037
0.3579224944114685
0.27187761664390564
0.18781344592571259
0.24866101145744324
0.2691218852996826
0.34265974164009094
0.17789778113365173
0.22046245634555817
0.27333909273147583
0.3278968334197998
0.36986392736434937
0.19673509895801544
0.20534026622772217
0.28584566712379456
0.3292916715145111
0.35455721616744995
0.2209271341562271
0.1996961236000061
0.27250662446022034
0.31648316979408264
0.3650892376899719
0.17818264663219452
0.2163648009300232
0.2865980863571167
0.34239935874938965
0.3875983655452728
0.21768838167190552
0.20081505179405212
0.27083620429039
0.3214544951915741
0.37903064489364624
0.2423822581768036
0.21877269446849823
0.2839469015598297
0.3303767144680023
0.3711107671260834
0.20975184440612793
0.24892129004001617
0.2950437068939209
0.3590405285358429
0.3856061100959778
0.24103832244873047
0.21572189033031464
0.2803032696247101
0.30268341302871704
0.35922592878341675
0.15888045728206635
0.20987744629383087
0.2784833312034607
0.31148937344551086
0.3703128397464752
0.18760642409324646
0.2171676754951477
0.2856908440589905
0.3379526734352112
0.3893020749092102
0.24190740287303925
0.20657631754875183
0.2572652995586395
0.2948765754699707
0.36892199516296387
0.23678436875343323
0.19855423271656036
0.2557142376899719
0.31378838419914246
0.34858909249305725
0.2319304198026657
0.22170059382915497
0.29505982995033264
0.3521168828010559
0.36941736936569214
0.19149981439113617
0.2095678746700287
0.27712365984916687
0.325604647397995
0.3703479766845703
0.20053154230117798
0.22105936706066132
0.27834057807922363
0.32471999526023865
0.357633113861084
0.1934283822774887
0.22674712538719177
0.3003391623497009
0.3558505177497864
0.38559696078300476
0.18220199644565582
0.20814765989780426
0.27286040782928467
0.330310583114624
0.39390915632247925
0.21640588343143463
0.2057649940252304
0.27401283383369446
0.349127858877182
0.3909669518470764
0.20566591620445251
0.19347362220287323
0.2528534233570099
0.29609861969947815
0.3522149622440338
0.22219006717205048
0.22070348262786865
0.2904450595378876
0.3320702612400055
0.3809182643890381
0.16048234701156616
0.27382826805114746
0.2970294654369354
0.34869787096977234
0.36162105202674866
0.3935769498348236
0.3730968236923218
0.3592335283756256
0.3397008180618286
0.3212999105453491
0.4052542746067047
0.41758909821510315
0.4252665042877197
0.4175061285495758
0.393985778093338
0.4114789664745331
0.4091777503490448
0.39725029468536377
0.39541155099868774
0.34367433190345764
0.3847741484642029
0.39776167273521423
0.39469119906425476
0.3764348030090332
0.36982402205467224
0.3708604574203491
0.36864611506462097
0.3657713532447815
0.36118096113204956
0.3224378824234009
0.40134480595588684
0.38428744673728943
0.35346081852912903
0.32495561242103577
0.2940109968185425
0.3619026243686676
0.37187328934669495
0.3775864541530609
0.3653116226196289
0.3369174599647522
0.3634791970252991
0.3709143400192261
0.3724749982357025
0.3512863516807556
0.3482815623283386
0.3839448094367981
0.3863365948200226
0.3737160265445709
0.3643396496772766
0.2772015631198883
0.3911086320877075
0.3762654960155487
0.3647204637527466
0.34801432490348816
0.3268412947654724
0.3868686854839325
0.40649619698524475
0.4060746133327484
0.39800071716308594
0.38601014018058777
0.4102897644042969
0.4143608510494232
0.39145854115486145
0.3663918673992157
0.38201212882995605
0.3648169934749603
0.4149351119995117
0.43140530586242676
0.4281522333621979
0.44622713327407837
0.3789287209510803
0.3736056983470917
0.37341272830963135
0.3531927466392517
0.33938226103782654
0.3829037845134735
0.40181779861450195
0.3924056887626648
0.36413848400115967
0.3284777104854584
0.3878263533115387
0.40690702199935913
0.4078846573829651
0.40111100673675537
0.4216672480106354
0.4053858518600464
0.3987971246242523
0.3964306712150574
0.3774849772453308
0.37801480293273926
0.3893677592277527
0.3950025737285614
0.38810575008392334
0.371576726436615
0.32348886132240295
0.39749354124069214
0.40117260813713074
0.3841841518878937
0.35561203956604004
0.35942620038986206
0.4279229938983917
0.41674959659576416
0.3887162506580353
0.37241730093955994
0.36223527789115906
0.3896180987358093
0.3770220875740051
0.3687499761581421
0.3354811370372772
0.36345115303993225
0.435013085603714
0.4243925213813782
0.4142334759235382
0.38621169328689575
0.35207316279411316
0.4055059552192688
0.38203462958335876
0.36682847142219543
0.34831422567367554
0.3390122354030609
0.34265607595443726
0.33000779151916504
0.32144826650619507
0.3181864619255066
0.3510097861289978
0.38217633962631226
0.36470356583595276
0.3562987446784973
0.3396947681903839
0.31070390343666077
0.05149797350168228
0.06003899499773979
0.10561993718147278
0.10199834406375885
0.21004454791545868
0.07022369652986526
0.1009720116853714
0.1453504115343094
0.18989036977291107
0.25326916575431824
0.06843540072441101
0.113126739859581
0.13810324668884277
0.21017281711101532
0.25304779410362244
0.06321976333856583
0.08088142424821854
0.1396273523569107
0.1442713588476181
0.27539512515068054
0.06425554305315018
0.0913042277097702
0.1729227602481842
0.1618131846189499
0.3112321197986603
0.05149797350168228
0.1400088220834732
0.10068129003047943
0.23242899775505066
0.1820492148399353
0.05335858464241028
0.07700715959072113
0.1146397590637207
0.14410240948200226
0.20253074169158936
0.047856442630290985
0.12789899110794067
0.0983848124742508
0.24017256498336792
0.20562827587127686
0.05861188471317291
0.07681062817573547
0.10794464498758316
0.1407625377178192
0.18328972160816193
0.0506020151078701
0.11085709184408188
0.09425138682126999
0.1905304491519928
0.19222043454647064
0.06368635594844818
0.08466307818889618
0.21397368609905243
0.15284956991672516
0.34678345918655396
0.05149797350168228
0.1353408545255661
0.09601637721061707
0.22282695770263672
0.14784634113311768
0.05013559013605118
0.12548156082630157
0.09584760665893555
0.21061673760414124
0.18754328787326813
0.053937602788209915
0.0778418630361557
0.11304433643817902
0.14750412106513977
0.2335589975118637
0.08076854795217514
0.1379786729812622
0.23610790073871613
0.19803519546985626
0.3835738003253937
0.04672962427139282
0.10850878804922104
0.08969619125127792
0.20502686500549316
0.1648809015750885
0.06916742026805878
0.09625115990638733
0.3540652096271515
0.16889727115631104
0.4257034659385681
0.055396683514118195
0.0905911922454834
0.15270759165287018
0.16342668235301971
0.32568061351776123
0.053161319345235825
0.09485071152448654
0.10990436375141144
0.1846049576997757
0.2067919373512268
0.06402968615293503
0.18401063978672028
0.1520085483789444
0.26454782485961914
0.264474093914032
0.04865210875868797
0.12600606679916382
0.09264470636844635
0.2255961298942566
0.1948317438364029
0.05255597084760666
0.11955537647008896
0.09885085374116898
0.2303517758846283
0.1671394258737564
0.07828041166067123
0.1274552047252655
0.1392868459224701
0.22404223680496216
0.19432680308818817
0.04941055178642273
0.09678146988153458
0.09157706052064896
0.16921773552894592
0.13637447357177734
0.10459344834089279
0.11172181367874146
0.18195044994354248
0.19506871700286865
0.2503165304660797
0.14291304349899292
0.18038341403007507
0.23799242079257965
0.24732564389705658
0.35994452238082886
0.14993104338645935
0.22616355121135712
0.24592222273349762
0.3767104744911194
0.3872631788253784
0.15402862429618835
0.22486244142055511
0.24731974303722382
0.3113192319869995
0.3751538395881653
0.15682853758335114
0.20190830528736115
0.2577812969684601
0.2833721935749054
0.39952629804611206
0.14945147931575775
0.21061992645263672
0.24588030576705933
0.2951588034629822
0.38770991563796997
0.14604386687278748
0.21846537292003632
0.24421951174736023
0.2952967584133148
0.37531644105911255
0.15274938941001892
0.19755840301513672
0.24630863964557648
0.27546462416648865
0.37472257018089294
0.14888609945774078
0.2148306518793106
0.24213576316833496
0.3100571036338806
0.37575003504753113
0.1568594127893448
0.19851620495319366
0.25676193833351135
0.27382248640060425
0.38038966059684753
0.15989547967910767
0.2089609056711197
0.260250061750412
0.2908824384212494
0.39559394121170044
0.15212713181972504
0.1997147798538208
0.24980010092258453
0.2980710566043854
0.3807259500026703
0.15629298985004425
0.21075350046157837
0.25998201966285706
0.28809642791748047
0.3980140686035156
0.13737361133098602
0.21323828399181366
0.22022344172000885
0.2828606963157654
0.3351353406906128
0.14440013468265533
0.19376063346862793
0.23478764295578003
0.27293476462364197
0.3584284484386444
0.16088436543941498
0.2408982217311859
0.2636914849281311
0.3245304524898529
0.39793384075164795
0.1463964283466339
0.20615996420383453
0.2410743683576584
0.29183945059776306
0.37131598591804504
0.15944185853004456
0.2171763777732849
0.2626500427722931
0.39299580454826355
0.3957531154155731
0.15651099383831024
0.21103255450725555
0.2545599341392517
0.2917906641960144
0.39809563755989075
0.15304937958717346
0.20024311542510986
0.2546283006668091
0.28583043813705444
0.39646610617637634
0.1624837964773178
0.23638728260993958
0.2607283592224121
0.33222535252571106
0.3851364552974701
0.14562126994132996
0.21691171824932098
0.2490847408771515
0.3027036786079407
0.3880040645599365
0.14949607849121094
0.2158077508211136
0.24613957107067108
0.3033600151538849
0.3810723125934601
0.14349126815795898
0.22134777903556824
0.2399127036333084
0.3043312132358551
0.38317006826400757
0.1687239408493042
0.2116061896085739
0.2729216516017914
0.2826327383518219
0.4097597897052765
0.15689027309417725
0.2219049334526062
0.2520546615123749
0.2967412769794464
0.3818534314632416
0.21163757145404816
0.2656398415565491
0.3278575539588928
0.3690035343170166
0.37082263827323914
0.13909906148910522
0.15688256919384003
0.18272633850574493
0.21539531648159027
0.2538861930370331
0.152615487575531
0.1817127764225006
0.2168883979320526
0.2631755769252777
0.3175886273384094
0.18330422043800354
0.2188890427350998
0.26495376229286194
0.3312259912490845
0.4069698452949524
0.23720619082450867
0.2890031039714813
0.3500843346118927
0.4321715533733368
0.4858416020870209
0.20029497146606445
0.25138095021247864
0.31519073247909546
0.3860456049442291
0.4106968343257904
0.19669209420681
0.24250313639640808
0.2993996739387512
0.3712102472782135
0.4416337013244629
0.25332212448120117
0.3156702518463135
0.36480429768562317
0.3860973119735718
0.3974694609642029
0.21867609024047852
0.2667746841907501
0.3337427079677582
0.4111839234828949
0.41691410541534424
0.28330060839653015
0.3608272671699524
0.3950573205947876
0.3843522071838379
0.39499643445014954
0.23192565143108368
0.28041210770606995
0.3620045483112335
0.4245460629463196
0.4233079254627228
0.1888384073972702
0.23072290420532227
0.28538185358047485
0.35481563210487366
0.391541987657547
0.2123710811138153
0.26483407616615295
0.3171077370643616
0.3520859479904175
0.37283653020858765
0.1600191742181778
0.19448477029800415
0.23393820226192474
0.2800810933113098
0.3414691686630249
0.19562362134456635
0.23805630207061768
0.29796719551086426
0.3805423080921173
0.43674999475479126
0.2203763872385025
0.2625681757926941
0.3008756637573242
0.32334423065185547
0.3751394748687744
0.3221772313117981
0.35666900873184204
0.3707388639450073
0.40454623103141785
0.4101978540420532
0.2080618441104889
0.2536919414997101
0.31437134742736816
0.3926318287849426
0.4599769413471222
0.1870676726102829
0.22966550290584564
0.2798556685447693
0.3392678499221802
0.36507898569107056
0.20747147500514984
0.2522120773792267
0.3024914264678955
0.36166566610336304
0.3803711235523224
0.2263098806142807
0.2751123607158661
0.3362174928188324
0.39518600702285767
0.39242300391197205
0.18903255462646484
0.22816157341003418
0.2778598666191101
0.34067031741142273
0.41042810678482056
0.15811751782894135
0.19104473292827606
0.2298664003610611
0.27802959084510803
0.33743399381637573
0.2998458743095398
0.34407615661621094
0.38144826889038086
0.3723708689212799
0.3804951310157776
0.1586124449968338
0.18524980545043945
0.2248755246400833
0.27395373582839966
0.3423532247543335
0.17304931581020355
0.21218141913414001
0.265202134847641
0.31473076343536377
0.35905951261520386
0.2060546576976776
0.25082412362098694
0.30968692898750305
0.367360919713974
0.44941914081573486
0.3185073733329773
0.3625405728816986
0.4054437279701233
0.4491260349750519
0.46928393840789795
0.25874239206314087
0.3259745240211487
0.3722473680973053
0.4239796996116638
0.46430832147598267
0.16471454501152039
0.21616192162036896
0.2514108121395111
0.301472932100296
0.35699233412742615
0.2328231930732727
0.2688995599746704
0.3062613308429718
0.3439584970474243
0.3868812918663025
0.22787326574325562
0.28113070130348206
0.34218093752861023
0.3873925507068634
0.42849990725517273
0.18627142906188965
0.2240845113992691
0.26771456003189087
0.3171197175979614
0.36476871371269226
0.2668761610984802
0.32073211669921875
0.3514311909675598
0.395283043384552
0.42458903789520264
0.25055086612701416
0.3048664927482605
0.35883828997612
0.39966559410095215
0.43880611658096313
0.21197250485420227
0.2570856213569641
0.3312422037124634
0.379238486289978
0.42362335324287415
0.231758713722229
0.2801916003227234
0.32670533657073975
0.38234448432922363
0.4265545904636383
0.17352424561977386
0.21229341626167297
0.24956171214580536
0.2972199618816376
0.33903563022613525
0.21942853927612305
0.2599583864212036
0.3260646462440491
0.37691032886505127
0.4212440848350525
0.23964551091194153
0.2804886996746063
0.32047975063323975
0.3913104236125946
0.4321419596672058
0.2607819139957428
0.32197248935699463
0.3804951310157776
0.42149806022644043
0.45692506432533264
0.22042915225028992
0.2684164345264435
0.3391593396663666
0.39555445313453674
0.43789806962013245
0.1854974627494812
0.23340024054050446
0.2846530079841614
0.3419745862483978
0.40366414189338684
0.20973250269889832
0.26659807562828064
0.32006412744522095
0.37754198908805847
0.4349505603313446
0.31117138266563416
0.34126001596450806
0.3654310703277588
0.3956967890262604
0.43213874101638794
0.2330629825592041
0.28675514459609985
0.33289292454719543
0.37922561168670654
0.4126085042953491
0.2257099598646164
0.2738787829875946
0.32090625166893005
0.3614201843738556
0.4066321551799774
0.26215097308158875
0.3187635838985443
0.3676173985004425
0.4129386246204376
0.45297178626060486
0.21091535687446594
0.2612789273262024
0.30552026629447937
0.36974650621414185
0.4185223877429962
0.27999749779701233
0.31843435764312744
0.35814860463142395
0.40126749873161316
0.4356883764266968
0.13116127252578735
0.15641766786575317
0.19412779808044434
0.2614102065563202
0.33082661032676697
0.17625156044960022
0.2268286794424057
0.3031226396560669
0.3787783980369568
0.4511055052280426
0.20523712038993835
0.26219871640205383
0.33231285214424133
0.41158655285835266
0.4788106679916382
0.1993965357542038
0.27738913893699646
0.36208853125572205
0.4605923295021057
0.5163882970809937
0.12522439658641815
0.16014985740184784
0.2002134472131729
0.2510814070701599
0.3383922874927521
0.14719685912132263
0.17109741270542145
0.21687674522399902
0.26910215616226196
0.3463720679283142
0.16902075707912445
0.21621784567832947
0.28956785798072815
0.3716120421886444
0.44800129532814026
0.12942372262477875
0.1618272364139557
0.2015131562948227
0.25832346081733704
0.32121542096138
0.17354704439640045
0.21827690303325653
0.2796229422092438
0.35623323917388916
0.4295084476470947
0.17972038686275482
0.24020899832248688
0.30388468503952026
0.38062596321105957
0.45154401659965515
0.1517449915409088
0.1893358677625656
0.23541638255119324
0.2953391969203949
0.38297703862190247
0.17518699169158936
0.22924235463142395
0.29271984100341797
0.3710438013076782
0.4171198308467865
0.12220356613397598
0.14208948612213135
0.17660397291183472
0.21095657348632812
0.2748715579509735
0.13860943913459778
0.1788368821144104
0.21358710527420044
0.28165706992149353
0.3632936477661133
0.1784714013338089
0.23170141875743866
0.2967469394207001
0.3958684504032135
0.48726075887680054
0.18087340891361237
0.22711846232414246
0.31326550245285034
0.3804665505886078
0.45650696754455566
0.18841707706451416
0.2394099086523056
0.30351972579956055
0.377029687166214
0.4563935697078705
0.15031839907169342
0.1867348551750183
0.22422440350055695
0.2967367470264435
0.3778952360153198
0.1519576460123062
0.1968873143196106
0.2557710111141205
0.3234662711620331
0.40546900033950806
0.17175938189029694
0.2282366007566452
0.2824581265449524
0.35352060198783875
0.43456563353538513
0.146225243806839
0.17359259724617004
0.21193502843379974
0.2909209132194519
0.3673839271068573
0.15111880004405975
0.19088231027126312
0.24387423694133759
0.3136889934539795
0.40059155225753784
0.19444431364536285
0.2563789188861847
0.3211691379547119
0.3860040605068207
0.45722684264183044
0.15683624148368835
0.20253074169158936
0.24544164538383484
0.3311440944671631
0.40597450733184814
0.13735061883926392
0.16212856769561768
0.18951104581356049
0.22380924224853516
0.27486011385917664
0.2006089836359024
0.23319898545742035
0.29293307662010193
0.3557111322879791
0.414617657661438
0.2481049746274948
0.30446740984916687
0.3757583200931549
0.4504852294921875
0.5355926156044006
0.287975013256073
0.35299012064933777
0.4210078716278076
0.47305914759635925
0.543389081954956
0.28314027190208435
0.35793399810791016
0.4477180242538452
0.5010551810264587
0.5793085694313049
0.18723568320274353
0.24264046549797058
0.2882300019264221
0.35212087631225586
0.42485296726226807
0.21350157260894775
0.24813024699687958
0.31308770179748535
0.37183237075805664
0.44187498092651367
0.24558612704277039
0.29862329363822937
0.37145355343818665
0.42178696393966675
0.4994772970676422
0.194034144282341
0.24158576130867004
0.2886468768119812
0.34767866134643555
0.422934889793396
0.24506725370883942
0.29917800426483154
0.3737490773200989
0.4159996211528778
0.5163676142692566
0.26019954681396484
0.31999754905700684
0.3793518543243408
0.44673722982406616
0.5379257798194885
0.22455067932605743
0.26795220375061035
0.32815390825271606
0.3943207263946533
0.47565075755119324
0.25015735626220703
0.29785311222076416
0.3627610504627228
0.4267658293247223
0.5449984669685364
0.18293091654777527
0.21647627651691437
0.26259273290634155
0.31732675433158875
0.40607720613479614
0.20365659892559052
0.253577321767807
0.30984485149383545
0.376350998878479
0.4568718373775482
0.25380271673202515
0.3188036382198334
0.3985168933868408
0.48511502146720886
0.5176883339881897
0.2650381922721863
0.32651928067207336
0.38160744309425354
0.4514927566051483
0.5738484263420105
0.2526843249797821
0.3125235140323639
0.37746214866638184
0.4371189773082733
0.5050972104072571
0.22148199379444122
0.26541176438331604
0.3340684473514557
0.4162236154079437
0.501166582107544
0.22297726571559906
0.273715615272522
0.34507670998573303
0.40536972880363464
0.4921687841415405
0.24043798446655273
0.3015516698360443
0.34151124954223633
0.39825719594955444
0.455386221408844
0.21033602952957153
0.25548502802848816
0.3162614107131958
0.3785869777202606
0.4664595127105713
0.22336243093013763
0.28031131625175476
0.33972853422164917
0.41279834508895874
0.4970289468765259
0.2665855288505554
0.32061851024627686
0.3858940303325653
0.4491131007671356
0.5157302618026733
0.2270118147134781
0.2818000912666321
0.357050359249115
0.40616685152053833
0.49228420853614807
0.22547952830791473
0.2788952887058258
0.2629784643650055
0.37855955958366394
0.4178536534309387
0.2007599174976349
0.24732954800128937
0.3201315701007843
0.3874211311340332
0.4844856560230255
0.2236446589231491
0.27224114537239075
0.33700358867645264
0.39623913168907166
0.5493446588516235
0.22317545115947723
0.2716161608695984
0.33403924107551575
0.4218400716781616
0.4720744788646698
0.22873494029045105
0.2755892872810364
0.35274770855903625
0.40787994861602783
0.5562506914138794
0.14409245550632477
0.1867668479681015
0.23955698311328888
0.32744717597961426
0.4015602171421051
0.187701016664505
0.24536532163619995
0.3608871400356293
0.4106633961200714
0.47718754410743713
0.19742317497730255
0.23931461572647095
0.30161306262016296
0.3513919413089752
0.47782188653945923
0.17614270746707916
0.22216838598251343
0.2854327857494354
0.3720215857028961
0.4207475185394287
0.21085193753242493
0.26380789279937744
0.3095744848251343
0.41094958782196045
0.4733712673187256
0.18743941187858582
0.2718879282474518
0.3356742262840271
0.39103612303733826
0.4634597599506378
0.1801699995994568
0.2271970510482788
0.3142468333244324
0.4071950614452362
0.49100449681282043
0.2035367339849472
0.24494612216949463
0.3206050992012024
0.41126179695129395
0.5056394934654236
0.17538601160049438
0.23178496956825256
0.3078094720840454
0.3894442021846771
0.44293856620788574
0.1483142077922821
0.19003364443778992
0.2314501702785492
0.3302566111087799
0.3923695385456085
0.1956275999546051
0.2537427842617035
0.3272976875305176
0.4010709226131439
0.4546807110309601
0.23453699052333832
0.2931693494319916
0.3509812653064728
0.40775299072265625
0.5262513160705566
0.2397533655166626
0.281887412071228
0.4159131944179535
0.45953527092933655
0.5090932250022888
0.1762189269065857
0.24725887179374695
0.32803380489349365
0.4450478255748749
0.5067426562309265
0.17118650674819946
0.22756870090961456
0.28103068470954895
0.3448247015476227
0.4840288758277893
0.21405863761901855
0.2626500427722931
0.3282947242259979
0.3830081820487976
0.4326087236404419
0.20243757963180542
0.24379432201385498
0.30388572812080383
0.39050084352493286
0.4383823275566101
0.1841585636138916
0.23324818909168243
0.2847338616847992
0.3643832206726074
0.4582865834236145
0.1880197823047638
0.23844510316848755
0.3063538670539856
0.3573668599128723
0.4318634867668152
0.18145421147346497
0.236871600151062
0.35207250714302063
0.4526809751987457
0.5213894844055176
0.24369795620441437
0.2814328074455261
0.3287765383720398
0.3659542500972748
0.4016641676425934
0.16891580820083618
0.23086793720722198
0.27517494559288025
0.3345049321651459
0.47860628366470337
0.19654332101345062
0.28960931301116943
0.4450474977493286
0.5497760772705078
0.587108314037323
0.19463831186294556
0.3034890592098236
0.446893572807312
0.5234163999557495
0.5702247023582458
0.2364727109670639
0.3733655512332916
0.4927029609680176
0.5319815874099731
0.5990726351737976
0.15088523924350739
0.210645392537117
0.25332391262054443
0.2879737913608551
0.34757867455482483
0.17177699506282806
0.25125938653945923
0.3191716969013214
0.36526718735694885
0.5119006037712097
0.21207237243652344
0.3004482388496399
0.3828008472919464
0.4265073835849762
0.5021399855613708
0.1564565747976303
0.21778345108032227
0.26127728819847107
0.287842333316803
0.3145630657672882
0.1806011199951172
0.24761754274368286
0.3314574956893921
0.39273273944854736
0.48907527327537537
0.1921994835138321
0.2713094651699066
0.3997429311275482
0.5072258710861206
0.5681964159011841
0.16933438181877136
0.23141899704933167
0.2802440822124481
0.36402440071105957
0.5046529769897461
0.2002023309469223
0.2867438495159149
0.3585607707500458
0.44981858134269714
0.5541325211524963
0.13294662535190582
0.18411563336849213
0.2273590862751007
0.2588348388671875
0.3425852060317993
0.14853286743164062
0.20779713988304138
0.2758592665195465
0.3247268795967102
0.47435319423675537
0.19683271646499634
0.27288517355918884
0.3713136613368988
0.42931634187698364
0.4792238175868988
0.2221304029226303
0.38165101408958435
0.5262418389320374
0.5667439699172974
0.5835691094398499
0.23275958001613617
0.3069888651371002
0.4293935298919678
0.5019366145133972
0.584908127784729
0.1618623584508896
0.22113364934921265
0.25599420070648193
0.3178020715713501
0.43195030093193054
0.18049997091293335
0.23711931705474854
0.27281951904296875
0.30174440145492554
0.36366933584213257
0.19056054949760437
0.25795432925224304
0.3338542580604553
0.39576059579849243
0.48676028847694397
0.17151792347431183
0.2411930114030838
0.314273476600647
0.371803343296051
0.49853524565696716
0.17473669350147247
0.2301253378391266
0.3092774450778961
0.38604259490966797
0.5443190932273865
0.21578703820705414
0.28319767117500305
0.34542936086654663
0.4149930477142334
0.48803988099098206
0.18091869354248047
0.2513641119003296
0.3234096169471741
0.3816079795360565
0.5378047227859497
0.10827480256557465
0.15106698870658875
0.18623918294906616
0.212998628616333
0.23767003417015076
0.18541346490383148
0.23792849481105804
0.3312988877296448
0.4438929557800293
0.5398663282394409
0.28684675693511963
0.3673437535762787
0.4690716862678528
0.559046745300293
0.6001480221748352
0.3165297210216522
0.40473848581314087
0.4837871193885803
0.5584080219268799
0.5985361337661743
0.344683438539505
0.45020592212677
0.5240912437438965
0.5888051986694336
0.6111471056938171
0.18334771692752838
0.23501227796077728
0.28364765644073486
0.35982003808021545
0.4567119777202606
0.20906515419483185
0.2611657679080963
0.3406941294670105
0.42804282903671265
0.5810978412628174
0.2592291533946991
0.3372814953327179
0.4277466833591461
0.4997326135635376
0.5722835659980774
0.18932710587978363
0.2469223141670227
0.29717379808425903
0.3842576742172241
0.4649967551231384
0.24636822938919067
0.3371986448764801
0.41574063897132874
0.4994330406188965
0.5790729522705078
0.25681450963020325
0.3456515669822693
0.4423314034938812
0.5485278964042664
0.6003548502922058
0.21843968331813812
0.2910650074481964
0.3691961169242859
0.4747086763381958
0.567995011806488
0.2693649232387543
0.3580177128314972
0.46702441573143005
0.5605117082595825
0.5936332941055298
0.181269571185112
0.2135443538427353
0.2807968854904175
0.33436328172683716
0.4235515594482422
0.1933296173810959
0.24101285636425018
0.32503801584243774
0.4188999533653259
0.5262835025787354
0.28159603476524353
0.37383246421813965
0.45782962441444397
0.5489325523376465
0.595033586025238
0.29636824131011963
0.41069304943084717
0.5122826099395752
0.5686190128326416
0.5816129446029663
0.29482579231262207
0.34832465648651123
0.44739192724227905
0.5414957404136658
0.6049003005027771
0.19690291583538055
0.2581356167793274
0.35734882950782776
0.44632288813591003
0.5472775101661682
0.2416047304868698
0.31807467341423035
0.41334009170532227
0.483320951461792
0.5588608980178833
0.27449408173561096
0.3402344286441803
0.4114070236682892
0.507872998714447
0.5715616941452026
0.20230475068092346
0.2615363299846649
0.34034112095832825
0.4428798258304596
0.5632825493812561
0.2299666702747345
0.3005114197731018
0.39588111639022827
0.5010609030723572
0.598453938961029
0.31755638122558594
0.37565308809280396
0.4468787610530853
0.5255007147789001
0.5774731040000916
0.22339443862438202
0.30317243933677673
0.3775940537452698
0.49167194962501526
0.6028578281402588
0.2102336883544922
0.24770548939704895
0.3000233471393585
0.37078535556793213
0.4586417078971863
