0.6571167707443237
0.7860878705978394
0.9048834443092346
0.995875895023346
1.0731570720672607
0.740863025188446
0.8526453375816345
0.9562038779258728
1.0339951515197754
1.0998954772949219
0.8376355171203613
0.939966082572937
1.029569149017334
1.0881156921386719
1.1337313652038574
0.7664548754692078
0.8824073076248169
0.982027530670166
1.0561766624450684
1.1163252592086792
0.5610135793685913
0.6725957989692688
0.7896525263786316
0.9005783796310425
0.9962331056594849
0.6801645755767822
0.7910115122795105
0.8974477052688599
0.9842790365219116
1.0581179857254028
0.7048096656799316
0.8268450498580933
0.9454171657562256
1.0360474586486816
1.095146656036377
0.6333905458450317
0.7605441212654114
0.8765577077865601
0.9780269861221313
1.0505324602127075
0.8669628500938416
0.9613725543022156
1.0357469320297241
1.0863409042358398
1.1252875328063965
0.7708693146705627
0.8932182192802429
0.9901280403137207
1.0681527853012085
1.1202549934387207
0.6827625632286072
0.7982592582702637
0.9083186388015747
0.9929856657981873
1.0700523853302002
0.7601184248924255
0.8761655688285828
0.9767007827758789
1.0494868755340576
1.1079695224761963
0.6347631812095642
0.7329323887825012
0.8474267721176147
0.951943576335907
1.0343480110168457
0.6329604387283325
0.7553801536560059
0.8814293742179871
0.9884231686592102
1.0605151653289795
0.7659943699836731
0.880980908870697
0.9793912768363953
1.0508593320846558
1.108241319656372
0.8073965311050415
0.9160674214363098
1.0047953128814697
1.0682077407836914
1.1241676807403564
0.741732656955719
0.8612902164459229
0.9601374864578247
1.0361318588256836
1.0972317457199097
0.6535654067993164
0.7635799646377563
0.8844796419143677
0.9823362231254578
1.0635851621627808
0.7100735306739807
0.8238667249679565
0.9314832091331482
1.0171219110488892
1.0811752080917358
0.7060419321060181
0.8428469300270081
0.9530984163284302
1.0474051237106323
1.0986826419830322
0.754116415977478
0.8616856336593628
0.9576911330223083
1.0381070375442505
1.0921639204025269
0.6965516209602356
0.8117315173149109
0.9194863438606262
1.0073338747024536
1.0755537748336792
0.793740451335907
0.9069643616676331
1.004575252532959
1.067738652229309
1.1154338121414185
0.6908364295959473
0.8095108866691589
0.9310808777809143
1.0252370834350586
1.092774510383606
0.7835223078727722
0.93077552318573
1.0319572687149048
1.0926591157913208
1.1297752857208252
0.5753060579299927
0.6840706467628479
0.8026981949806213
0.9093832969665527
1.0043010711669922
0.5800286531448364
0.694382905960083
0.8027980327606201
0.914441704750061
1.00234055519104
0.660740315914154
0.7827730774879456
0.8981455564498901
1.006696105003357
1.0692918300628662
0.6158812642097473
0.7310616374015808
0.8499632477760315
0.9482796788215637
1.031677484512329
0.46815353631973267
0.5508732199668884
0.6698063611984253
0.7876269817352295
0.8941139578819275
0.5756732821464539
0.6892102360725403
0.8021373152732849
0.9007841348648071
0.9880506992340088
0.5504406094551086
0.6617025136947632
0.7999625205993652
0.9092118144035339
1.0152119398117065
0.5420706868171692
0.6570296883583069
0.7751889824867249
0.8808140158653259
0.989493727684021
0.7373338341712952
0.8318415880203247
0.9381224513053894
1.017849087715149
1.0771698951721191
0.6551461815834045
0.7703741192817688
0.8840455412864685
0.9752091765403748
1.051865577697754
0.5716494917869568
0.6669662594795227
0.7886979579925537
0.8987153172492981
0.9849370718002319
0.624668300151825
0.7417463064193726
0.8501537442207336
0.9458386898040771
1.0263761281967163
0.5567420721054077
0.6597044467926025
0.7664586305618286
0.8758046627044678
0.97318434715271
0.5164474248886108
0.6230042576789856
0.7321732044219971
0.8434579372406006
0.9506344199180603
0.6102797985076904
0.7144281268119812
0.8496862053871155
0.9494261145591736
1.0310893058776855
0.6868772506713867
0.8006748557090759
0.9043143391609192
0.9942270517349243
1.0677871704101562
0.6316498517990112
0.7430424094200134
0.8621484637260437
0.9505282044410706
1.0351487398147583
0.5357797145843506
0.6322512626647949
0.7508809566497803
0.8607524633407593
0.9679561853408813
0.5866626501083374
0.6922097206115723
0.8091221451759338
0.914016604423523
1.0021655559539795
0.5560130476951599
0.6796303987503052
0.8126657605171204
0.9364652633666992
1.0299034118652344
0.6274881958961487
0.7326209545135498
0.8470416069030762
0.9512661695480347
1.0331621170043945
0.5654712319374084
0.6711723208427429
0.7877216935157776
0.8970244526863098
0.9828912019729614
0.6077825427055359
0.7402969598770142
0.8607196807861328
0.9709272980690002
1.0470631122589111
0.5639892220497131
0.6852006912231445
0.8033218383789062
0.9201322197914124
1.0189337730407715
0.6053748726844788
0.756895899772644
0.902124285697937
1.0083836317062378
1.0722945928573608
0.92178875207901
1.0142265558242798
1.0833802223205566
1.1306524276733398
1.1750686168670654
0.9568906426429749
1.0423415899276733
1.1059331893920898
1.1562886238098145
1.1938105821609497
1.0348267555236816
1.093429446220398
1.1386568546295166
1.1753051280975342
1.2042597532272339
0.9809859395027161
1.063883900642395
1.123209834098816
1.1691067218780518
1.2000112533569336
0.7877374291419983
0.9047331213951111
1.003396987915039
1.077051043510437
1.1399632692337036
0.9120662808418274
1.005373239517212
1.076395034790039
1.1281214952468872
1.1682097911834717
0.9349469542503357
1.0280077457427979
1.0921987295150757
1.1395652294158936
1.1782503128051758
0.8975754976272583
0.9939818382263184
1.0674384832382202
1.122714638710022
1.1639848947525024
1.0353705883026123
1.0913844108581543
1.1313369274139404
1.1639494895935059
1.1941145658493042
1.00583815574646
1.078696370124817
1.134791612625122
1.173375129699707
1.204725980758667
0.9227587580680847
1.008724331855774
1.0766388177871704
1.1322740316390991
1.1760272979736328
0.968403160572052
1.0496004819869995
1.108680009841919
1.1576666831970215
1.194964051246643
0.8814242482185364
0.9724111557006836
1.0486243963241577
1.1099820137023926
1.1524584293365479
0.8750653862953186
0.9825981259346008
1.0647934675216675
1.1241018772125244
1.1720930337905884
0.9823269248008728
1.0593221187591553
1.1148667335510254
1.157655119895935
1.1967542171478271
1.013944387435913
1.0813720226287842
1.1289215087890625
1.164730429649353
1.1964226961135864
0.9692342877388
1.052496314048767
1.1076619625091553
1.1494165658950806
1.1864327192306519
0.8867823481559753
0.9798330068588257
1.0666475296020508
1.132025957107544
1.180154800415039
0.9301371574401855
1.0195528268814087
1.0945950746536255
1.139789342880249
1.1801294088363647
0.9646917581558228
1.0557918548583984
1.1082671880722046
1.1462852954864502
1.1773723363876343
0.9801936745643616
1.0475481748580933
1.0985023975372314
1.1433022022247314
1.1801550388336182
0.9183869361877441
1.009595274925232
1.0843716859817505
1.134198784828186
1.1787755489349365
0.9912156462669373
1.0629874467849731
1.1158448457717896
1.156064748764038
1.1883512735366821
0.9490668773651123
1.0366296768188477
1.1014540195465088
1.1466407775878906
1.1916007995605469
1.0289965867996216
1.0871474742889404
1.12625253200531
1.1567378044128418
1.1839075088500977
0.3969908356666565
0.4729268252849579
0.5641469359397888
0.6587775349617004
0.7781485915184021
0.4440891742706299
0.526648759841919
0.6230849027633667
0.7344226241111755
0.8596727848052979
0.45664548873901367
0.5469027757644653
0.6405028700828552
0.7565625309944153
0.8892274498939514
0.4549350440502167
0.5408329963684082
0.6324192881584167
0.7497645616531372
0.8864104151725769
0.3529066741466522
0.4180440902709961
0.5001397728919983
0.5942126512527466
0.705750584602356
0.3989262580871582
0.4696406424045563
0.557569146156311
0.6638436317443848
0.7647387981414795
0.3886537253856659
0.46473145484924316
0.5496455430984497
0.655377209186554
0.767941415309906
0.3644310534000397
0.42761072516441345
0.5081683993339539
0.6032770872116089
0.7134292721748352
0.39618632197380066
0.4708453416824341
0.562747597694397
0.6718612313270569
0.7923927903175354
0.42961928248405457
0.49584493041038513
0.5857633948326111
0.6931273937225342
0.8092384338378906
0.4031836688518524
0.46798402070999146
0.5565133690834045
0.6571720242500305
0.7715694904327393
0.46019113063812256
0.5382692813873291
0.6370236277580261
0.7479811310768127
0.8634520769119263
0.39012083411216736
0.44696924090385437
0.5322719812393188
0.6272866129875183
0.7436073422431946
0.3834817707538605
0.4483494758605957
0.5321136713027954
0.6303348541259766
0.7424081563949585
0.4516656696796417
0.5318646430969238
0.6309747099876404
0.7446776628494263
0.8593027591705322
0.45112138986587524
0.5262382626533508
0.6239387392997742
0.7334343791007996
0.8484107851982117
0.4243611991405487
0.4912278950214386
0.5862663984298706
0.696431577205658
0.8155202865600586
0.3820701837539673
0.45227310061454773
0.5376958250999451
0.638870120048523
0.752376139163971
0.36446186900138855
0.4515247344970703
0.5381311178207397
0.6174633502960205
0.7610671520233154
0.4060932397842407
0.482989639043808
0.5781993269920349
0.6907030940055847
0.8174481987953186
0.3832617998123169
0.45245036482810974
0.5376374125480652
0.6418890953063965
0.7521021962165833
0.4257228970527649
0.4934394955635071
0.5857217311859131
0.6881078481674194
0.8009776473045349
0.39189407229423523
0.46824321150779724
0.5610218048095703
0.6679326295852661
0.7886804938316345
0.4035714566707611
0.4732811748981476
0.5610287189483643
0.6622486710548401
0.7733606100082397
0.4052621126174927
0.5141220688819885
0.6421516537666321
0.7875399589538574
0.9105855226516724
0.515184760093689
0.6139419078826904
0.8083451390266418
0.9825436472892761
1.106842279434204
0.5933783054351807
0.6978556513786316
0.8851498961448669
1.0313613414764404
1.1324983835220337
0.6766707897186279
0.7973231077194214
0.9724445343017578
1.0856997966766357
1.1558548212051392
0.6247004866600037
0.7324983477592468
0.9175254106521606
1.0535727739334106
1.143923044204712
0.44447648525238037
0.5313809514045715
0.7138916254043579
0.9114261269569397
1.0632983446121216
0.5444363355636597
0.6505444049835205
0.8322705626487732
0.9873279333114624
1.1046996116638184
0.55291348695755
0.6706973314285278
0.8737357258796692
1.0364131927490234
1.1241751909255981
0.5003135204315186
0.5956937074661255
0.783178448677063
0.9668117761611938
1.0942476987838745
0.7287241220474243
0.8378787636756897
0.9855577349662781
1.0835131406784058
1.143746018409729
0.6295322179794312
0.735149621963501
0.9182025194168091
1.0611556768417358
1.1506736278533936
0.5496916174888611
0.6539639234542847
0.8415051102638245
1.0010689496994019
1.1161885261535645
0.6201327443122864
0.7320786714553833
0.9164564609527588
1.050074577331543
1.138974905014038
0.5057392120361328
0.5952039957046509
0.7644284963607788
0.9376704096794128
1.0822821855545044
0.5070244073867798
0.6009540557861328
0.7850721478462219
0.9816080927848816
1.1086137294769287
0.6251989006996155
0.7342504858970642
0.9209671020507812
1.0565707683563232
1.146559476852417
0.6521939635276794
0.7638150453567505
0.9370668530464172
1.064550757408142
1.1474426984786987
0.5966179966926575
0.7071458697319031
0.8942127227783203
1.0396511554718018
1.1394128799438477
0.5307180881500244
0.6288876533508301
0.8135585188865662
0.9845175743103027
1.1151213645935059
0.5624915957450867
0.6685792207717896
0.8551939129829407
1.0088695287704468
1.1125311851501465
0.5731776356697083
0.698772132396698
0.9097802639007568
1.0603071451187134
1.1356159448623657
0.6212120056152344
0.7242056727409363
0.8901107311248779
1.0306915044784546
1.123833417892456
0.5716063380241394
0.67587810754776
0.857839822769165
1.0096253156661987
1.1133675575256348
0.6442762613296509
0.7614880204200745
0.9446456432342529
1.0696794986724854
1.140263557434082
0.5411626696586609
0.6461641788482666
0.8498656153678894
1.0262616872787476
1.1294329166412354
0.6039277911186218
0.7435413599014282
0.982123613357544
1.0946508646011353
1.150868535041809
0.710983395576477
0.833733320236206
0.9045875072479248
1.0025488138198853
1.0736244916915894
0.8390384316444397
0.9458104968070984
1.0233513116836548
1.0854052305221558
1.1344159841537476
0.9336112141609192
1.0013461112976074
1.0523971319198608
1.1020511388778687
1.1435357332229614
0.8619807958602905
0.9787484407424927
1.031450629234314
1.086597204208374
1.1352967023849487
0.6047270894050598
0.7295880913734436
0.8528516292572021
0.9508316516876221
1.036998987197876
0.8150293231010437
0.9171976447105408
0.9819467663764954
1.0385539531707764
1.0976332426071167
0.7828152775764465
0.8683788180351257
0.9431352019309998
1.017557978630066
1.0812222957611084
0.7217709422111511
0.8152353167533875
0.932515561580658
1.0117499828338623
1.0868816375732422
0.9140473008155823
0.992093026638031
1.0443822145462036
1.0940502882003784
1.1275019645690918
0.8033694624900818
0.9255644679069519
1.0089712142944336
1.0760791301727295
1.1307014226913452
0.7943384647369385
0.8846073150634766
0.9573556780815125
1.0366038084030151
1.098060965538025
0.8661215901374817
0.9639496803283691
1.0346198081970215
1.0891854763031006
1.1322160959243774
0.6679878830909729
0.7638565897941589
0.8809172511100769
0.975529134273529
1.0604581832885742
0.6789930462837219
0.8182974457740784
0.9030386805534363
0.9975073933601379
1.0789011716842651
0.9266347289085388
1.0105302333831787
1.0643271207809448
1.1099871397018433
1.1463172435760498
0.8622962832450867
0.9535403251647949
1.0157283544540405
1.073870062828064
1.1238856315612793
0.8710805773735046
0.9620527029037476
1.0261478424072266
1.0746403932571411
1.1263716220855713
0.7294408679008484
0.878440797328949
0.9601622819900513
1.02875816822052
1.104838252067566
0.7513325214385986
0.8581175804138184
0.951796293258667
1.016698956489563
1.0848041772842407
0.9819375276565552
1.0578439235687256
1.0970354080200195
1.130685567855835
1.1571922302246094
0.8141781091690063
0.895510196685791
0.9710180163383484
1.04712975025177
1.0976505279541016
0.7800886034965515
0.8855612874031067
0.9608440399169922
1.030644416809082
1.0883156061172485
0.9042961597442627
0.9805111885070801
1.0364768505096436
1.084035038948059
1.1211674213409424
0.7111026644706726
0.8395118117332458
0.9396665692329407
1.0252676010131836
1.0997642278671265
0.8957727551460266
0.9848763942718506
1.0639050006866455
1.112106204032898
1.1465048789978027
0.744225263595581
0.861689567565918
0.9434196949005127
1.0341776609420776
1.1093535423278809
0.8197370767593384
0.9138420820236206
1.0222041606903076
1.065507411956787
1.1269466876983643
0.9588170051574707
1.054863691329956
1.1048237085342407
1.1221877336502075
1.1361218690872192
0.929185688495636
1.041683554649353
1.0922141075134277
1.1489872932434082
1.1758688688278198
0.6461969017982483
0.7892174124717712
0.9203979969024658
1.0272969007492065
1.0891121625900269
0.828754186630249
0.9060475826263428
0.9778285622596741
1.0422550439834595
1.1043086051940918
0.7943276166915894
0.9128642678260803
1.0215678215026855
1.085665225982666
1.1126030683517456
0.6839442253112793
0.8541848659515381
0.9633781909942627
1.0525763034820557
1.1043635606765747
0.9448882341384888
1.0107464790344238
1.0409585237503052
1.1085126399993896
1.150953769683838
0.950958251953125
1.0407748222351074
1.1097255945205688
1.1562100648880005
1.1813181638717651
0.806985080242157
0.9451673030853271
1.0185540914535522
1.094016194343567
1.1321436166763306
0.9022217392921448
0.9873672127723694
1.0929591655731201
1.1163396835327148
1.1550129652023315
0.6535391211509705
0.7939457893371582
0.9160071611404419
1.0444573163986206
1.1484956741333008
0.7161003351211548
0.8564754128456116
1.0053883790969849
1.0915441513061523
1.1431529521942139
0.9629377722740173
1.0448275804519653
1.0889641046524048
1.1341993808746338
1.1592905521392822
0.9893619418144226
1.06131911277771
1.1269726753234863
1.1519889831542969
1.1862174272537231
0.9330950379371643
1.049458384513855
1.1155500411987305
1.1508562564849854
1.1828348636627197
0.7532323002815247
0.8916228413581848
1.019438624382019
1.083985447883606
1.1248273849487305
0.8805547952651978
0.969155490398407
1.0322932004928589
1.089106798171997
1.12822425365448
0.7745581269264221
0.8972776532173157
1.0000660419464111
1.0527843236923218
1.0730246305465698
0.8759210109710693
0.9595993757247925
1.0332430601119995
1.0798271894454956
1.130382776260376
0.7810208797454834
0.9051600098609924
1.0020695924758911
1.0646286010742188
1.1481232643127441
0.9661126732826233
1.062178373336792
1.122198224067688
1.1503657102584839
1.1758315563201904
0.8249310851097107
0.9544187784194946
1.0508142709732056
1.101017951965332
1.1717664003372192
0.953180730342865
1.011964201927185
1.0367132425308228
1.0614378452301025
1.0963507890701294
0.5746362805366516
0.7636098265647888
0.958474338054657
1.113561749458313
1.2056643962860107
0.5246602892875671
0.701607882976532
0.9022062420845032
1.0778191089630127
1.1786586046218872
0.5188099145889282
0.6913588643074036
0.8938858509063721
1.0705167055130005
1.1731268167495728
0.487269788980484
0.6520374417304993
0.8570852875709534
1.039154291152954
1.1627073287963867
0.5464361310005188
0.7289292216300964
0.9427147507667542
1.117181420326233
1.2109163999557495
0.5603460073471069
0.7512387037277222
0.9506384134292603
1.1049352884292603
1.1989142894744873
0.49867042899131775
0.6727281808853149
0.8877668976783752
1.075244426727295
1.194895625114441
0.6078748106956482
0.8046572804450989
0.9824163317680359
1.1220918893814087
1.2075204849243164
0.539948582649231
0.7211695313453674
0.9119850993156433
1.063330054283142
1.1789318323135376
0.5363996624946594
0.7184000015258789
0.9313993453979492
1.1003499031066895
1.195168137550354
0.5424169898033142
0.7253347039222717
0.9314548373222351
1.0983123779296875
1.197064757347107
0.5565609931945801
0.7381354570388794
0.932641327381134
1.0955455303192139
1.1993486881256104
0.5675466656684875
0.7515281438827515
0.9423034191131592
1.0984233617782593
1.1899874210357666
0.5648889541625977
0.7501274943351746
0.9536173343658447
1.1116403341293335
1.2051582336425781
0.5226109623908997
0.6925253868103027
0.8936735391616821
1.0740693807601929
1.173579454421997
0.5172240734100342
0.6892570853233337
0.8909546732902527
1.0662102699279785
1.1664953231811523
0.47254276275634766
0.6345453262329102
0.8440659046173096
1.0434364080429077
1.1792948246002197
0.5325188040733337
0.7102214694023132
0.9167015552520752
1.1009169816970825
1.2059696912765503
0.5697398781776428
0.7661131620407104
0.9763410091400146
1.1275453567504883
1.2100540399551392
0.5150362849235535
0.6898103356361389
0.8907909393310547
1.0604130029678345
1.1782312393188477
0.5344740748405457
0.714583158493042
0.9169492125511169
1.074744701385498
1.1831880807876587
0.5462353825569153
0.7274661660194397
0.9258691072463989
1.0904860496520996
1.190413236618042
0.485149085521698
0.6483373641967773
0.8407073020935059
1.0246707201004028
1.1646158695220947
0.516228437423706
0.6968363523483276
0.9154561758041382
1.1044366359710693
1.2026172876358032
0.6754912734031677
0.8895564675331116
1.0302664041519165
1.1294318437576294
1.2059690952301025
0.7260067462921143
0.8550370335578918
1.0164107084274292
1.1300023794174194
1.211945652961731
0.8177151083946228
0.9035863876342773
1.0292173624038696
1.1316980123519897
1.2021242380142212
0.7366119623184204
0.8401997089385986
0.9873854517936707
1.111162543296814
1.1953871250152588
0.8180661797523499
0.9056957364082336
1.0249871015548706
1.1224310398101807
1.1950395107269287
0.6244328022003174
0.7325454950332642
0.9069312810897827
1.0832393169403076
1.2030622959136963
0.7298604249954224
0.8303419947624207
0.9835882186889648
1.1146835088729858
1.2126580476760864
0.6294639110565186
0.738956093788147
0.9059761762619019
1.0538127422332764
1.1853511333465576
0.6968441605567932
0.80025315284729
0.9541161060333252
1.0891494750976562
1.192355751991272
0.7147117257118225
0.8158254623413086
0.9560404419898987
1.0813318490982056
1.1871776580810547
0.7816623449325562
0.884061872959137
1.026737093925476
1.1407392024993896
1.2136207818984985
0.7370769381523132
0.847305953502655
0.9940518140792847
1.1199047565460205
1.2086490392684937
0.8163667321205139
0.9152228832244873
1.0335043668746948
1.1252224445343018
1.2041916847229004
0.7390026450157166
0.8731105327606201
1.0305180549621582
1.135589599609375
1.2055379152297974
0.719581127166748
0.8374702334403992
0.9896298050880432
1.1081628799438477
1.201017141342163
0.7858914732933044
0.890465497970581
1.0123978853225708
1.1215876340866089
1.1987477540969849
0.8056885004043579
0.9087485074996948
1.0360771417617798
1.1297223567962646
1.19980788230896
0.755345344543457
0.8697271347045898
1.0165737867355347
1.122532844543457
1.2036365270614624
0.7238903641700745
0.8332292437553406
0.9887782335281372
1.1383016109466553
1.2182108163833618
0.7004762291908264
0.8161699771881104
0.9637264609336853
1.090651512145996
1.1951782703399658
0.6384024024009705
0.7426270842552185
0.881942093372345
1.0573792457580566
1.1790913343429565
0.708771288394928
0.8113362193107605
0.965391993522644
1.0982352495193481
1.1950576305389404
0.7582759857177734
0.8763584494590759
1.0087554454803467
1.1218738555908203
1.1970880031585693
0.7153245806694031
0.8125995993614197
0.941364049911499
1.064658522605896
1.1733407974243164
0.7074435949325562
0.829344630241394
0.987922728061676
1.1216610670089722
1.2070049047470093
0.4996262192726135
0.6450674533843994
0.8364254832267761
1.020064353942871
1.170697569847107
0.5836769938468933
0.7080429196357727
0.9191159605979919
1.086063265800476
1.177254557609558
0.6399269104003906
0.7587382197380066
0.9412436485290527
1.110245943069458
1.1931545734405518
0.5894511938095093
0.7123255729675293
0.940916895866394
1.1229192018508911
1.1937072277069092
0.620421826839447
0.7349893450737
0.9417110681533813
1.1344904899597168
1.2092688083648682
0.568952202796936
0.6772317886352539
0.8641184568405151
1.0712165832519531
1.170336365699768
0.5876636505126953
0.7132676839828491
0.9126592874526978
1.0996562242507935
1.1815500259399414
0.5573026537895203
0.6609804630279541
0.8524654507637024
1.0657289028167725
1.1624650955200195
0.5891678333282471
0.7088215947151184
0.922420859336853
1.0966864824295044
1.1735411882400513
0.5914472341537476
0.7094669938087463
0.9057067632675171
1.0960099697113037
1.1802616119384766
0.6280447244644165
0.742228627204895
0.9572221636772156
1.1387470960617065
1.2009164094924927
0.5990055203437805
0.7227702736854553
0.9073567390441895
1.1020833253860474
1.194551944732666
0.6130774617195129
0.729841411113739
0.9319695234298706
1.1225894689559937
1.2100838422775269
0.6241363286972046
0.7619462609291077
0.94998699426651
1.0955753326416016
1.1856046915054321
0.6193833947181702
0.7371172308921814
0.9122981429100037
1.090075969696045
1.193203330039978
0.6256158351898193
0.7410159707069397
0.9299331903457642
1.130329966545105
1.1937923431396484
0.6169307231903076
0.7424142360687256
0.9682778120040894
1.136078953742981
1.1939287185668945
0.5892263650894165
0.7084558010101318
0.9289566874504089
1.103494644165039
1.1884338855743408
0.591474711894989
0.7049198150634766
0.9018446803092957
1.1055649518966675
1.1945945024490356
0.5794854164123535
0.6922512650489807
0.8972517848014832
1.1046653985977173
1.1896989345550537
0.5292676687240601
0.6420707106590271
0.8415413498878479
1.0484511852264404
1.1393522024154663
0.6148968935012817
0.7354828715324402
0.9378578662872314
1.1031477451324463
1.174026608467102
0.6280158758163452
0.7311634421348572
0.914240300655365
1.109481930732727
1.191560983657837
0.5762694478034973
0.7178796529769897
0.9056404232978821
1.1128672361373901
1.190994381904602
0.5970452427864075
0.7193195819854736
0.9210345149040222
1.1038217544555664
1.1897661685943604
0.5547398328781128
0.6344767212867737
0.8466340899467468
1.040356159210205
1.1382694244384766
0.5853517651557922
0.7206236720085144
0.858729362487793
1.0998291969299316
1.22400963306427
0.7794233560562134
0.9650759696960449
1.1573995351791382
1.2345364093780518
1.25565767288208
0.7870917320251465
1.0343921184539795
1.1675684452056885
1.2301877737045288
1.2529085874557495
0.9146059155464172
1.1027960777282715
1.1873327493667603
1.2414779663085938
1.259253740310669
0.4907836616039276
0.6411184072494507
0.7896761894226074
0.9915887117385864
1.156258463859558
0.6104055047035217
0.7440503239631653
0.8825315237045288
1.0868401527404785
1.2322584390640259
0.6905792951583862
0.8839495182037354
1.0753024816513062
1.1862707138061523
1.2440963983535767
0.5756831169128418
0.7199602127075195
0.8645666241645813
0.9695810675621033
1.1606231927871704
0.7160724997520447
0.8579068779945374
1.065971851348877
1.192785620689392
1.2446537017822266
0.7676028609275818
0.9591010808944702
1.1396236419677734
1.2222349643707275
1.2522920370101929
0.6318499445915222
0.765449583530426
0.9063730835914612
1.1457420587539673
1.2407070398330688
0.7731362581253052
0.9742625951766968
1.1746424436569214
1.2342400550842285
1.2525924444198608
0.5138992071151733
0.6370850205421448
0.7858518362045288
0.939987063407898
1.1390167474746704
0.5623472332954407
0.71382075548172
0.8814799785614014
1.0931472778320312
1.2161916494369507
0.7680665850639343
1.006687879562378
1.162331223487854
1.2261395454406738
1.2520884275436401
0.7776231169700623
0.9724363684654236
1.1653037071228027
1.236396312713623
1.2467601299285889
0.7285043001174927
0.9024631977081299
1.1138087511062622
1.2074394226074219
1.253278136253357
0.5904560089111328
0.7316071391105652
0.923848032951355
1.135881781578064
1.2383701801300049
0.6560919880867004
0.7868403196334839
0.9113026261329651
1.1096922159194946
1.2201751470565796
0.6577748656272888
0.7950555086135864
1.0520172119140625
1.1724690198898315
1.2300926446914673
0.6500184535980225
0.7708832025527954
0.9207062721252441
1.1189384460449219
1.2267824411392212
0.6556679606437683
0.8143796920776367
1.0057653188705444
1.1898062229156494
1.2530555725097656
0.7856988906860352
0.9914205074310303
1.133487343788147
1.2012829780578613
1.2482339143753052
0.6473668813705444
0.79941326379776
0.974685549736023
1.1734682321548462
1.2495224475860596
0.4605640470981598
0.5409457087516785
0.641613245010376
0.7529160976409912
0.9248124957084656
0.6801503300666809
0.6980500817298889
0.8893546462059021
0.9797967076301575
1.0645110607147217
0.8469964861869812
0.905773401260376
1.1571815013885498
1.190312147140503
1.2198368310928345
0.8495416641235352
0.9705735445022583
1.1668492555618286
1.152508020401001
1.2011231184005737
0.7592665553092957
0.9730114340782166
1.074420690536499
1.1759746074676514
1.2008881568908691
0.5485737919807434
0.6428257822990417
0.7919597029685974
1.0836025476455688
1.0946282148361206
0.6663819551467896
0.7817419767379761
0.870178759098053
0.9641823768615723
1.0773727893829346
0.8272071480751038
0.8613635897636414
0.9808251857757568
1.1015387773513794
1.1887943744659424
0.4498245418071747
0.5909799337387085
0.7260856628417969
0.9738724827766418
1.05575430393219
0.5692812204360962
0.6712735295295715
0.9622563719749451
1.091422200202942
1.146631121635437
0.8962209820747375
0.8035402297973633
0.9611415863037109
1.1002634763717651
1.1938382387161255
0.6052674651145935
0.6319248080253601
0.9222227931022644
1.0696433782577515
1.1673318147659302
0.7390950322151184
0.9301689863204956
1.025323510169983
1.1498661041259766
1.1117439270019531
0.4644625782966614
0.6358928084373474
0.9450975656509399
0.8361793756484985
0.9451436400413513
0.5287134051322937
0.7701156139373779
0.9943634271621704
0.9783685207366943
1.111748218536377
0.8058904409408569
0.893462061882019
1.051875352859497
1.1580489873886108
1.1982388496398926
0.7482860088348389
0.8122183084487915
0.9030274152755737
1.1276496648788452
1.187514066696167
0.638399064540863
0.8350062370300293
0.9021139740943909
1.1104822158813477
1.1953712701797485
0.6675334572792053
0.9136462211608887
0.9430493712425232
0.9973838329315186
1.1987348794937134
0.5566343069076538
0.6974351406097412
0.8840463757514954
1.0300384759902954
0.9945841431617737
0.6958352327346802
0.8167633414268494
0.9178096652030945
1.0576938390731812
1.1660510301589966
0.6736778616905212
0.8745546340942383
0.7625855207443237
0.9060612320899963
1.1852208375930786
0.7329632639884949
0.8043904900550842
0.8689013123512268
1.0273069143295288
1.1881974935531616
0.8276948928833008
0.8185179829597473
1.0099865198135376
1.1341657638549805
1.205008864402771
0.8839166164398193
0.6690738201141357
0.8083168864250183
1.0122171640396118
1.1913187503814697
0.5670166015625
0.5923499464988708
0.8834274411201477
0.9202762246131897
0.9556885361671448
0.6096767783164978
0.9205237627029419
1.0609554052352905
1.0898597240447998
1.0663238763809204
0.9368282556533813
1.030038595199585
1.1494216918945312
1.1773701906204224
1.1358529329299927
0.8818572759628296
1.1198216676712036
1.0911144018173218
1.2004088163375854
1.2429397106170654
0.9398921132087708
1.1136481761932373
1.1626113653182983
1.1463202238082886
1.2281520366668701
0.7617433071136475
0.8034473657608032
0.9498023390769958
1.0862970352172852
1.1654174327850342
0.7809702754020691
0.7180389165878296
0.9733012914657593
1.0978795289993286
1.138026237487793
0.8658674955368042
0.9992462396621704
1.1125763654708862
1.1661592721939087
1.198210597038269
0.6450915336608887
0.9644365906715393
0.8197481036186218
1.0459647178649902
1.1798838376998901
0.9552589654922485
1.0826417207717896
1.1303478479385376
1.1752948760986328
1.1740325689315796
0.7183974981307983
1.0976992845535278
1.1358014345169067
1.202293872833252
1.1960945129394531
1.0271356105804443
0.8621816039085388
1.1261265277862549
1.1524096727371216
1.1963021755218506
0.8865596652030945
0.9508466720581055
1.1148018836975098
1.1793797016143799
1.0175398588180542
0.5462858080863953
0.6615558862686157
0.9440771341323853
1.0050519704818726
1.1467103958129883
0.9265354871749878
0.7908428311347961
1.070102572441101
1.134718656539917
1.1851069927215576
0.8964551687240601
1.0581364631652832
1.140614628791809
1.185439109802246
1.2271413803100586
0.9782163500785828
1.075386881828308
1.041045069694519
1.17103910446167
1.1293659210205078
0.7629859447479248
0.9529176354408264
1.130837321281433
1.201065182685852
1.1931415796279907
0.95847487449646
0.9427240490913391
0.8936466574668884
1.1341677904129028
1.195643663406372
0.7000887393951416
0.9187155961990356
1.013317584991455
1.1233413219451904
1.1997325420379639
0.9575130343437195
1.0347437858581543
0.9358747005462646
1.1356836557388306
1.2073336839675903
0.8246827721595764
0.9909613728523254
1.0703239440917969
1.1557811498641968
1.1485506296157837
0.6714619398117065
0.9779552221298218
1.060142993927002
1.1495575904846191
1.1867040395736694
0.8838910460472107
1.0141410827636719
1.1201584339141846
1.193616271018982
1.180410623550415
0.8849003911018372
1.094571828842163
1.140197515487671
1.173622488975525
1.1509053707122803
0.8838314414024353
0.7146114706993103
1.0668816566467285
0.9294642806053162
1.0493863821029663
0.6832660436630249
0.7253358960151672
0.9203407168388367
1.0186173915863037
1.0837955474853516
0.8139488101005554
0.6983276605606079
0.8988660573959351
0.9706544280052185
1.0617495775222778
0.8278211355209351
0.7002617716789246
0.8539611101150513
0.9423587918281555
1.0570945739746094
0.9033114910125732
0.6314899921417236
0.8403297662734985
0.9194641709327698
1.0361448526382446
0.6197735667228699
0.725987434387207
0.9160409569740295
1.0077484846115112
1.0901367664337158
0.6813973188400269
0.717156171798706
0.9294334650039673
1.0188933610916138
1.083072543144226
0.7357443571090698
0.6624814867973328
0.8778167366981506
0.9749468564987183
1.0491429567337036
0.6271910667419434
0.7249639630317688
0.9350621104240417
1.0227125883102417
1.1011817455291748
0.7480617165565491
0.654185950756073
0.8835265040397644
0.9990594983100891
1.0731139183044434
0.7598474621772766
0.7198090553283691
0.9034903645515442
1.0193631649017334
1.0749564170837402
0.7009913921356201
0.7673494219779968
0.9336995482444763
1.037797451019287
1.0997235774993896
0.8305524587631226
0.6872220039367676
0.871608555316925
0.950049638748169
1.060009479522705
0.5904464721679688
0.7480112314224243
0.932110071182251
1.006878137588501
1.1011910438537598
0.6878644227981567
0.7259128093719482
0.936754047870636
1.0628491640090942
1.1234638690948486
0.7849902510643005
0.6549305319786072
0.8385218381881714
0.9215638637542725
1.0298514366149902
0.7944982647895813
0.6893710494041443
0.8302181363105774
0.9661672711372375
1.0316954851150513
0.7372551560401917
0.6999764442443848
0.8731625080108643
0.9735751748085022
1.0492511987686157
0.6513811349868774
0.6879686117172241
0.9115080833435059
1.0042362213134766
1.083551049232483
0.6728698015213013
0.7293563485145569
0.8761641383171082
0.9850255846977234
1.0576965808868408
0.6723605990409851
0.7044907808303833
0.936640739440918
1.0282236337661743
1.075048565864563
0.6524418592453003
0.7019511461257935
0.8921880722045898
1.0049877166748047
1.0929908752441406
0.7363394498825073
0.710880696773529
0.8986842632293701
1.0291012525558472
1.0956807136535645
0.7088524699211121
0.6457629799842834
0.8088374733924866
0.9313472509384155
1.0343494415283203
0.7182536721229553
0.7098795771598816
0.8960634469985962
1.0058525800704956
1.0729693174362183
0.5483328104019165
0.7330213189125061
0.8327280879020691
0.9503720998764038
1.014353632926941
1.0839873552322388
1.0641340017318726
1.0443934202194214
0.9781199097633362
0.8652417659759521
1.0704727172851562
1.0681519508361816
1.0465188026428223
1.012486219406128
0.9642112851142883
1.0827077627182007
1.061968445777893
1.0229973793029785
0.9821631908416748
0.9147710204124451
1.0506432056427002
1.0363985300064087
1.0128779411315918
0.9894688725471497
0.9366799592971802
1.0320773124694824
1.0166538953781128
0.9776854515075684
0.9229759573936462
0.8578850030899048
1.0591137409210205
1.0333161354064941
1.0034821033477783
0.9524749517440796
0.9041154384613037
1.0198084115982056
1.0164110660552979
0.9900223016738892
0.9412268400192261
0.8645180463790894
1.0231250524520874
1.007426142692566
0.9733134508132935
0.9303438067436218
0.8694390058517456
1.0507529973983765
1.0412205457687378
1.0001710653305054
0.9458487033843994
0.837494969367981
1.0430727005004883
1.0170552730560303
0.9797646403312683
0.9349569082260132
0.872407078742981
1.0340710878372192
1.0262861251831055
1.0009937286376953
0.957684338092804
0.8986267447471619
1.0980618000030518
1.0864907503128052
1.0460764169692993
1.0005513429641724
0.959673285484314
1.036325454711914
1.0392645597457886
1.043373942375183
0.995884120464325
0.9808883666992188
1.0242165327072144
0.9963595867156982
0.9732728004455566
0.9305202960968018
0.8693020343780518
1.0719032287597656
1.0591235160827637
1.030798316001892
1.0010868310928345
0.868973433971405
1.0441876649856567
1.0386929512023926
1.0174551010131836
0.9986422657966614
0.9444276690483093
1.037937879562378
1.0346118211746216
0.9918769001960754
0.9673911333084106
0.9071050882339478
1.0691089630126953
1.05234956741333
1.0139893293380737
0.957051157951355
0.8681570291519165
1.0361753702163696
1.0275644063949585
1.0008823871612549
0.966494083404541
0.9202126860618591
1.0954070091247559
1.0690773725509644
1.0298068523406982
0.9837793707847595
0.8868762850761414
1.0619916915893555
1.0237975120544434
0.9904993772506714
0.9311298727989197
0.8569093942642212
1.0880802869796753
1.0603278875350952
1.0345860719680786
0.9766499400138855
0.8624357581138611
1.0812535285949707
1.0502923727035522
1.028607964515686
0.9850665926933289
0.8966774940490723
1.0169037580490112
1.005370855331421
0.9812919497489929
0.9592242240905762
0.9058060050010681
1.0225586891174316
0.9947100877761841
0.9525827169418335
0.9212014675140381
0.8514182567596436
0.20526118576526642
0.24490974843502045
0.41605061292648315
0.39640358090400696
0.7517657279968262
0.21651142835617065
0.26643043756484985
0.5033441781997681
0.4773530960083008
0.8521769046783447
0.20273101329803467
0.3694046139717102
0.41845810413360596
0.6293100714683533
0.7491201162338257
0.24016398191452026
0.2897627055644989
0.5378519892692566
0.4622151851654053
0.8636520504951477
0.21943418681621552
0.3176705837249756
0.5384794473648071
0.5602235198020935
0.8869797587394714
0.15283291041851044
0.4604554772377014
0.32198312878608704
0.7115573883056641
0.598819375038147
0.2005278617143631
0.26289525628089905
0.4081355929374695
0.4639662802219391
0.6656345725059509
0.16710752248764038
0.4050012528896332
0.34068000316619873
0.7110350131988525
0.6750271320343018
0.1681569367647171
0.23612819612026215
0.3141554892063141
0.4434846341609955
0.5999245643615723
0.1667233109474182
0.3624230921268463
0.31639471650123596
0.6162170171737671
0.6179037094116211
0.18682163953781128
0.2433689832687378
0.6079959869384766
0.4356156885623932
0.8964986205101013
0.14824111759662628
0.4243977963924408
0.2768098711967468
0.7150180339813232
0.4618493914604187
0.2136816680431366
0.41706201434135437
0.42554113268852234
0.6905946731567383
0.703636884689331
0.2105371206998825
0.2818569839000702
0.4205631911754608
0.5175157189369202
0.7487892508506775
0.28895530104637146
0.41711223125457764
0.740118682384491
0.6034672260284424
1.0270662307739258
0.17165350914001465
0.3912506699562073
0.32995370030403137
0.6950863003730774
0.5653477907180786
0.2619416415691376
0.33123329281806946
0.8415044546127319
0.5456938147544861
0.992093026638031
0.2331521362066269
0.3258698284626007
0.5279721021652222
0.5429387092590332
0.9440115094184875
0.1845197230577469
0.3039247393608093
0.3511732220649719
0.5786542296409607
0.6350368857383728
0.15925046801567078
0.4407079815864563
0.41797128319740295
0.6393027305603027
0.7661869525909424
0.16662684082984924
0.36066436767578125
0.3292364180088043
0.5959797501564026
0.6213721632957458
0.1662198007106781
0.34560176730155945
0.3179490566253662
0.6475692987442017
0.5495929718017578
0.2268235832452774
0.4121853709220886
0.41881540417671204
0.6943403482437134
0.6257219314575195
0.1965080201625824
0.2897200882434845
0.3780304789543152
0.48960795998573303
0.5661469101905823
0.32420918345451355
0.3552711009979248
0.5746248960494995
0.6170717477798462
0.7828090190887451
0.4679759740829468
0.5907429456710815
0.7668672204017639
0.7968738079071045
1.0745731592178345
0.5033097863197327
0.6479556560516357
0.7964809536933899
0.8508008122444153
1.0675146579742432
0.48402512073516846
0.6789954304695129
0.7578673362731934
0.8843269348144531
1.0384048223495483
0.4910835921764374
0.6363207697868347
0.7742017507553101
0.8505402207374573
1.0417245626449585
0.47867336869239807
0.6402667164802551
0.756017804145813
0.8646168112754822
1.0162672996520996
0.4372788369655609
0.6900094747543335
0.7083021402359009
0.8639984726905823
1.0023800134658813
0.4670157730579376
0.6032789349555969
0.7450213432312012
0.8168907761573792
1.0236631631851196
0.4649164080619812
0.6701947450637817
0.7452793121337891
0.8903538584709167
1.0245544910430908
0.49146419763565063
0.6094141006469727
0.769938051700592
0.8260226845741272
1.0175098180770874
0.5004391074180603
0.6652992963790894
0.7884538769721985
0.8878533840179443
1.0564333200454712
0.4703816771507263
0.6161295771598816
0.7546022534370422
0.8577451705932617
1.0387543439865112
0.49747493863105774
0.6749066710472107
0.7903284430503845
0.8760034441947937
1.0650137662887573
0.44181373715400696
0.6982301473617554
0.7073968648910522
0.8809967041015625
0.9894022345542908
0.47462260723114014
0.6183920502662659
0.7577060461044312
0.8317099809646606
1.0296252965927124
0.4850458800792694
0.7077909708023071
0.7663518786430359
0.917572557926178
1.0435534715652466
0.4977176785469055
0.6995498538017273
0.7872561812400818
0.9058761596679688
1.0521856546401978
0.4586627185344696
0.6537256836891174
0.7276954650878906
0.9417837262153625
1.0094176530838013
0.47268053889274597
0.6388418078422546
0.74808269739151
0.8456451892852783
1.0253199338912964
0.46416527032852173
0.6204866766929626
0.7521446943283081
0.849551796913147
1.042438268661499
0.40859994292259216
0.666511595249176
0.6644468903541565
0.9119980931282043
0.9542670845985413
0.45313650369644165
0.6325113773345947
0.7241414189338684
0.8420879244804382
1.0025978088378906
0.46338966488838196
0.636550784111023
0.7393783926963806
0.849084734916687
1.0198609828948975
0.45664846897125244
0.6795212626457214
0.7237375974655151
0.8947621583938599
1.000980257987976
0.49110257625579834
0.6352461576461792
0.7764737010002136
0.8475145697593689
1.0446341037750244
0.49191561341285706
0.6158623695373535
0.765056312084198
0.8169682621955872
1.0255422592163086
0.5758798718452454
0.7043087482452393
0.8601328134536743
0.9819835424423218
1.0040571689605713
0.3483545184135437
0.39104732871055603
0.4606771469116211
0.5559848546981812
0.664100706577301
0.4346875250339508
0.48540520668029785
0.5483734607696533
0.6470901966094971
0.7598411440849304
0.4453572630882263
0.5415708422660828
0.659589946269989
0.8138213753700256
0.9858424663543701
0.5624373555183411
0.6684304475784302
0.7894943952560425
0.9825212359428406
1.119620442390442
0.5212517380714417
0.6236788630485535
0.7581078410148621
0.9324581027030945
1.0183861255645752
0.4933192729949951
0.5882973670959473
0.7057136297225952
0.8681991696357727
1.0561314821243286
0.703303873538971
0.8556726574897766
0.9936621785163879
1.0481979846954346
1.066929578781128
0.7128610014915466
0.8069766759872437
0.8997727632522583
1.0256065130233765
1.0631898641586304
0.7640464305877686
0.9063199162483215
1.0037211179733276
1.0079784393310547
1.0298283100128174
0.6322924494743347
0.7499757409095764
0.9130123853683472
1.0628266334533691
1.0557441711425781
0.49878761172294617
0.5922206044197083
0.7278319001197815
0.9236057996749878
1.0228869915008545
0.5984911322593689
0.7234883904457092
0.8663235902786255
0.9859628081321716
1.0329400300979614
0.4317290782928467
0.5097417235374451
0.6036118268966675
0.7087240815162659
0.826438844203949
0.518849790096283
0.6078720688819885
0.7365546226501465
0.9157513380050659
1.0541971921920776
0.7161590456962585
0.8412945866584778
0.9487504959106445
1.0015827417373657
1.0453239679336548
0.8451578617095947
0.9360222816467285
0.9512016773223877
0.9791502952575684
0.9844030737876892
0.4809762239456177
0.5841785669326782
0.7412659525871277
0.9221815466880798
1.0863276720046997
0.5133504271507263
0.6225280165672302
0.7532539367675781
0.918767511844635
1.0090036392211914
0.5056235194206238
0.614753007888794
0.7373685836791992
0.9102441668510437
0.9930619597434998
0.6231208443641663
0.7471678256988525
0.8871667385101318
1.0275174379348755
1.0589723587036133
0.4908081889152527
0.5732548832893372
0.7085343599319458
0.8802478909492493
1.0544381141662598
0.4230649471282959
0.496921569108963
0.5808594226837158
0.6866897940635681
0.805777907371521
0.7770867347717285
0.9174736738204956
1.0266568660736084
1.0445921421051025
1.0495104789733887
0.46749985218048096
0.5478280782699585
0.6434320211410522
0.7549601197242737
0.891617476940155
0.6543826460838318
0.7737981081008911
0.8863348960876465
0.977193295955658
1.0531343221664429
0.6644881963729858
0.7811962962150574
0.892706036567688
0.9918644428253174
1.0614286661148071
0.8304919600486755
0.9432129263877869
1.0326712131500244
1.0914658308029175
1.135764718055725
0.7548989653587341
0.8809031248092651
0.9731320142745972
1.0398896932601929
1.099642276763916
0.5647304058074951
0.6689038276672363
0.7818689346313477
0.8894578814506531
0.9897858500480652
0.7546027898788452
0.8528717756271362
0.9383229613304138
1.0116186141967773
1.0747851133346558
0.7494953870773315
0.8629235625267029
0.9688537120819092
1.0490264892578125
1.0956413745880127
0.6689038276672363
0.7858283519744873
0.8947218656539917
0.9818878769874573
1.0518282651901245
0.8237974047660828
0.9402787685394287
1.0222880840301514
1.0809608697891235
1.1214107275009155
0.7973169684410095
0.9046012163162231
1.006561279296875
1.0770634412765503
1.1276923418045044
0.6508051156997681
0.7704651355743408
0.8787248730659485
0.973875105381012
1.0624083280563354
0.7838999032974243
0.8934881687164307
0.9836915731430054
1.0539159774780273
1.1078851222991943
0.6385617256164551
0.7467524409294128
0.8481031656265259
0.9606581926345825
1.0397549867630005
0.6851404905319214
0.8014042377471924
0.9252521395683289
1.006871223449707
1.0713651180267334
0.7519453167915344
0.850010097026825
0.9426262974739075
1.01712965965271
1.0726655721664429
0.8195930123329163
0.9217046499252319
1.0059375762939453
1.075945258140564
1.1233972311019897
0.7109459638595581
0.8260238170623779
0.9338268041610718
1.0146467685699463
1.074546217918396
0.6280973553657532
0.7432758212089539
0.8571262359619141
0.9589664340019226
1.052309274673462
0.7033776640892029
0.821378231048584
0.9300981163978577
1.0142412185668945
1.0833789110183716
0.7958441376686096
0.907733142375946
1.001334547996521
1.0645356178283691
1.1041401624679565
0.7840081453323364
0.8875325918197632
0.978420615196228
1.0479974746704102
1.1012822389602661
0.7213877439498901
0.8281365036964417
0.9278078675270081
1.0003694295883179
1.0622694492340088
0.802849292755127
0.9176916480064392
1.0045727491378784
1.0678553581237793
1.1183687448501587
0.6942565441131592
0.8099443912506104
0.9288488626480103
1.023929476737976
1.0905095338821411
0.7821816205978394
0.9273802638053894
1.0233969688415527
1.0790321826934814
1.1238930225372314
0.482170045375824
0.5869899988174438
0.7163634896278381
0.8905874490737915
1.0703731775283813
0.6478233933448792
0.8005111813545227
0.9636066555976868
1.0970503091812134
1.1934735774993896
0.6965202689170837
0.8487431406974792
1.018463134765625
1.1464375257492065
1.2064369916915894
0.6894116997718811
0.8835929036140442
1.0652135610580444
1.1807302236557007
1.222888708114624
0.44785478711128235
0.5539999008178711
0.6799893379211426
0.8429672122001648
1.0001344680786133
0.5212089419364929
0.6138523817062378
0.7543851137161255
0.9133827686309814
1.071334958076477
0.5811647772789001
0.7444539666175842
0.9191877245903015
1.068590760231018
1.1694310903549194
0.4890180230140686
0.5874633193016052
0.7275110483169556
0.8946239948272705
1.0329833030700684
0.629639208316803
0.7714141607284546
0.9400273561477661
1.076001524925232
1.166932225227356
0.6549550294876099
0.8229389786720276
0.9940599799156189
1.1253665685653687
1.199232816696167
0.5389685034751892
0.6537399888038635
0.7987464070320129
0.9597271084785461
1.1101524829864502
0.6598256826400757
0.8270858526229858
0.97956782579422
1.1050574779510498
1.1856589317321777
0.46696189045906067
0.5493344664573669
0.6625158190727234
0.7953484654426575
0.9476190209388733
0.5041499137878418
0.6157770752906799
0.7580709457397461
0.9264611005783081
1.0896844863891602
0.6420882344245911
0.7873597145080566
0.9555585980415344
1.1283437013626099
1.2062828540802002
0.6474781036376953
0.8029152154922485
0.9888526797294617
1.1131980419158936
1.1875252723693848
0.6003480553627014
0.7720336318016052
0.9365243911743164
1.0956960916519165
1.1861262321472168
0.5161046385765076
0.6276800036430359
0.7681699395179749
0.9342222809791565
1.1076478958129883
0.5461744666099548
0.6715128421783447
0.8324524164199829
1.0034040212631226
1.1337010860443115
0.5749862194061279
0.7098300457000732
0.8552590608596802
1.026098608970642
1.147831678390503
0.5496124625205994
0.639153242111206
0.7732375860214233
0.9446331858634949
1.097260594367981
0.554606020450592
0.667165219783783
0.8294174671173096
0.9951985478401184
1.1299101114273071
0.6587017774581909
0.8539445996284485
1.0212684869766235
1.134762167930603
1.196376919746399
0.5512899160385132
0.6825116276741028
0.8263362646102905
1.0034289360046387
1.134475827217102
0.41747987270355225
0.5064278244972229
0.5873547196388245
0.6982405185699463
0.8366119861602783
0.7069258093833923
0.8260953426361084
0.9599310159683228
1.0709106922149658
1.1529598236083984
0.8385101556777954
0.9573609828948975
1.0666794776916504
1.1511088609695435
1.2075426578521729
0.8824970126152039
1.0048309564590454
1.090943694114685
1.1556092500686646
1.2144818305969238
0.8803974986076355
1.0021854639053345
1.103880763053894
1.1635972261428833
1.227148175239563
0.6291148066520691
0.7631023526191711
0.8857766389846802
1.0187691450119019
1.137756586074829
0.7350927591323853
0.8448123931884766
0.9630217552185059
1.0621572732925415
1.1503421068191528
0.7677732110023499
0.8971577882766724
1.0191941261291504
1.1014189720153809
1.1858696937561035
0.6933263540267944
0.8203751444816589
0.9420425891876221
1.0535377264022827
1.1437653303146362
0.8706111907958984
0.9728946089744568
1.0718408823013306
1.1321161985397339
1.2065430879592896
0.8537338972091675
0.987643301486969
1.0822856426239014
1.1553030014038086
1.2236863374710083
0.7519050240516663
0.8728182315826416
0.9940792918205261
1.0918784141540527
1.1767008304595947
0.8609097003936768
0.9729158878326416
1.0689058303833008
1.1438758373260498
1.2226178646087646
0.6895403861999512
0.8047508597373962
0.9132390022277832
1.022512674331665
1.1185561418533325
0.7076824903488159
0.8345364928245544
0.9617030620574951
1.078626275062561
1.167377233505249
0.8435111045837402
0.9648174047470093
1.0783721208572388
1.1537730693817139
1.201200246810913
0.8731842041015625
0.9867845773696899
1.0764122009277344
1.1423286199569702
1.2264658212661743
0.8132184147834778
0.9447240233421326
1.0432666540145874
1.1230638027191162
1.1918225288391113
0.7223930954933167
0.8572717905044556
0.9823482036590576
1.1035515069961548
1.1943901777267456
0.7559866905212402
0.8756422996520996
0.9959952235221863
1.0995367765426636
1.1835705041885376
0.7369567155838013
0.8643246293067932
0.9683581590652466
1.0562233924865723
1.1322853565216064
0.7618430852890015
0.873947024345398
1.0038665533065796
1.0957238674163818
1.1657099723815918
0.7635295391082764
0.8880241513252258
1.0055747032165527
1.1065034866333008
1.1887524127960205
0.8569092750549316
0.9673027396202087
1.0610929727554321
1.131345272064209
1.195949912071228
0.7580580115318298
0.8919610381126404
1.011601209640503
1.1083608865737915
1.1866588592529297
0.6643699407577515
0.8136196732521057
0.7844638228416443
1.0489087104797363
1.101250410079956
0.67781662940979
0.7916244864463806
0.9365933537483215
1.0454837083816528
1.1627161502838135
0.7058432698249817
0.8371335864067078
0.9536074995994568
1.0465270280838013
1.2060140371322632
0.7135013341903687
0.813517153263092
0.9168616533279419
1.067417025566101
1.1220653057098389
0.7236689925193787
0.8365440964698792
0.9603930115699768
1.0376744270324707
1.2015799283981323
0.49339693784713745
0.6115840673446655
0.7472424507141113
0.9254941940307617
1.0383957624435425
0.681598961353302
0.7880845665931702
0.9500051736831665
1.0133168697357178
1.1069471836090088
0.6171960830688477
0.7380242943763733
0.8730685114860535
0.9860048294067383
1.1419576406478882
0.6277655959129333
0.7561988234519958
0.8685512542724609
1.014747142791748
1.0900931358337402
0.72907555103302
0.8603407144546509
0.9438071846961975
1.0590754747390747
1.130643606185913
0.6837095022201538
0.847168505191803
0.9484760761260986
1.0292482376098633
1.1042070388793945
0.6273316144943237
0.7531730532646179
0.9238719940185547
1.0503268241882324
1.140100121498108
0.7074872851371765
0.8123475313186646
0.9411517977714539
1.0825271606445312
1.1663612127304077
0.6679691672325134
0.7911905646324158
0.9418690204620361
1.05721914768219
1.135865330696106
0.5402515530586243
0.6605924367904663
0.7763208150863647
0.9713370203971863
1.0722718238830566
0.664167582988739
0.798038125038147
0.9362120628356934
1.047871470451355
1.1165807247161865
0.7681791186332703
0.8431306481361389
0.9688465595245361
1.0578283071517944
1.1529368162155151
0.7258180379867554
0.844308614730835
1.039018988609314
1.0902087688446045
1.1584436893463135
0.5993604063987732
0.7546648979187012
0.9300665855407715
1.0729795694351196
1.1507840156555176
0.6347312331199646
0.764201283454895
0.9117106199264526
1.0131295919418335
1.1438124179840088
0.7060967683792114
0.7883280515670776
0.9167792797088623
0.9811172485351562
1.0786209106445312
0.7217677235603333
0.8283326625823975
0.9396713376045227
1.0230892896652222
1.0816569328308105
0.6407696604728699
0.7763074040412903
0.8909945487976074
1.0103696584701538
1.1189086437225342
0.6825344562530518
0.7970191240310669
0.9297506213188171
1.0058205127716064
1.095563292503357
0.6343602538108826
0.7500157952308655
0.9576993584632874
1.1097732782363892
1.1643996238708496
0.6657212972640991
0.833511471748352
0.9236965179443359
1.0185490846633911
1.0578622817993164
0.5548225045204163
0.7244417071342468
0.8330296874046326
0.95513916015625
1.1667784452438354
0.5987676382064819
0.8457740545272827
1.1355600357055664
1.2326326370239258
1.245936393737793
0.583401620388031
0.811084508895874
1.1132712364196777
1.203079342842102
1.2342877388000488
0.7022174596786499
0.9759839773178101
1.1619417667388916
1.2078986167907715
1.2542072534561157
0.5016849637031555
0.6575822234153748
0.7548748850822449
0.8277645111083984
0.9366880655288696
0.5244820713996887
0.6973581314086914
0.845446765422821
0.9317402839660645
1.1845979690551758
0.6000162363052368
0.8059083819389343
0.9701133966445923
1.0440713167190552
1.1859748363494873
0.5119735598564148
0.6703651547431946
0.7812396883964539
0.847844660282135
0.9158545732498169
0.5794446468353271
0.7424980998039246
0.9004752039909363
1.0087323188781738
1.1496565341949463
0.6220134496688843
0.8406025171279907
1.032126545906067
1.1889528036117554
1.2382627725601196
0.5261653065681458
0.6835046410560608
0.7908021807670593
0.9421829581260681
1.1533704996109009
0.5552516579627991
0.7683939337730408
0.9530772566795349
1.120600700378418
1.2207841873168945
0.4865882098674774
0.640633761882782
0.7448316812515259
0.8113086819648743
0.93693608045578
0.49959343671798706
0.6679565906524658
0.8141502737998962
0.8963358998298645
1.1094529628753662
0.5910763740539551
0.7957531213760376
1.0044596195220947
1.1052969694137573
1.1883659362792969
0.6421256065368652
0.9629614353179932
1.1920725107192993
1.2353649139404297
1.2376545667648315
0.6528777480125427
0.8107736110687256
1.0266220569610596
1.1558140516281128
1.2373056411743164
0.5128627419471741
0.6710296869277954
0.77143394947052
0.9116905927658081
1.0696909427642822
0.498144268989563
0.6519823670387268
0.7501828074455261
0.823800802230835
0.9353355765342712
0.5645424723625183
0.7292981147766113
0.8860548138618469
0.9865260124206543
1.1496167182922363
0.5626649260520935
0.7310732007026672
0.8791993260383606
0.9630768895149231
1.1344960927963257
0.5034210681915283
0.6637188792228699
0.8390085101127625
0.9954649806022644
1.207971453666687
0.580186665058136
0.772674560546875
0.9342110753059387
1.060545563697815
1.172833800315857
0.570456862449646
0.7548375129699707
0.89847731590271
0.9865378737449646
1.204052209854126
0.34420233964920044
0.45904749631881714
0.5657082200050354
0.6407760381698608
0.6990267634391785
0.6893274784088135
0.8464361429214478
0.9923918843269348
1.123956322669983
1.2259998321533203
0.8325740098953247
1.0009902715682983
1.1550532579421997
1.2353862524032593
1.2554317712783813
0.8884826302528381
1.054160237312317
1.1779941320419312
1.2323483228683472
1.2585391998291016
0.9447683691978455
1.113739013671875
1.1989401578903198
1.2408833503723145
1.2611891031265259
0.5961025357246399
0.7278116941452026
0.87114417552948
1.0249441862106323
1.163255214691162
0.7030492424964905
0.8320006132125854
0.9907156825065613
1.1189560890197754
1.2343519926071167
0.7536125183105469
0.923589289188385
1.0841832160949707
1.1880626678466797
1.245969533920288
0.6593846082687378
0.7977402210235596
0.9316136240959167
1.0618367195129395
1.1612272262573242
0.7911133170127869
0.9436764121055603
1.0875458717346191
1.189896821975708
1.2410435676574707
0.8272514939308167
0.9857283234596252
1.1335052251815796
1.2237331867218018
1.2539891004562378
0.7033742666244507
0.8522277474403381
1.0051828622817993
1.1495673656463623
1.2394509315490723
0.8650699257850647
1.0095374584197998
1.15995454788208
1.2345616817474365
1.2527170181274414
0.6802414059638977
0.7857239246368408
0.9107957482337952
1.0232222080230713
1.1356170177459717
0.6389122009277344
0.7842888832092285
0.9506335854530334
1.0946874618530273
1.2203716039657593
0.8317372798919678
1.0249488353729248
1.1506526470184326
1.2258106470108032
1.2545289993286133
0.8585450053215027
1.0321193933486938
1.1654717922210693
1.2365092039108276
1.2378181219100952
0.8224503397941589
0.9454807639122009
1.1039913892745972
1.2126922607421875
1.2563464641571045
0.6543080806732178
0.8083658218383789
0.9732244610786438
1.1260528564453125
1.232914924621582
0.733437716960907
0.8923693299293518
1.0312288999557495
1.1562029123306274
1.2217564582824707
0.7283832430839539
0.8788799047470093
1.0429500341415405
1.1794815063476562
1.2334072589874268
0.6998271942138672
0.8341452479362488
0.9863495826721191
1.12580406665802
1.2286570072174072
0.731193482875824
0.8805539608001709
1.0453178882598877
1.1821117401123047
1.2532341480255127
0.8407681584358215
0.9698203206062317
1.102491855621338
1.2014652490615845
1.2534892559051514
0.7148667573928833
0.8840476870536804
1.0141187906265259
1.1630380153656006
1.2485610246658325
0.5469728708267212
0.6523239016532898
0.7998957633972168
0.9809105396270752
1.1168204545974731
