1.5994495153427124
1.6294926404953003
1.6539556980133057
1.6760585308074951
1.6960830688476562
1.5951751470565796
1.6267567873001099
1.6561740636825562
1.6777470111846924
1.7020879983901978
1.6534156799316406
1.6727044582366943
1.6877262592315674
1.6971091032028198
1.709743857383728
1.6244018077850342
1.6505674123764038
1.6755329370498657
1.6951959133148193
1.7126610279083252
1.5689785480499268
1.5969756841659546
1.6245653629302979
1.6496658325195312
1.6684319972991943
1.6033824682235718
1.625529408454895
1.6482230424880981
1.670839548110962
1.6897428035736084
1.6139709949493408
1.6401053667068481
1.667038917541504
1.6845731735229492
1.7041633129119873
1.5747679471969604
1.6061367988586426
1.629054069519043
1.6590675115585327
1.6775819063186646
1.626173496246338
1.6477115154266357
1.664197564125061
1.6773319244384766
1.6964802742004395
1.6278102397918701
1.6494758129119873
1.6714054346084595
1.6879918575286865
1.7041107416152954
1.6005797386169434
1.623379111289978
1.6492198705673218
1.6731089353561401
1.6903026103973389
1.6106113195419312
1.6396727561950684
1.664331078529358
1.6822797060012817
1.701431155204773
1.5833020210266113
1.6037733554840088
1.6341533660888672
1.6497782468795776
1.6762034893035889
1.5802221298217773
1.6080601215362549
1.6376758813858032
1.667805552482605
1.6948587894439697
1.6154508590698242
1.644270420074463
1.6599202156066895
1.6821208000183105
1.6958578824996948
1.6321882009506226
1.6618162393569946
1.6817705631256104
1.701359748840332
1.7103078365325928
1.635725975036621
1.6589268445968628
1.6798619031906128
1.6933236122131348
1.70941960811615
1.5985451936721802
1.6235178709030151
1.6468349695205688
1.6689051389694214
1.692739725112915
1.5986096858978271
1.6298829317092896
1.6581923961639404
1.6765271425247192
1.7022266387939453
1.6442755460739136
1.6683862209320068
1.6827446222305298
1.6942851543426514
1.7044931650161743
1.6204423904418945
1.6404461860656738
1.6589653491973877
1.6799167394638062
1.6949522495269775
1.6035946607589722
1.6293549537658691
1.6532716751098633
1.6720895767211914
1.6927838325500488
1.6260753870010376
1.651699423789978
1.6725826263427734
1.6901257038116455
1.7061820030212402
1.601427435874939
1.6299350261688232
1.657116174697876
1.6783699989318848
1.6981295347213745
1.6503527164459229
1.6655443906784058
1.68003249168396
1.6935193538665771
1.706565022468567
1.5589836835861206
1.5858819484710693
1.619330883026123
1.6458925008773804
1.6620534658432007
1.553698182106018
1.5788277387619019
1.6095794439315796
1.639979362487793
1.6658695936203003
1.6020410060882568
1.6299059391021729
1.6615201234817505
1.6757078170776367
1.6897428035736084
1.5727959871292114
1.6028741598129272
1.6341478824615479
1.654719352722168
1.680745244026184
1.5387996435165405
1.563915729522705
1.5920644998550415
1.6164960861206055
1.6433544158935547
1.5624828338623047
1.596483826637268
1.6184802055358887
1.6435050964355469
1.668845534324646
1.5655250549316406
1.5964387655258179
1.6230084896087646
1.6467008590698242
1.671903133392334
1.5356311798095703
1.5736517906188965
1.6041951179504395
1.6287322044372559
1.6485661268234253
1.5794016122817993
1.610528588294983
1.6330673694610596
1.6588599681854248
1.6721035242080688
1.585096001625061
1.6140190362930298
1.6427319049835205
1.656165599822998
1.679496169090271
1.5586479902267456
1.5872565507888794
1.6141843795776367
1.642796277999878
1.6575310230255127
1.5700558423995972
1.6033605337142944
1.6295732259750366
1.6540578603744507
1.6779595613479614
1.5486056804656982
1.5752257108688354
1.6051197052001953
1.6268880367279053
1.65097975730896
1.540804386138916
1.570034146308899
1.5964924097061157
1.6279593706130981
1.6548209190368652
1.5738714933395386
1.6031218767166138
1.624631643295288
1.6513102054595947
1.6681207418441772
1.590547800064087
1.609894871711731
1.635068655014038
1.6627262830734253
1.685094952583313
1.596597671508789
1.6242938041687012
1.6459771394729614
1.6718825101852417
1.6859924793243408
1.5639413595199585
1.5831304788589478
1.6096585988998413
1.6352490186691284
1.6598201990127563
1.5521340370178223
1.5784286260604858
1.6136441230773926
1.6412702798843384
1.6664855480194092
1.6009327173233032
1.6328517198562622
1.658884048461914
1.6792118549346924
1.6902344226837158
1.5721591711044312
1.601191520690918
1.6245383024215698
1.6500715017318726
1.6722416877746582
1.5604676008224487
1.582816481590271
1.611027717590332
1.6405855417251587
1.6620254516601562
1.5733155012130737
1.6097126007080078
1.6369034051895142
1.6571046113967896
1.6771363019943237
1.5639411211013794
1.5912970304489136
1.6225171089172363
1.6463754177093506
1.6659131050109863
1.6115646362304688
1.6365622282028198
1.6553130149841309
1.6675939559936523
1.68348228931427
1.6590522527694702
1.6759482622146606
1.6982990503311157
1.7119030952453613
1.7267366647720337
1.6614701747894287
1.6856939792633057
1.702986240386963
1.719640851020813
1.7282276153564453
1.6886759996414185
1.7016363143920898
1.7143832445144653
1.725113868713379
1.7313858270645142
1.6810007095336914
1.6988461017608643
1.7085680961608887
1.723562240600586
1.7342133522033691
1.6251699924468994
1.6481280326843262
1.6749730110168457
1.6963526010513306
1.7153490781784058
1.6502617597579956
1.6729421615600586
1.6939438581466675
1.7090446949005127
1.7233926057815552
1.6627622842788696
1.6859633922576904
1.7005726099014282
1.7153890132904053
1.7245266437530518
1.6395364999771118
1.659039855003357
1.6803282499313354
1.6971744298934937
1.7132749557495117
1.6698065996170044
1.6867510080337524
1.6991431713104248
1.7103793621063232
1.726864218711853
1.6752716302871704
1.688550591468811
1.7058007717132568
1.7208070755004883
1.7338106632232666
1.652066946029663
1.6738370656967163
1.6932752132415771
1.7109684944152832
1.723671317100525
1.6642721891403198
1.684853434562683
1.7032079696655273
1.7198864221572876
1.7309650182724
1.6313554048538208
1.651484727859497
1.6746699810028076
1.6947200298309326
1.710677981376648
1.6426036357879639
1.6748802661895752
1.6935354471206665
1.7116063833236694
1.7264145612716675
1.6637027263641357
1.6852737665176392
1.702643632888794
1.713657259941101
1.7209973335266113
1.6852225065231323
1.6940860748291016
1.7095494270324707
1.7197463512420654
1.7355444431304932
1.6830956935882568
1.696402907371521
1.7092525959014893
1.7188656330108643
1.7345000505447388
1.653732419013977
1.6718765497207642
1.7017182111740112
1.711875557899475
1.7283538579940796
1.6608272790908813
1.6798744201660156
1.6996252536773682
1.7136645317077637
1.7283332347869873
1.6863292455673218
1.6991097927093506
1.711238145828247
1.7194894552230835
1.7282880544662476
1.6647014617919922
1.6833590269088745
1.6962480545043945
1.7076371908187866
1.7233734130859375
1.6561912298202515
1.6760677099227905
1.6950078010559082
1.7081997394561768
1.725314736366272
1.6727181673049927
1.6896400451660156
1.707918405532837
1.7257750034332275
1.7350250482559204
1.6642869710922241
1.683970332145691
1.7008991241455078
1.7168687582015991
1.7326956987380981
1.6803557872772217
1.6931285858154297
1.7056872844696045
1.7147226333618164
1.7216429710388184
1.5045784711837769
1.533530354499817
1.5627349615097046
1.5885523557662964
1.6171952486038208
1.513306736946106
1.543627142906189
1.5733939409255981
1.6022586822509766
1.6348915100097656
1.5236819982528687
1.5568140745162964
1.586069941520691
1.619031310081482
1.6516215801239014
1.5269187688827515
1.5528826713562012
1.5782192945480347
1.6120792627334595
1.6498963832855225
1.4961224794387817
1.5226781368255615
1.5501872301101685
1.5770032405853271
1.6041523218154907
1.506259560585022
1.5310519933700562
1.5569700002670288
1.5853575468063354
1.611335039138794
1.5263628959655762
1.554926872253418
1.5822182893753052
1.6096264123916626
1.6349884271621704
1.4888100624084473
1.5130821466445923
1.5416990518569946
1.5697036981582642
1.5992484092712402
1.5095748901367188
1.5394850969314575
1.5689470767974854
1.598839282989502
1.6282951831817627
1.511155128479004
1.5348247289657593
1.562422513961792
1.5928274393081665
1.625842809677124
1.5074138641357422
1.5299227237701416
1.558677077293396
1.5876716375350952
1.6187738180160522
1.5301947593688965
1.5559566020965576
1.5826926231384277
1.6094821691513062
1.6386566162109375
1.5138187408447266
1.535403847694397
1.5594291687011719
1.5843907594680786
1.611906886100769
1.4980237483978271
1.5218762159347534
1.5483237504959106
1.5755568742752075
1.6045736074447632
1.5236790180206299
1.548296332359314
1.5743701457977295
1.6046620607376099
1.6353464126586914
1.538008689880371
1.562157392501831
1.5894931554794312
1.6164205074310303
1.6412575244903564
1.5266119241714478
1.551984190940857
1.5804252624511719
1.6097432374954224
1.638067603111267
1.5057024955749512
1.5307762622833252
1.5591602325439453
1.5885897874832153
1.617933988571167
1.500838041305542
1.5378111600875854
1.5695985555648804
1.5928387641906738
1.626665472984314
1.5137237310409546
1.545590877532959
1.5785768032073975
1.6123000383377075
1.6424084901809692
1.4955636262893677
1.5218180418014526
1.547806739807129
1.5775647163391113
1.6067060232162476
1.5251073837280273
1.5503567457199097
1.579192042350769
1.6064361333847046
1.6338953971862793
1.5005005598068237
1.530140995979309
1.5620577335357666
1.5937727689743042
1.6256078481674194
1.5178377628326416
1.5412566661834717
1.5661572217941284
1.592207670211792
1.6183054447174072
1.5373737812042236
1.5717155933380127
1.6023200750350952
1.629410982131958
1.6532392501831055
1.5463744401931763
1.5761041641235352
1.627750277519226
1.6723328828811646
1.7004915475845337
1.5476635694503784
1.577847957611084
1.627792239189148
1.6755880117416382
1.7104119062423706
1.614323377609253
1.6420260667800903
1.6742345094680786
1.6953741312026978
1.7167081832885742
1.5770246982574463
1.6071460247039795
1.6549662351608276
1.6937685012817383
1.7227942943572998
1.530951738357544
1.5586928129196167
1.6051173210144043
1.6473462581634521
1.683453917503357
1.562647819519043
1.5900452136993408
1.6307837963104248
1.667521595954895
1.7023463249206543
1.5670158863067627
1.5986777544021606
1.6467176675796509
1.6840581893920898
1.7117745876312256
1.5364253520965576
1.5635590553283691
1.609023094177246
1.6553845405578613
1.6922892332077026
1.583463191986084
1.610188603401184
1.6474428176879883
1.677026629447937
1.704370379447937
1.5882445573806763
1.6169532537460327
1.655890703201294
1.6870319843292236
1.7137701511383057
1.5650458335876465
1.5909156799316406
1.6314018964767456
1.6682480573654175
1.7028794288635254
1.572569727897644
1.6009624004364014
1.6456456184387207
1.6848026514053345
1.7148255109786987
1.536950707435608
1.5624361038208008
1.6060222387313843
1.651755928993225
1.6885710954666138
1.5444315671920776
1.5701186656951904
1.6143336296081543
1.6631779670715332
1.7035666704177856
1.579742193222046
1.606262445449829
1.647085428237915
1.6793168783187866
1.708961009979248
1.5824159383773804
1.6137150526046753
1.6597384214401245
1.6969712972640991
1.7169950008392334
1.5949535369873047
1.622004747390747
1.6617317199707031
1.691910982131958
1.7199434041976929
1.5576571226119995
1.5854521989822388
1.630165934562683
1.6697778701782227
1.7063719034194946
1.553248643875122
1.5852829217910767
1.6354843378067017
1.6794017553329468
1.7133485078811646
1.6218446493148804
1.6488572359085083
1.6781386137008667
1.6932170391082764
1.7111473083496094
1.5756531953811646
1.604746699333191
1.6445106267929077
1.6776424646377563
1.7065657377243042
1.5625436305999756
1.589124083518982
1.6324325799942017
1.6730079650878906
1.7050596475601196
1.584902048110962
1.6130791902542114
1.6541476249694824
1.6846752166748047
1.714121699333191
1.5539052486419678
1.5842921733856201
1.6347440481185913
1.6756062507629395
1.7101168632507324
1.6228116750717163
1.6431045532226562
1.6711485385894775
1.6950263977050781
1.7104884386062622
1.5924630165100098
1.637444019317627
1.6548525094985962
1.6808202266693115
1.6942623853683472
1.6014772653579712
1.6397593021392822
1.6679953336715698
1.6896508932113647
1.7077083587646484
1.6449105739593506
1.6697962284088135
1.6876250505447388
1.6980726718902588
1.7092339992523193
1.6136250495910645
1.645194172859192
1.6722559928894043
1.6952511072158813
1.7122620344161987
1.5764051675796509
1.614262342453003
1.6409807205200195
1.6616731882095337
1.681872844696045
1.6122597455978394
1.6491475105285645
1.6703084707260132
1.6806542873382568
1.7011241912841797
1.6085342168807983
1.6371266841888428
1.6640098094940186
1.6832727193832397
1.6995474100112915
1.5831317901611328
1.625321388244629
1.6471542119979858
1.6757793426513672
1.6926933526992798
1.620118498802185
1.6460387706756592
1.6617242097854614
1.6815826892852783
1.697247862815857
1.6166434288024902
1.648690938949585
1.6726430654525757
1.689335823059082
1.707800030708313
1.6062361001968384
1.6296443939208984
1.650354266166687
1.6754788160324097
1.699987769126892
1.6169416904449463
1.6511104106903076
1.6740614175796509
1.6920220851898193
1.71274995803833
1.5852108001708984
1.6113678216934204
1.6366848945617676
1.6614750623703003
1.683712124824524
1.585212230682373
1.6180132627487183
1.6468619108200073
1.6792007684707642
1.6972882747650146
1.626001000404358
1.658135175704956
1.6811714172363281
1.6969139575958252
1.7114355564117432
1.6168235540390015
1.6475456953048706
1.6755409240722656
1.699977993965149
1.7133235931396484
1.6455506086349487
1.6719704866409302
1.6908568143844604
1.7047524452209473
1.7173391580581665
1.6044563055038452
1.6494052410125732
1.66804838180542
1.6848069429397583
1.7078765630722046
1.5938748121261597
1.6270071268081665
1.65326988697052
1.6723506450653076
1.698432445526123
1.6802102327346802
1.6966665983200073
1.7062187194824219
1.7159641981124878
1.723643183708191
1.6034420728683472
1.6361863613128662
1.6535509824752808
1.6748380661010742
1.69334876537323
1.6026843786239624
1.6363296508789062
1.6631369590759277
1.6817944049835205
1.697827696800232
1.6197113990783691
1.6486597061157227
1.6726529598236084
1.6884983777999878
1.7064019441604614
1.5930300951004028
1.6281472444534302
1.6610987186431885
1.6785192489624023
1.6992883682250977
1.6477813720703125
1.6704599857330322
1.6869196891784668
1.6995381116867065
1.7112482786178589
1.5969287157058716
1.638569951057434
1.6495046615600586
1.6757876873016357
1.7002654075622559
1.6198927164077759
1.6410380601882935
1.6819475889205933
1.6773128509521484
1.701625108718872
1.6531546115875244
1.6797449588775635
1.6965017318725586
1.7037843465805054
1.712226390838623
1.6452339887619019
1.6699703931808472
1.6898390054702759
1.7084908485412598
1.7170789241790771
1.5856717824935913
1.6199243068695068
1.653624415397644
1.6830648183822632
1.6883503198623657
1.6144675016403198
1.6359508037567139
1.653226375579834
1.6769330501556396
1.6980228424072266
1.6258348226547241
1.655686378479004
1.6761053800582886
1.6946725845336914
1.7031906843185425
1.5904507637023926
1.626585602760315
1.6488759517669678
1.6690466403961182
1.6852247714996338
1.6344366073608398
1.6622521877288818
1.6832112073898315
1.7001866102218628
1.711759090423584
1.645477294921875
1.6698789596557617
1.6928046941757202
1.7153830528259277
1.7279069423675537
1.61906099319458
1.6504229307174683
1.668428897857666
1.6928974390029907
1.7000881433486938
1.640389323234558
1.660798192024231
1.681054711341858
1.692919135093689
1.7142269611358643
1.5859757661819458
1.6202867031097412
1.6455031633377075
1.6748595237731934
1.703645944595337
1.5925910472869873
1.6222132444381714
1.6627304553985596
1.688364028930664
1.7049347162246704
1.6392931938171387
1.6699824333190918
1.6799015998840332
1.6977449655532837
1.717246651649475
1.6448670625686646
1.671186089515686
1.6991816759109497
1.717259407043457
1.7320961952209473
1.6513875722885132
1.6856738328933716
1.7054049968719482
1.718469262123108
1.7440383434295654
1.6222965717315674
1.645674228668213
1.679504156112671
1.709062099456787
1.7196818590164185
1.615024209022522
1.64547860622406
1.6632609367370605
1.693493127822876
1.7140920162200928
1.6184808015823364
1.6461434364318848
1.6621047258377075
1.6823489665985107
1.6909966468811035
1.6176620721817017
1.6514198780059814
1.674008846282959
1.6889513731002808
1.7184370756149292
1.6164690256118774
1.6414214372634888
1.6741002798080444
1.6880017518997192
1.714759111404419
1.6440789699554443
1.6758663654327393
1.6912134885787964
1.7089635133743286
1.7229729890823364
1.6231199502944946
1.6557365655899048
1.67824125289917
1.693833827972412
1.7128299474716187
1.6542587280273438
1.6708698272705078
1.6800333261489868
1.6884444952011108
1.7007302045822144
1.584194540977478
1.6270390748977661
1.6693663597106934
1.6981263160705566
1.7184371948242188
1.5669175386428833
1.6083605289459229
1.6446436643600464
1.6810717582702637
1.7093976736068726
1.570491075515747
1.6130218505859375
1.654085397720337
1.6851352453231812
1.7108656167984009
1.5641592741012573
1.6048671007156372
1.642217993736267
1.6815136671066284
1.7121119499206543
1.5895965099334717
1.627332329750061
1.6629291772842407
1.6962072849273682
1.7158935070037842
1.582648515701294
1.6200125217437744
1.661334753036499
1.6947970390319824
1.7191327810287476
1.587164282798767
1.627885341644287
1.6665279865264893
1.6966499090194702
1.723046064376831
1.5867120027542114
1.6268190145492554
1.662082552909851
1.6954106092453003
1.7124769687652588
1.566205620765686
1.6104243993759155
1.6488595008850098
1.6782134771347046
1.7076492309570312
1.5681281089782715
1.607377052307129
1.649890661239624
1.6860229969024658
1.7187607288360596
1.5808696746826172
1.621457815170288
1.6597795486450195
1.6935451030731201
1.7205740213394165
1.5836100578308105
1.626333475112915
1.6651819944381714
1.6908502578735352
1.7163779735565186
1.5984938144683838
1.637966275215149
1.6784727573394775
1.7072639465332031
1.725764274597168
1.5750123262405396
1.6196061372756958
1.6610301733016968
1.6873425245285034
1.717987298965454
1.5816895961761475
1.6206369400024414
1.653576135635376
1.6822717189788818
1.7061212062835693
1.5818876028060913
1.625825047492981
1.6652458906173706
1.7008224725723267
1.7225176095962524
1.5709391832351685
1.6098984479904175
1.6489224433898926
1.6858303546905518
1.7156472206115723
1.590054988861084
1.6300764083862305
1.6672064065933228
1.6984790563583374
1.7259140014648438
1.5850356817245483
1.6274908781051636
1.6713958978652954
1.7037427425384521
1.7250422239303589
1.5700898170471191
1.6085329055786133
1.6480286121368408
1.672090768814087
1.7003765106201172
1.5727877616882324
1.6115634441375732
1.6554540395736694
1.6942366361618042
1.719834804534912
1.5812393426895142
1.6224111318588257
1.6634411811828613
1.6956206560134888
1.7202417850494385
1.562139630317688
1.6019008159637451
1.6425321102142334
1.6781140565872192
1.7088373899459839
1.5870882272720337
1.6289154291152954
1.6686933040618896
1.7044687271118164
1.7240166664123535
1.6026021242141724
1.6393945217132568
1.674041748046875
1.7019659280776978
1.7168571949005127
1.629380226135254
1.6546603441238403
1.6920808553695679
1.7157206535339355
1.728506088256836
1.636782169342041
1.6542662382125854
1.6719473600387573
1.6944336891174316
1.7196877002716064
1.614560842514038
1.6347095966339111
1.6593735218048096
1.6833733320236206
1.7175571918487549
1.6398426294326782
1.6523865461349487
1.6745179891586304
1.7001253366470337
1.7262719869613647
1.5934067964553833
1.6213535070419312
1.6548737287521362
1.6923269033432007
1.7300621271133423
1.61686372756958
1.6427788734436035
1.6778924465179443
1.7129936218261719
1.738643765449524
1.6082868576049805
1.62977135181427
1.661232590675354
1.6901600360870361
1.7183918952941895
1.615155816078186
1.638586163520813
1.6639397144317627
1.6897698640823364
1.7163397073745728
1.6375306844711304
1.6510876417160034
1.671140193939209
1.6901768445968628
1.7158758640289307
1.629513144493103
1.6501455307006836
1.6733208894729614
1.7016197443008423
1.7338650226593018
1.630906343460083
1.6542129516601562
1.6801927089691162
1.7069694995880127
1.731777310371399
1.6475486755371094
1.6613391637802124
1.6826115846633911
1.7026004791259766
1.725932002067566
1.6135987043380737
1.6462597846984863
1.6832393407821655
1.7143291234970093
1.7353137731552124
1.6155121326446533
1.6421679258346558
1.6753002405166626
1.7031079530715942
1.7275053262710571
1.6213496923446655
1.642797827720642
1.66977059841156
1.6947011947631836
1.7198045253753662
1.6374034881591797
1.6594876050949097
1.6771345138549805
1.711448311805725
1.738292932510376
1.6392050981521606
1.6591743230819702
1.6840932369232178
1.7014076709747314
1.7309315204620361
1.627458095550537
1.654760479927063
1.684700846672058
1.7174010276794434
1.7375423908233643
1.6269270181655884
1.6483606100082397
1.6740556955337524
1.703112006187439
1.7250587940216064
1.6128438711166382
1.6342378854751587
1.6555665731430054
1.6791282892227173
1.7152715921401978
1.617905616760254
1.6365934610366821
1.6681573390960693
1.7054423093795776
1.7306838035583496
1.6284607648849487
1.6541996002197266
1.6791785955429077
1.706154704093933
1.7265818119049072
1.6086533069610596
1.6294351816177368
1.65885591506958
1.6870180368423462
1.713240623474121
1.615539312362671
1.6433525085449219
1.6770083904266357
1.7091326713562012
1.7343217134475708
1.5703120231628418
1.6057240962982178
1.6424371004104614
1.6752575635910034
1.7117420434951782
1.5559518337249756
1.5856317281723022
1.6371734142303467
1.6843417882919312
1.7304935455322266
1.5662428140640259
1.5981956720352173
1.6529748439788818
1.7107133865356445
1.7328163385391235
1.5587817430496216
1.5931655168533325
1.644099473953247
1.7024465799331665
1.7309366464614868
1.5653622150421143
1.5984572172164917
1.652130126953125
1.7108453512191772
1.7360436916351318
1.5571494102478027
1.5837373733520508
1.6382863521575928
1.690811276435852
1.7211635112762451
1.5559229850769043
1.5880886316299438
1.636650800704956
1.6987935304641724
1.7329988479614258
1.5595955848693848
1.593178391456604
1.6415001153945923
1.6907328367233276
1.718384027481079
1.5535773038864136
1.591800570487976
1.638108491897583
1.6834145784378052
1.7141685485839844
1.5539690256118774
1.6025842428207397
1.64902925491333
1.6960124969482422
1.7275869846343994
1.5666896104812622
1.5963534116744995
1.6420701742172241
1.7026524543762207
1.73622727394104
1.5614070892333984
1.5926892757415771
1.6374399662017822
1.6968090534210205
1.7380077838897705
1.5628479719161987
1.5917643308639526
1.6457804441452026
1.71610426902771
1.7395110130310059
1.5706509351730347
1.6023311614990234
1.6432336568832397
1.6959362030029297
1.7296620607376099
1.5572683811187744
1.5925757884979248
1.6370519399642944
1.6896069049835205
1.7328104972839355
1.556797742843628
1.589519739151001
1.6470155715942383
1.7023696899414062
1.7310981750488281
1.574406623840332
1.5942875146865845
1.6640067100524902
1.7165218591690063
1.7448186874389648
1.5764046907424927
1.5995738506317139
1.6457871198654175
1.708556056022644
1.7437502145767212
1.5730500221252441
1.603430151939392
1.64947509765625
1.7069363594055176
1.7423641681671143
1.5579286813735962
1.591267704963684
1.645208716392517
1.7056533098220825
1.7331130504608154
1.552448034286499
1.5860728025436401
1.6293532848358154
1.6768437623977661
1.7100683450698853
1.5587636232376099
1.6025097370147705
1.6531656980514526
1.7004956007003784
1.7259737253189087
1.5728658437728882
1.5988049507141113
1.645674228668213
1.7059775590896606
1.7350863218307495
1.5439456701278687
1.5827199220657349
1.6314773559570312
1.7054765224456787
1.7303882837295532
1.5657532215118408
1.6015000343322754
1.6475789546966553
1.7014365196228027
1.7445752620697021
1.5840210914611816
1.594275951385498
1.6539337635040283
1.6834756135940552
1.7035225629806519
1.565443754196167
1.599583625793457
1.6265596151351929
1.6884838342666626
1.7324978113174438
1.6097570657730103
1.6724387407302856
1.7064430713653564
1.73036527633667
1.7466922998428345
1.6271522045135498
1.6785353422164917
1.711595058441162
1.7304375171661377
1.7460594177246094
1.6621756553649902
1.6980162858963013
1.7173317670822144
1.731799602508545
1.7456042766571045
1.5473490953445435
1.596205472946167
1.6219837665557861
1.6647868156433105
1.7029575109481812
1.5710604190826416
1.6038116216659546
1.6344043016433716
1.7010365724563599
1.7417757511138916
1.6172921657562256
1.6544711589813232
1.694602608680725
1.720670223236084
1.7409144639968872
1.5635303258895874
1.6032582521438599
1.632225513458252
1.6579982042312622
1.7083297967910767
1.6353307962417603
1.6488978862762451
1.6859432458877563
1.7137243747711182
1.7407610416412354
1.6152645349502563
1.6642301082611084
1.6973901987075806
1.72797691822052
1.7458741664886475
1.5827924013137817
1.6151642799377441
1.650984525680542
1.7097749710083008
1.7464394569396973
1.6197508573532104
1.671614170074463
1.7178936004638672
1.7339508533477783
1.7445298433303833
1.5447808504104614
1.5823982954025269
1.6181058883666992
1.6517953872680664
1.7193405628204346
1.565599799156189
1.602696180343628
1.6442760229110718
1.6892132759094238
1.7214436531066895
1.613168716430664
1.6723765134811401
1.6998337507247925
1.7242978811264038
1.7357937097549438
1.624667763710022
1.6759663820266724
1.7256779670715332
1.745849609375
1.7523592710494995
1.6198440790176392
1.6567718982696533
1.6990083456039429
1.7251530885696411
1.7464128732681274
1.5822257995605469
1.618246078491211
1.6607519388198853
1.7053496837615967
1.7458164691925049
1.5998046398162842
1.6340668201446533
1.6673790216445923
1.7053054571151733
1.7347548007965088
1.6090278625488281
1.6383419036865234
1.6800727844238281
1.7047315835952759
1.730789065361023
1.6085562705993652
1.629071593284607
1.657699704170227
1.7008122205734253
1.732560634613037
1.5961716175079346
1.628815770149231
1.6763712167739868
1.7217897176742554
1.7424722909927368
1.618524193763733
1.6667678356170654
1.7020649909973145
1.7190263271331787
1.7373542785644531
1.5959781408309937
1.6311964988708496
1.6731582880020142
1.7255357503890991
1.7459449768066406
1.5593873262405396
1.587042212486267
1.6076451539993286
1.6261513233184814
1.6610863208770752
1.5802679061889648
1.5760836601257324
1.6583119630813599
1.6439024209976196
1.671461820602417
1.6358089447021484
1.6293600797653198
1.6974512338638306
1.7113101482391357
1.7229012250900269
1.612528920173645
1.6498277187347412
1.7131255865097046
1.690305471420288
1.7151662111282349
1.612735390663147
1.649573802947998
1.6756736040115356
1.704132318496704
1.7198666334152222
1.5722712278366089
1.5817540884017944
1.6113759279251099
1.68114173412323
1.6705917119979858
1.5622755289077759
1.5927067995071411
1.6199721097946167
1.6403486728668213
1.662348985671997
1.6140975952148438
1.625287652015686
1.6562339067459106
1.6847504377365112
1.713112473487854
1.529091238975525
1.5641440153121948
1.5917022228240967
1.653680443763733
1.679431438446045
1.5411431789398193
1.5669585466384888
1.638989806175232
1.682701826095581
1.6942062377929688
1.6271467208862305
1.6126900911331177
1.6422687768936157
1.6810139417648315
1.7100450992584229
1.5718010663986206
1.5683637857437134
1.6233958005905151
1.6742337942123413
1.7180992364883423
1.6071758270263672
1.6363111734390259
1.6566622257232666
1.7082068920135498
1.6902002096176147
1.534546971321106
1.5719890594482422
1.6431488990783691
1.6022511720657349
1.6351537704467773
1.549135684967041
1.6161227226257324
1.6524269580841064
1.638474464416504
1.6750301122665405
1.6039623022079468
1.61865234375
1.6698931455612183
1.7003390789031982
1.7134876251220703
1.6031303405761719
1.612579107284546
1.6323962211608887
1.709712266921997
1.7266740798950195
1.5888950824737549
1.6210190057754517
1.6332889795303345
1.684072732925415
1.7186501026153564
1.6037861108779907
1.658991813659668
1.646375060081482
1.6552438735961914
1.7181251049041748
1.552065134048462
1.580021619796753
1.6302951574325562
1.6624188423156738
1.6523255109786987
1.5953112840652466
1.6311931610107422
1.6367590427398682
1.6737713813781738
1.7012771368026733
1.5942622423171997
1.6340011358261108
1.5850995779037476
1.6199445724487305
1.7126095294952393
1.6158654689788818
1.6082462072372437
1.6173715591430664
1.6533607244491577
1.6992369890213013
1.614906668663025
1.6296076774597168
1.6466718912124634
1.690068244934082
1.7122799158096313
1.6295934915542603
1.576890468597412
1.6119052171707153
1.6622314453125
1.7139918804168701
1.586572289466858
1.5905654430389404
1.6358351707458496
1.6361594200134277
1.6510391235351562
1.5771561861038208
1.648047685623169
1.6999666690826416
1.6993932723999023
1.6873420476913452
1.658595323562622
1.6824959516525269
1.7124158143997192
1.717254638671875
1.7159874439239502
1.6393330097198486
1.7157561779022217
1.700792670249939
1.7380205392837524
1.7429367303848267
1.6823761463165283
1.7107133865356445
1.7259960174560547
1.7228013277053833
1.7443673610687256
1.6145076751708984
1.6025749444961548
1.6502249240875244
1.6971948146820068
1.7138988971710205
1.6441582441329956
1.5983107089996338
1.6670572757720947
1.699518084526062
1.7107045650482178
1.6505796909332275
1.6898281574249268
1.7119152545928955
1.7225151062011719
1.728094458580017
1.5958216190338135
1.6494193077087402
1.6267169713974
1.6779154539108276
1.7144017219543457
1.6781930923461914
1.7066413164138794
1.6974918842315674
1.7268496751785278
1.7292728424072266
1.6176739931106567
1.706938624382019
1.703205943107605
1.7402719259262085
1.7321916818618774
1.6892273426055908
1.6460936069488525
1.7130470275878906
1.725058674812317
1.7305347919464111
1.6225334405899048
1.6610146760940552
1.6993988752365112
1.7246679067611694
1.6868635416030884
1.5615501403808594
1.5823808908462524
1.661745548248291
1.6641494035720825
1.7113505601882935
1.6602365970611572
1.6314691305160522
1.6890982389450073
1.7073925733566284
1.7220686674118042
1.6346429586410522
1.6813185214996338
1.7080490589141846
1.7242460250854492
1.7366995811462402
1.6806787252426147
1.721523404121399
1.7111122608184814
1.7380309104919434
1.7369866371154785
1.6643767356872559
1.667175531387329
1.7216618061065674
1.7371019124984741
1.733515977859497
1.6835092306137085
1.66233491897583
1.685109257698059
1.7026329040527344
1.7268755435943604
1.6152317523956299
1.6590055227279663
1.685935378074646
1.7013092041015625
1.7366971969604492
1.6600868701934814
1.7136225700378418
1.6543434858322144
1.717286229133606
1.7475241422653198
1.6297755241394043
1.6722445487976074
1.6992219686508179
1.728029727935791
1.7181422710418701
1.6108125448226929
1.6679514646530151
1.6921346187591553
1.712062954902649
1.7277166843414307
1.636562466621399
1.6735451221466064
1.7104195356369019
1.7342365980148315
1.7230833768844604
1.6510003805160522
1.7121106386184692
1.7196143865585327
1.7289056777954102
1.7206499576568604
1.6656562089920044
1.605214238166809
1.6855965852737427
1.6648380756378174
1.6927448511123657
1.590752363204956
1.5992401838302612
1.6457635164260864
1.6593399047851562
1.6784547567367554
1.6138814687728882
1.5826956033706665
1.6263865232467651
1.6423871517181396
1.665941596031189
1.6185564994812012
1.591957688331604
1.621543526649475
1.6390094757080078
1.6613917350769043
1.6300411224365234
1.575026035308838
1.614924430847168
1.6280211210250854
1.660650372505188
1.5812580585479736
1.6108741760253906
1.6404412984848022
1.6622313261032104
1.678198218345642
1.584253191947937
1.5889842510223389
1.6349595785140991
1.656001329421997
1.6668442487716675
1.6024240255355835
1.5973095893859863
1.6395890712738037
1.6604117155075073
1.680416464805603
1.5731399059295654
1.6001842021942139
1.6414308547973633
1.6677799224853516
1.6795834302902222
1.6004347801208496
1.5863641500473022
1.6298264265060425
1.646772027015686
1.6681652069091797
1.6139596700668335
1.607788324356079
1.6398205757141113
1.6597176790237427
1.6770001649856567
1.5927114486694336
1.6072547435760498
1.636523723602295
1.666521430015564
1.67935311794281
1.6187914609909058
1.5926470756530762
1.6355022192001343
1.6464818716049194
1.6669414043426514
1.5735679864883423
1.6118314266204834
1.6474651098251343
1.6668227910995483
1.6880505084991455
1.579566240310669
1.5992941856384277
1.6383068561553955
1.6595919132232666
1.6762193441390991
1.6142138242721558
1.5860401391983032
1.6211639642715454
1.6462939977645874
1.6678346395492554
1.617976427078247
1.5913515090942383
1.6215265989303589
1.6555818319320679
1.6709651947021484
1.6170282363891602
1.5972557067871094
1.642250418663025
1.6640174388885498
1.6763639450073242
1.5963058471679688
1.6067003011703491
1.6479257345199585
1.6682592630386353
1.680619478225708
1.5821051597595215
1.5966029167175293
1.6275619268417358
1.6449785232543945
1.665634036064148
1.5792697668075562
1.6031687259674072
1.6398899555206299
1.6637496948242188
1.6752734184265137
1.5785388946533203
1.5942957401275635
1.6340858936309814
1.6611164808273315
1.6829396486282349
1.6043379306793213
1.5938578844070435
1.6399075984954834
1.6644114255905151
1.6829516887664795
1.584699273109436
1.5760048627853394
1.6080036163330078
1.629257321357727
1.6575273275375366
1.6034908294677734
1.6012322902679443
1.6436299085617065
1.6596455574035645
1.6763389110565186
1.543104887008667
1.608187198638916
1.6231285333633423
1.6505043506622314
1.6596614122390747
1.6659259796142578
1.6580733060836792
1.656362533569336
1.6490557193756104
1.636549949645996
1.671420931816101
1.6744898557662964
1.6720582246780396
1.6718952655792236
1.6614899635314941
1.682302713394165
1.6839549541473389
1.676605463027954
1.6767154932022095
1.6460520029067993
1.673761010169983
1.675640344619751
1.6768927574157715
1.66696035861969
1.6650173664093018
1.6688743829727173
1.6703417301177979
1.6652553081512451
1.659952998161316
1.6435836553573608
1.6751079559326172
1.6722803115844727
1.659648060798645
1.645371675491333
1.6310913562774658
1.6697114706039429
1.6756263971328735
1.66871178150177
1.6651633977890015
1.645496129989624
1.667933464050293
1.6647831201553345
1.6621253490447998
1.6558282375335693
1.6467841863632202
1.6698381900787354
1.669227957725525
1.6634974479675293
1.657067060470581
1.6058547496795654
1.6715933084487915
1.665722131729126
1.6598563194274902
1.6551284790039062
1.6448239088058472
1.6728358268737793
1.6768709421157837
1.6752591133117676
1.6737253665924072
1.6596137285232544
1.6853833198547363
1.6858742237091064
1.6758484840393066
1.6655606031417847
1.6706860065460205
1.6796011924743652
1.697019100189209
1.7031530141830444
1.705127477645874
1.71321702003479
1.660139799118042
1.6611567735671997
1.663063883781433
1.65720796585083
1.6410890817642212
1.6700814962387085
1.6776078939437866
1.6749775409698486
1.6646653413772583
1.6373897790908813
1.684853434562683
1.6967904567718506
1.6979031562805176
1.6969482898712158
1.6939738988876343
1.6810764074325562
1.6789034605026245
1.6745740175247192
1.6670982837677002
1.6599769592285156
1.6761343479156494
1.6768497228622437
1.6746149063110352
1.6602537631988525
1.6324880123138428
1.6749770641326904
1.6732892990112305
1.6633046865463257
1.651671051979065
1.659329891204834
1.6832735538482666
1.67957603931427
1.6694096326828003
1.6578766107559204
1.6491189002990723
1.672140121459961
1.6679508686065674
1.6650958061218262
1.643370270729065
1.6563258171081543
1.6846083402633667
1.6812598705291748
1.6770774126052856
1.6669812202453613
1.6425546407699585
1.6733161211013794
1.655667781829834
1.6539374589920044
1.6400970220565796
1.62701416015625
1.6590018272399902
1.6569336652755737
1.6546635627746582
1.6528534889221191
1.6550954580307007
1.66340172290802
1.6558133363723755
1.6469155550003052
1.6450692415237427
1.6255409717559814
1.4317184686660767
1.4731677770614624
1.5675392150878906
1.5856026411056519
1.6466195583343506
1.4853821992874146
1.5317583084106445
1.6105953454971313
1.6288856267929077
1.6727925539016724
1.4651840925216675
1.5319442749023438
1.58741295337677
1.6243726015090942
1.6604819297790527
1.443862795829773
1.497431755065918
1.5868033170700073
1.6031149625778198
1.6678261756896973
1.45785391330719
1.515184998512268
1.6042884588241577
1.6129614114761353
1.676553726196289
1.4155992269515991
1.539692997932434
1.5533368587493896
1.631119728088379
1.6298158168792725
1.439965844154358
1.498720407485962
1.5750459432601929
1.6051751375198364
1.6469513177871704
1.416804313659668
1.537481665611267
1.5551087856292725
1.630694031715393
1.639707088470459
1.4251034259796143
1.4784215688705444
1.5523958206176758
1.5875933170318604
1.6282107830047607
1.411285638809204
1.5159889459609985
1.5449374914169312
1.6124712228775024
1.635270595550537
1.4620994329452515
1.5096607208251953
1.6245994567871094
1.6097732782363892
1.6852827072143555
1.413280725479126
1.5402240753173828
1.5431843996047974
1.6253012418746948
1.6177706718444824
1.4404643774032593
1.5401909351348877
1.5712779760360718
1.6263700723648071
1.6479039192199707
1.4375096559524536
1.4957513809204102
1.5722041130065918
1.6042808294296265
1.652838945388794
1.4819062948226929
1.542894721031189
1.628879189491272
1.6207454204559326
1.6982718706130981
1.4141392707824707
1.5117770433425903
1.5510565042495728
1.615443229675293
1.6328883171081543
1.4749021530151367
1.528255581855774
1.6753252744674683
1.6211597919464111
1.7057478427886963
1.4591059684753418
1.522590160369873
1.6042393445968628
1.619682788848877
1.6867984533309937
1.4246026277542114
1.5038793087005615
1.5596851110458374
1.6092758178710938
1.6382426023483276
1.4440381526947021
1.5844576358795166
1.5727767944335938
1.635146975517273
1.6480799913406372
1.4164917469024658
1.5218427181243896
1.5528227090835571
1.6176326274871826
1.638726830482483
1.4322563409805298
1.5349076986312866
1.5626064538955688
1.6293245553970337
1.636726975440979
1.4479923248291016
1.5305613279342651
1.569105863571167
1.6222542524337769
1.6377068758010864
1.4256505966186523
1.5134731531143188
1.5619243383407593
1.6114012002944946
1.6347650289535522
1.5024476051330566
1.5240617990493774
1.5930242538452148
1.6144667863845825
1.6448291540145874
1.5509610176086426
1.5839834213256836
1.6198447942733765
1.6257253885269165
1.6756172180175781
1.5678619146347046
1.6189545392990112
1.629478931427002
1.6830744743347168
1.6832339763641357
1.5618423223495483
1.6112873554229736
1.623744249343872
1.6524205207824707
1.6776938438415527
1.5731689929962158
1.6072676181793213
1.6380165815353394
1.6527889966964722
1.6922638416290283
1.5601177215576172
1.6064205169677734
1.62544846534729
1.6476675271987915
1.68342924118042
1.5477986335754395
1.602578043937683
1.6164649724960327
1.6439383029937744
1.6715469360351562
1.5701420307159424
1.6017744541168213
1.6280276775360107
1.6435694694519043
1.675711750984192
1.552742600440979
1.606796383857727
1.6172219514846802
1.6555067300796509
1.674394965171814
1.5696882009506226
1.5961514711380005
1.6337182521820068
1.6363457441329956
1.6826761960983276
1.575002670288086
1.6071436405181885
1.6370418071746826
1.6506041288375854
1.6913310289382935
1.5525236129760742
1.5893751382827759
1.6190001964569092
1.6470969915390015
1.6785227060317993
1.5659666061401367
1.6022114753723145
1.633254885673523
1.6400587558746338
1.6886183023452759
1.5616436004638672
1.6081794500350952
1.62360680103302
1.6469550132751465
1.6747688055038452
1.5508184432983398
1.593332052230835
1.6157032251358032
1.637284755706787
1.6690058708190918
1.5743615627288818
1.6204462051391602
1.6388556957244873
1.6604692935943604
1.691144585609436
1.5578436851501465
1.604909896850586
1.626725673675537
1.6503294706344604
1.6869450807571411
1.5621708631515503
1.6084307432174683
1.6277790069580078
1.6846414804458618
1.6828453540802002
1.5709093809127808
1.6105560064315796
1.6357561349868774
1.6536306142807007
1.6893374919891357
1.5543886423110962
1.5900362730026245
1.6240774393081665
1.63474702835083
1.6818509101867676
1.5602141618728638
1.6106668710708618
1.619705080986023
1.6590670347213745
1.6708358526229858
1.5571269989013672
1.6013957262039185
1.6297496557235718
1.6471374034881592
1.6901594400405884
1.5584365129470825
1.6075340509414673
1.6239087581634521
1.655187726020813
1.6848983764648438
1.5541112422943115
1.6063278913497925
1.6252492666244507
1.6511422395706177
1.6807276010513306
1.5782785415649414
1.608150839805603
1.63905668258667
1.6450567245483398
1.6898187398910522
1.5539093017578125
1.6050595045089722
1.6202659606933594
1.6430999040603638
1.6740665435791016
1.6032862663269043
1.6365330219268799
1.667710304260254
1.6810925006866455
1.6760830879211426
1.5519167184829712
1.5687154531478882
1.5889297723770142
1.6103320121765137
1.6322546005249023
1.5483825206756592
1.5716917514801025
1.5951135158538818
1.619362473487854
1.6422301530838013
1.5899211168289185
1.614180326461792
1.6384189128875732
1.663226842880249
1.6877902746200562
1.6106942892074585
1.636412501335144
1.6616624593734741
1.6932616233825684
1.715164303779602
1.5797336101531982
1.6093652248382568
1.640622854232788
1.6731938123703003
1.6865586042404175
1.5909302234649658
1.6165319681167603
1.6421170234680176
1.6706585884094238
1.6967817544937134
1.6206486225128174
1.6487045288085938
1.6702921390533447
1.6794263124465942
1.6814675331115723
1.5968806743621826
1.6229058504104614
1.6502299308776855
1.677632451057434
1.6841185092926025
1.6318919658660889
1.6673108339309692
1.68491530418396
1.6824885606765747
1.6860787868499756
1.6003021001815796
1.627856969833374
1.660683035850525
1.6854233741760254
1.6838805675506592
1.582804560661316
1.6079221963882446
1.6343265771865845
1.661085605621338
1.6794540882110596
1.607831597328186
1.636124610900879
1.6583436727523804
1.670812964439392
1.6773169040679932
1.5503478050231934
1.5755743980407715
1.599373459815979
1.624617576599121
1.6543478965759277
1.590447187423706
1.6176632642745972
1.644036054611206
1.6700888872146606
1.6910195350646973
1.6158959865570068
1.639877438545227
1.6573210954666138
1.6693178415298462
1.688105821609497
1.6465063095092773
1.6606336832046509
1.6710151433944702
1.6816309690475464
1.6831450462341309
1.6025276184082031
1.6278451681137085
1.6556377410888672
1.685508370399475
1.7081372737884521
1.5738086700439453
1.601675271987915
1.627551794052124
1.6546826362609863
1.66874361038208
1.5857701301574707
1.6157970428466797
1.643812656402588
1.6703722476959229
1.676320195198059
1.609360933303833
1.6353468894958496
1.6622681617736816
1.6848461627960205
1.6851319074630737
1.5862948894500732
1.6118873357772827
1.6395394802093506
1.6684234142303467
1.6953556537628174
1.5457533597946167
1.5717631578445435
1.5984642505645752
1.6250314712524414
1.6514326333999634
1.6450560092926025
1.6633813381195068
1.6772085428237915
1.6749979257583618
1.6762492656707764
1.5716474056243896
1.5907657146453857
1.6160025596618652
1.6404980421066284
1.6670118570327759
1.5817488431930542
1.6086220741271973
1.6386690139770508
1.6609392166137695
1.6827747821807861
1.5914915800094604
1.6173324584960938
1.6501597166061401
1.674498438835144
1.7014710903167725
1.652023196220398
1.6701326370239258
1.686471700668335
1.7009973526000977
1.7091482877731323
1.6257623434066772
1.655651569366455
1.6763341426849365
1.6961485147476196
1.7126827239990234
1.5664267539978027
1.6011507511138916
1.621687412261963
1.6444748640060425
1.6702576875686646
1.6218963861465454
1.6399650573730469
1.6542502641677856
1.6707514524459839
1.686527967453003
1.6213428974151611
1.6457563638687134
1.6691466569900513
1.6858069896697998
1.705161690711975
1.5816713571548462
1.6084567308425903
1.6343666315078735
1.6572847366333008
1.6800193786621094
1.6296168565750122
1.6511695384979248
1.6671077013015747
1.6814464330673218
1.6947755813598633
1.6354091167449951
1.6547391414642334
1.6756542921066284
1.6912024021148682
1.7037580013275146
1.5980353355407715
1.6236748695373535
1.6574904918670654
1.6761999130249023
1.6919324398040771
1.6162444353103638
1.6432157754898071
1.6642932891845703
1.6900430917739868
1.7085460424423218
1.58327317237854
1.6119556427001953
1.630407691001892
1.6557713747024536
1.6779067516326904
1.5928361415863037
1.6188416481018066
1.6533256769180298
1.6778488159179688
1.6971896886825562
1.6107499599456787
1.6302913427352905
1.6527422666549683
1.6794612407684326
1.69371497631073
1.6360557079315186
1.667053461074829
1.6878976821899414
1.7003295421600342
1.7131396532058716
1.6017431020736694
1.6227686405181885
1.6598151922225952
1.6812820434570312
1.6983675956726074
1.5907682180404663
1.6169593334197998
1.6438862085342407
1.663106083869934
1.6876397132873535
1.6052219867706299
1.633563756942749
1.654762625694275
1.6810846328735352
1.701972484588623
1.6614646911621094
1.6760282516479492
1.684654951095581
1.6930358409881592
1.703761100769043
1.6232880353927612
1.6480191946029663
1.664963960647583
1.6832631826400757
1.6987757682800293
1.6139922142028809
1.6398770809173584
1.6624774932861328
1.679842233657837
1.6945788860321045
1.6275081634521484
1.6522663831710815
1.6729389429092407
1.6931501626968384
1.7071115970611572
1.6050424575805664
1.6303297281265259
1.6517436504364014
1.6822025775909424
1.6991161108016968
1.6439621448516846
1.66021728515625
1.6744351387023926
1.688387155532837
1.6989622116088867
1.537867784500122
1.570805549621582
1.5946885347366333
1.6356693506240845
1.663547396659851
1.567807912826538
1.604090929031372
1.6444014310836792
1.6769753694534302
1.69747793674469
1.6008974313735962
1.6298855543136597
1.661228060722351
1.6835964918136597
1.7063876390457153
1.5911962985992432
1.6347875595092773
1.6686984300613403
1.7025775909423828
1.716360092163086
1.5310975313186646
1.5637239217758179
1.5965757369995117
1.6251146793365479
1.6661115884780884
1.5506514310836792
1.5770399570465088
1.6034077405929565
1.637223482131958
1.6678087711334229
1.5783635377883911
1.6112903356552124
1.648336410522461
1.6820263862609863
1.7045097351074219
1.5324667692184448
1.5632555484771729
1.5936659574508667
1.6269526481628418
1.6592501401901245
1.5740071535110474
1.6024932861328125
1.6342219114303589
1.66798996925354
1.6961829662322998
1.5848878622055054
1.6177805662155151
1.6486657857894897
1.6826715469360352
1.7057100534439087
1.5555096864700317
1.5845110416412354
1.6117711067199707
1.6452629566192627
1.6799890995025635
1.5780792236328125
1.6153510808944702
1.6485567092895508
1.6769068241119385
1.6914920806884766
1.5372601747512817
1.5592737197875977
1.5907068252563477
1.6118735074996948
1.6507833003997803
1.5453150272369385
1.5766769647598267
1.600422739982605
1.640104055404663
1.6711692810058594
1.5719125270843506
1.612777829170227
1.6391469240188599
1.678531289100647
1.7097660303115845
1.594478964805603
1.618333339691162
1.669324278831482
1.6936900615692139
1.7148091793060303
1.591646432876587
1.616763949394226
1.6567578315734863
1.6836596727371216
1.70268976688385
1.5604112148284912
1.590596318244934
1.613264560699463
1.6531046628952026
1.6850215196609497
1.5544407367706299
1.589041829109192
1.6247997283935547
1.6575005054473877
1.6833120584487915
1.5713592767715454
1.6072996854782104
1.6387832164764404
1.6650077104568481
1.6939643621444702
1.5565099716186523
1.5794881582260132
1.6073154211044312
1.646645426750183
1.6786818504333496
1.55326247215271
1.5864559412002563
1.6223158836364746
1.6526882648468018
1.686866044998169
1.583469271659851
1.6157599687576294
1.6504490375518799
1.6774065494537354
1.6985868215560913
1.563866138458252
1.6006900072097778
1.6237224340438843
1.6610926389694214
1.688379168510437
1.54530668258667
1.5630676746368408
1.5825676918029785
1.6036922931671143
1.629271149635315
1.5968705415725708
1.6174224615097046
1.6560630798339844
1.6765227317810059
1.6960316896438599
1.6193182468414307
1.6479432582855225
1.6732609272003174
1.7000328302383423
1.720609426498413
1.6482468843460083
1.6747453212738037
1.6963599920272827
1.7097771167755127
1.725878119468689
1.6387213468551636
1.6677441596984863
1.6966021060943604
1.7152665853500366
1.7376331090927124
1.5874378681182861
1.6211823225021362
1.6444486379623413
1.6701449155807495
1.6973251104354858
1.6003504991531372
1.623925805091858
1.6500338315963745
1.6771990060806274
1.701896071434021
1.630016803741455
1.6532044410705566
1.6786017417907715
1.6948153972625732
1.7169160842895508
1.5930951833724976
1.6204907894134521
1.6454555988311768
1.6690043210983276
1.6969892978668213
1.6217527389526367
1.6425236463546753
1.6726934909820557
1.6896394491195679
1.72528874874115
1.6353981494903564
1.6558738946914673
1.6798887252807617
1.70173180103302
1.7325799465179443
1.6073479652404785
1.6360077857971191
1.6580278873443604
1.6847838163375854
1.7080825567245483
1.627919316291809
1.649003267288208
1.6754887104034424
1.6991711854934692
1.7295633554458618
1.5955597162246704
1.6182736158370972
1.642802119255066
1.6688356399536133
1.6996904611587524
1.5960204601287842
1.620861530303955
1.651126742362976
1.675069808959961
1.7013602256774902
1.6222213506698608
1.6552629470825195
1.6809006929397583
1.7110545635223389
1.7199127674102783
1.6472058296203613
1.6676585674285889
1.690048336982727
1.71574068069458
1.740473985671997
1.6273629665374756
1.6562092304229736
1.6778610944747925
1.6954150199890137
1.7162487506866455
1.6104981899261475
1.6316014528274536
1.6668059825897217
1.692776083946228
1.722861409187317
1.604222059249878
1.6343454122543335
1.6619130373001099
1.6887332201004028
1.7150474786758423
1.6158459186553955
1.6419470310211182
1.6581284999847412
1.6825777292251587
1.6988489627838135
1.6040475368499756
1.6352027654647827
1.6607751846313477
1.6829818487167358
1.7128369808197021
1.6107064485549927
1.6397759914398193
1.6637667417526245
1.6883336305618286
1.715314507484436
1.6288058757781982
1.6512283086776733
1.6793534755706787
1.7030788660049438
1.7233186960220337
1.612608551979065
1.6415972709655762
1.6752389669418335
1.6911622285842896
1.718754529953003
1.6148505210876465
1.6424014568328857
1.634251356124878
1.6797274351119995
1.6931519508361816
1.5956547260284424
1.6295418739318848
1.6597598791122437
1.6858739852905273
1.715132713317871
1.5984389781951904
1.628745675086975
1.6558529138565063
1.6824179887771606
1.7264502048492432
1.6094298362731934
1.6329200267791748
1.6550959348678589
1.6884589195251465
1.707153558731079
1.6018857955932617
1.6354881525039673
1.6690118312835693
1.6904276609420776
1.732494831085205
1.550696611404419
1.5832507610321045
1.6183215379714966
1.6618543863296509
1.6900688409805298
1.5825995206832886
1.612566590309143
1.6608397960662842
1.6879737377166748
1.712982177734375
1.595524787902832
1.6237614154815674
1.653242826461792
1.6735727787017822
1.7145516872406006
1.5759985446929932
1.604738473892212
1.6367716789245605
1.6748884916305542
1.6935182809829712
1.5959506034851074
1.620115041732788
1.6455144882202148
1.6802335977554321
1.7005419731140137
1.5903654098510742
1.6374455690383911
1.6602245569229126
1.6837255954742432
1.709330439567566
1.5692212581634521
1.6054526567459106
1.64931058883667
1.682895541191101
1.7134445905685425
1.5972059965133667
1.6216833591461182
1.6505160331726074
1.6845089197158813
1.716882586479187
1.5887640714645386
1.6237939596176147
1.6557188034057617
1.6898784637451172
1.7084414958953857
1.5467404127120972
1.5821726322174072
1.6093751192092896
1.6574058532714844
1.6805723905563354
1.5852198600769043
1.621903419494629
1.6526072025299072
1.6828197240829468
1.7020529508590698
1.6208237409591675
1.6458897590637207
1.6768441200256348
1.6933648586273193
1.7318638563156128
1.618114948272705
1.635469913482666
1.690435767173767
1.7022414207458496
1.7197542190551758
1.5809684991836548
1.6213746070861816
1.659479022026062
1.7053351402282715
1.7215453386306763
1.569110631942749
1.6140854358673096
1.6398475170135498
1.6666107177734375
1.7111475467681885
1.5990906953811646
1.6251091957092285
1.6497384309768677
1.6730823516845703
1.6968498229980469
1.5948296785354614
1.621451497077942
1.6481878757476807
1.6829075813293457
1.7003669738769531
1.5837361812591553
1.615921139717102
1.6429932117462158
1.672732949256897
1.7091431617736816
1.5856711864471436
1.616736888885498
1.6465141773223877
1.664903163909912
1.6983484029769897
1.5816949605941772
1.6149643659591675
1.6655149459838867
1.7033392190933228
1.7234275341033936
1.6252355575561523
1.6431012153625488
1.6643524169921875
1.6768099069595337
1.6864514350891113
1.584950566291809
1.629389762878418
1.6543943881988525
1.6873549222946167
1.7292436361312866
1.584463119506836
1.6400052309036255
1.696313738822937
1.725213646888733
1.7415090799331665
1.5885047912597656
1.6472697257995605
1.7005382776260376
1.7248095273971558
1.7362459897994995
1.622072696685791
1.679595947265625
1.714395523071289
1.7238197326660156
1.742978572845459
1.562713623046875
1.6076231002807617
1.630888819694519
1.6476963758468628
1.6735787391662598
1.5715688467025757
1.6211779117584229
1.6556553840637207
1.6758922338485718
1.728290319442749
1.6052980422973633
1.6530334949493408
1.6886128187179565
1.7042237520217896
1.7233326435089111
1.5618317127227783
1.6039423942565918
1.6291085481643677
1.6426606178283691
1.655285120010376
1.5776137113571167
1.6209150552749634
1.6574761867523193
1.6789450645446777
1.7071341276168823
1.5861657857894897
1.6372499465942383
1.691160798072815
1.7236082553863525
1.7418280839920044
1.567253589630127
1.6099681854248047
1.6365853548049927
1.6731617450714111
1.7220689058303833
1.59404456615448
1.6451208591461182
1.6741667985916138
1.7055370807647705
1.734533429145813
1.560052514076233
1.6047701835632324
1.6320104598999023
1.6483230590820312
1.683731198310852
1.5529910326004028
1.6006128787994385
1.6405099630355835
1.6633856296539307
1.7156130075454712
1.5952004194259644
1.6377876996994019
1.6785242557525635
1.6971405744552612
1.708793044090271
1.6221742630004883
1.6918436288833618
1.740240216255188
1.7469724416732788
1.753360390663147
1.6134697198867798
1.6509392261505127
1.698966383934021
1.7232000827789307
1.7464616298675537
1.574871301651001
1.6165599822998047
1.6370820999145508
1.6672370433807373
1.706849217414856
1.5643994808197021
1.604213833808899
1.6242514848709106
1.6385091543197632
1.6682355403900146
1.5834237337112427
1.6257941722869873
1.6593739986419678
1.6795101165771484
1.709481954574585
1.5789141654968262
1.6238794326782227
1.6611813306808472
1.685143232345581
1.7262531518936157
1.5735304355621338
1.6134543418884277
1.6521923542022705
1.6806159019470215
1.7277064323425293
1.5915249586105347
1.635028600692749
1.6653876304626465
1.6905896663665771
1.710663914680481
1.5845797061920166
1.6309850215911865
1.6656328439712524
1.6882357597351074
1.732883095741272
1.5086127519607544
1.5547863245010376
1.5826102495193481
1.5997891426086426
1.6146610975265503
1.5888944864273071
1.626169204711914
1.672843337059021
1.7131096124649048
1.73838472366333
1.6351553201675415
1.6645338535308838
1.7029004096984863
1.727601408958435
1.7506129741668701
1.6458534002304077
1.6853537559509277
1.711503267288208
1.7333471775054932
1.7482012510299683
1.6604543924331665
1.6965206861495972
1.7204941511154175
1.7354440689086914
1.7475618124008179
1.5804551839828491
1.6150113344192505
1.642511248588562
1.67294180393219
1.7065372467041016
1.6001564264297485
1.6283537149429321
1.6621237993240356
1.6957275867462158
1.7496904134750366
1.631470799446106
1.670985460281372
1.703276515007019
1.7228165864944458
1.7453633546829224
1.583850622177124
1.6182363033294678
1.6434000730514526
1.6784324645996094
1.7055432796478271
1.6167912483215332
1.656800627708435
1.6865273714065552
1.7170673608779907
1.7451791763305664
1.6245688199996948
1.6658989191055298
1.7025084495544434
1.735978364944458
1.7494118213653564
1.6000316143035889
1.640011191368103
1.6698659658432007
1.7063883543014526
1.7392727136611938
1.6353815793991089
1.6697484254837036
1.7041841745376587
1.7313963174819946
1.7474172115325928
1.596928596496582
1.6183907985687256
1.6508102416992188
1.672226071357727
1.7016685009002686
1.5873878002166748
1.6154603958129883
1.6577138900756836
1.6927732229232788
1.7278891801834106
1.6358575820922852
1.6683127880096436
1.6988118886947632
1.7279874086380005
1.739935040473938
1.649400234222412
1.699763536453247
1.7305021286010742
1.7461496591567993
1.751164197921753
1.650691032409668
1.6717913150787354
1.701082706451416
1.7268245220184326
1.7568869590759277
1.6021736860275269
1.6347415447235107
1.6725245714187622
1.701735019683838
1.7386279106140137
1.613011121749878
1.6501137018203735
1.6861492395401
1.712759017944336
1.7316597700119019
1.6253718137741089
1.656125545501709
1.687819242477417
1.7189348936080933
1.7331713438034058
1.5983229875564575
1.631117343902588
1.6642704010009766
1.7029353380203247
1.7368139028549194
1.608020544052124
1.6453408002853394
1.6840394735336304
1.7159178256988525
1.748112440109253
1.6422375440597534
1.668920636177063
1.6965770721435547
1.723777174949646
1.7343215942382812
1.612032413482666
1.6512199640274048
1.6816915273666382
1.7169184684753418
1.7478870153427124
1.605770230293274
1.6280490159988403
1.6521689891815186
1.6776752471923828
1.7031015157699585
