0.7877354025840759
0.8844661116600037
0.9759590029716492
1.0489097833633423
1.1131457090377808
0.838795006275177
0.9326058030128479
1.00906240940094
1.0722399950027466
1.1269712448120117
0.9195123314857483
1.0018171072006226
1.0741773843765259
1.1203064918518066
1.1624377965927124
0.8653884530067444
0.956649124622345
1.0356007814407349
1.0960932970046997
1.1486663818359375
0.7135521769523621
0.8003479838371277
0.8906090259552002
0.9729744791984558
1.048782467842102
0.7936913967132568
0.8851523995399475
0.9670672416687012
1.0413628816604614
1.1025218963623047
0.820548951625824
0.9125520586967468
0.9966594576835632
1.0758545398712158
1.127085566520691
0.7578315138816833
0.8675410151481628
0.9544763565063477
1.0337419509887695
1.0909950733184814
0.9418483972549438
1.021654725074768
1.0799262523651123
1.123188853263855
1.1557520627975464
0.8721218109130859
0.9716244339942932
1.0399835109710693
1.107330560684204
1.1496596336364746
0.8002305626869202
0.8937786817550659
0.9786316156387329
1.0411581993103027
1.1094123125076294
0.8559907674789429
0.9545692801475525
1.0309947729110718
1.0916659832000732
1.1418358087539673
0.7683234214782715
0.8439180850982666
0.9315522313117981
1.0131033658981323
1.0746477842330933
0.7694456577301025
0.8693903684616089
0.9679062366485596
1.0470852851867676
1.1022363901138306
0.8625397682189941
0.9496710896492004
1.0307502746582031
1.0886362791061401
1.1397571563720703
0.8911989331245422
0.9802179932594299
1.050786018371582
1.1025639772415161
1.1543635129928589
0.8433389663696289
0.9351612329483032
1.0155352354049683
1.0801302194595337
1.1308449506759644
0.783673107624054
0.8635862469673157
0.9575212001800537
1.0357133150100708
1.1034152507781982
0.8095927834510803
0.9082750082015991
0.9949701428413391
1.0657823085784912
1.1186518669128418
0.806466281414032
0.9213836193084717
1.0065759420394897
1.085657000541687
1.1290756464004517
0.8355442881584167
0.9271972179412842
1.0034370422363281
1.0761905908584595
1.1240826845169067
0.8149721622467041
0.8969100117683411
0.9814189672470093
1.0498580932617188
1.1073068380355835
0.8871389627456665
0.9706500172615051
1.0520380735397339
1.1051723957061768
1.1459362506866455
0.8161901235580444
0.9060372114181519
0.9976601600646973
1.0717723369598389
1.1245174407958984
0.8840779066085815
0.9972758293151855
1.0754789113998413
1.123166561126709
1.153625726699829
0.7140582203865051
0.7996638417243958
0.8950291275978088
0.9774290919303894
1.0536086559295654
0.7202342748641968
0.8047744631767273
0.8908354043960571
0.9793637990951538
1.0475033521652222
0.780411958694458
0.879713773727417
0.9664883017539978
1.0542961359024048
1.1055994033813477
0.7479893565177917
0.8390462398529053
0.9290466904640198
1.007129192352295
1.0727132558822632
0.6412920355796814
0.7071638107299805
0.8084345459938049
0.8946292400360107
0.9682831764221191
0.7193916440010071
0.8060254454612732
0.8997064828872681
0.9791491031646729
1.046683430671692
0.6856639385223389
0.7876874804496765
0.889552652835846
0.9740017652511597
1.0604346990585327
0.6923742890357971
0.7856127619743347
0.8880688548088074
0.9624945521354675
1.0434260368347168
0.8425152897834778
0.9127456545829773
1.0015161037445068
1.066353440284729
1.114027738571167
0.774624228477478
0.8767313957214355
0.969369649887085
1.0336408615112305
1.0969926118850708
0.7150453925132751
0.7866754531860352
0.8812750577926636
0.965766191482544
1.0387020111083984
0.7435435652732849
0.8471137881278992
0.9297801852226257
1.0040315389633179
1.0729113817214966
0.7106378078460693
0.7913543581962585
0.8707917928695679
0.9610195159912109
1.0314233303070068
0.6819912195205688
0.7653070092201233
0.8481093645095825
0.9345922470092773
1.0165928602218628
0.7380756139755249
0.8163940906524658
0.9337512850761414
1.0077075958251953
1.075548768043518
0.7945046424865723
0.8822279572486877
0.9701796174049377
1.0394530296325684
1.1021161079406738
0.7665216326713562
0.843920111656189
0.9454019069671631
1.0115948915481567
1.0795199871063232
0.6851767301559448
0.7592796087265015
0.8546829223632812
0.9376254081726074
1.0251567363739014
0.7090688347816467
0.7999608516693115
0.8957785367965698
0.9775335788726807
1.0494979619979858
0.6921031475067139
0.794399082660675
0.8926019668579102
0.9945163726806641
1.0695217847824097
0.7390341758728027
0.8254402875900269
0.9201716780662537
1.0039812326431274
1.0729470252990723
0.7128602862358093
0.7960562705993652
0.8818248510360718
0.965335488319397
1.0292834043502808
0.7423225045204163
0.8411599397659302
0.9389263987541199
1.0250736474990845
1.0886802673339844
0.7118206024169922
0.8142803311347961
0.9010681509971619
0.9929611682891846
1.0650432109832764
0.7608611583709717
0.8725289702415466
0.9774884581565857
1.0573673248291016
1.1055299043655396
0.9945588707923889
1.0668524503707886
1.1214059591293335
1.160183310508728
1.200751543045044
1.0159661769866943
1.0796617269515991
1.1379019021987915
1.1854991912841797
1.2224643230438232
1.0759259462356567
1.1261506080627441
1.1683932542800903
1.2013863325119019
1.2304375171661377
1.0323582887649536
1.103737711906433
1.1550672054290771
1.1961077451705933
1.2287802696228027
0.8926340937614441
0.9774231314659119
1.0569829940795898
1.1138206720352173
1.1711878776550293
0.9825098514556885
1.0622389316558838
1.1167593002319336
1.1614868640899658
1.1988754272460938
0.9950549006462097
1.0718042850494385
1.1260236501693726
1.1678144931793213
1.204566240310669
0.9707949161529541
1.0469990968704224
1.1067036390304565
1.1533293724060059
1.1910611391067505
1.081506371498108
1.1270506381988525
1.164855718612671
1.1929088830947876
1.2239391803741455
1.0570619106292725
1.1178215742111206
1.1643427610397339
1.2002737522125244
1.2329983711242676
0.9931215047836304
1.0576637983322144
1.1143226623535156
1.1646913290023804
1.2045360803604126
1.0214686393737793
1.0905396938323975
1.1437145471572876
1.1894359588623047
1.2233445644378662
0.9618317484855652
1.028166651725769
1.0909645557403564
1.142262578010559
1.1807564496994019
0.9624313712120056
1.0412570238113403
1.1051931381225586
1.1534379720687866
1.19779372215271
1.0358951091766357
1.0996290445327759
1.1478774547576904
1.1863536834716797
1.2247669696807861
1.0551033020019531
1.114943027496338
1.1593286991119385
1.1938787698745728
1.2251657247543335
1.0251861810684204
1.0931015014648438
1.140261173248291
1.1780129671096802
1.2148360013961792
0.9650939106941223
1.031529426574707
1.1067146062850952
1.1655230522155762
1.208290696144104
0.9933797717094421
1.06768798828125
1.1313097476959229
1.170571208000183
1.207645058631897
1.0169789791107178
1.0928642749786377
1.1373591423034668
1.1736137866973877
1.2043850421905518
1.0282410383224487
1.0831608772277832
1.1290035247802734
1.170622706413269
1.207704782485962
0.9831836819648743
1.056199312210083
1.119344711303711
1.162737488746643
1.2067691087722778
1.0413150787353516
1.101002812385559
1.1468065977096558
1.1858513355255127
1.2159980535507202
1.0125032663345337
1.0807117223739624
1.131789207458496
1.173086166381836
1.2162054777145386
1.071514368057251
1.1178909540176392
1.150447130203247
1.179107427597046
1.2053942680358887
0.5741189122200012
0.6343634128570557
0.7052597999572754
0.7775019407272339
0.8717979192733765
0.6348550915718079
0.7005200386047363
0.7769439816474915
0.858478844165802
0.9492732882499695
0.6670898199081421
0.7363376617431641
0.8021246194839478
0.8814023733139038
0.9770324230194092
0.6513386368751526
0.7171828150749207
0.7848636507987976
0.8712242245674133
0.9707098603248596
0.554986834526062
0.6087986826896667
0.6754127144813538
0.747548520565033
0.8282398581504822
0.5950618386268616
0.6526444554328918
0.7205432057380676
0.8029910326004028
0.8821710348129272
0.5845680832862854
0.6426436305046082
0.7041683793067932
0.7799795866012573
0.8630322217941284
0.546995222568512
0.6015799641609192
0.6678387522697449
0.7433276772499084
0.8280885219573975
0.58712238073349
0.6521952748298645
0.726427435874939
0.8109719157218933
0.9040077328681946
0.6368948221206665
0.6896622180938721
0.7580850124359131
0.8373813033103943
0.9177300930023193
0.6079116463661194
0.6618134379386902
0.731713593006134
0.8074965476989746
0.8908819556236267
0.6497822403907776
0.7097508311271667
0.7834927439689636
0.8635822534561157
0.9490805268287659
0.5839603543281555
0.6287053227424622
0.6979900598526001
0.7695990800857544
0.8551052808761597
0.5832631587982178
0.6384356617927551
0.7043920755386353
0.778378963470459
0.8607418537139893
0.6525779962539673
0.7172995209693909
0.7902687191963196
0.8698586225509644
0.9544751048088074
0.6365440487861633
0.6945328116416931
0.766083300113678
0.8435849547386169
0.9256700277328491
0.6351901888847351
0.6908765435218811
0.7656770348548889
0.8462832570075989
0.9275141954421997
0.57322096824646
0.6323674321174622
0.6968507766723633
0.7732567191123962
0.8594539165496826
0.5482170581817627
0.6201798319816589
0.6869354248046875
0.7467654943466187
0.8569290041923523
0.6151778697967529
0.6754061579704285
0.7470822334289551
0.8284511566162109
0.923791229724884
0.5769031643867493
0.6356738805770874
0.7042153477668762
0.783730149269104
0.8650986552238464
0.6180593371391296
0.6722092032432556
0.7425572276115417
0.8178994059562683
0.8999495506286621
0.6111413240432739
0.673791766166687
0.7492400407791138
0.834015965461731
0.9213648438453674
0.6046545505523682
0.6614106297492981
0.7288135290145874
0.8044859170913696
0.8880816102027893
0.5960226655006409
0.6853055357933044
0.783760130405426
0.8895464539527893
0.9813627004623413
0.6690683960914612
0.7486473321914673
0.899234414100647
1.0330963134765625
1.137998104095459
0.7137777209281921
0.8007189035415649
0.9517920613288879
1.0704160928726196
1.1602522134780884
0.793734073638916
0.8873663544654846
1.0242486000061035
1.1185641288757324
1.1825417280197144
0.748495876789093
0.8357810378074646
0.9834071397781372
1.0948102474212646
1.1741580963134766
0.628412663936615
0.7012684941291809
0.844285786151886
0.9902781844139099
1.1034492254257202
0.6938310265541077
0.7778140902519226
0.9182868599891663
1.0430940389633179
1.1408206224441528
0.6901512742042542
0.7843270897865295
0.943372368812561
1.0757559537887573
1.153504490852356
0.6432693004608154
0.7213630676269531
0.8747286796569824
1.0201984643936157
1.1254463195800781
0.838738739490509
0.9210277795791626
1.0382277965545654
1.1204009056091309
1.1744688749313354
0.74970942735672
0.836235761642456
0.9838144779205322
1.1007680892944336
1.1784464120864868
0.6851496696472168
0.7698915004730225
0.9214778542518616
1.0515296459197998
1.1485539674758911
0.7425787448883057
0.8379570245742798
0.9864403009414673
1.0903847217559814
1.1686033010482788
0.6615256071090698
0.7313469648361206
0.8616231679916382
0.9995602369308472
1.11863374710083
0.6633307337760925
0.7406967878341675
0.8933336734771729
1.0441938638687134
1.1434321403503418
0.7317884564399719
0.8231307864189148
0.9788962006568909
1.0964703559875488
1.177925944328308
0.7716342806816101
0.8556588888168335
0.992447555065155
1.1008137464523315
1.1758841276168823
0.7299923300743103
0.8189719319343567
0.9609088897705078
1.0798012018203735
1.1666897535324097
0.681752622127533
0.7609738707542419
0.9035619497299194
1.035958170890808
1.1491708755493164
0.6849794387817383
0.7747536897659302
0.9320804476737976
1.059325933456421
1.1462815999984741
0.6951395869255066
0.7962456345558167
0.9693037271499634
1.0950909852981567
1.1622980833053589
0.7295946478843689
0.8152642846107483
0.9512153267860413
1.0694622993469238
1.1516631841659546
0.7143523097038269
0.7949116230010986
0.9316868782043457
1.050905466079712
1.1431390047073364
0.7681064605712891
0.8569881319999695
1.0033832788467407
1.1057276725769043
1.1695044040679932
0.6903141140937805
0.7774689793586731
0.9358882904052734
1.0711013078689575
1.1570061445236206
0.7366235256195068
0.8509103059768677
1.0358446836471558
1.1240837574005127
1.172981858253479
0.8247701525688171
0.932952344417572
0.9806616902351379
1.0591857433319092
1.110283613204956
0.9112075567245483
0.9962047934532166
1.0637482404708862
1.1178876161575317
1.1635664701461792
0.9906519055366516
1.0485538244247437
1.0942692756652832
1.1361459493637085
1.1730713844299316
0.9357047080993652
1.0315916538238525
1.0747109651565552
1.1216832399368286
1.1667625904083252
0.7366982698440552
0.8381590843200684
0.936369001865387
1.015228033065796
1.0843969583511353
0.8993129134178162
0.9773852229118347
1.0374913215637207
1.082872986793518
1.1339848041534424
0.8731034994125366
0.9363204836845398
0.9972553849220276
1.0642306804656982
1.1124238967895508
0.8383515477180481
0.9094515442848206
1.0044772624969482
1.063913106918335
1.1215755939483643
0.9833250641822815
1.047562837600708
1.0906916856765747
1.1328089237213135
1.1607003211975098
0.8791132569313049
0.9894556403160095
1.0561872720718384
1.1126726865768433
1.1607472896575928
0.8718925714492798
0.9595960378646851
1.0169360637664795
1.0805723667144775
1.1334905624389648
0.9411141276359558
1.018425703048706
1.0766781568527222
1.1261649131774902
1.164490818977356
0.7980973124504089
0.8624316453933716
0.9627809524536133
1.0350435972213745
1.0999925136566162
0.7955790162086487
0.9147023558616638
0.9805559515953064
1.0519273281097412
1.1185075044631958
0.9887849688529968
1.0579249858856201
1.105708122253418
1.143903136253357
1.1769510507583618
0.9325506687164307
1.0089815855026245
1.058806300163269
1.1082525253295898
1.1547616720199585
0.9365554451942444
1.0130358934402466
1.0691739320755005
1.1106594800949097
1.1566083431243896
0.8301205635070801
0.9510146379470825
1.020554542541504
1.0729080438613892
1.1400994062423706
0.8336067795753479
0.9242684245109558
0.9997041821479797
1.0615184307098389
1.1207923889160156
1.022943377494812
1.0928653478622437
1.1269935369491577
1.1569031476974487
1.1838682889938354
0.884584367275238
0.9563400149345398
1.0205295085906982
1.0869364738464355
1.1313796043395996
0.8617345094680786
0.9525934457778931
1.0099529027938843
1.069118618965149
1.1218116283416748
0.9673665165901184
1.0297385454177856
1.0769480466842651
1.1194747686386108
1.1503169536590576
0.8159401416778564
0.916549563407898
1.0001333951950073
1.0656325817108154
1.1317522525787354
0.9664414525032043
1.0382013320922852
1.1008386611938477
1.1401891708374023
1.1705278158187866
0.8793376684188843
0.9466704726219177
1.012513279914856
1.0774067640304565
1.1423372030258179
0.903250515460968
0.9836506843566895
1.0676023960113525
1.1032371520996094
1.1567597389221191
1.0181468725204468
1.0970641374588013
1.1388269662857056
1.1570782661437988
1.1693315505981445
0.9926782250404358
1.0850080251693726
1.1292537450790405
1.1794804334640503
1.2061059474945068
0.7886583209037781
0.8963258862495422
0.9958187937736511
1.0747560262680054
1.1268937587738037
0.9087350964546204
0.9727396368980408
1.0342458486557007
1.087647795677185
1.1436635255813599
0.8809542059898376
0.9784665703773499
1.0671852827072144
1.1179453134536743
1.1450239419937134
0.8063820600509644
0.9421313405036926
1.022501826286316
1.0941804647445679
1.1357702016830444
1.0029674768447876
1.0636487007141113
1.0865799188613892
1.1477997303009033
1.183635950088501
1.0082392692565918
1.0811854600906372
1.141883373260498
1.1876922845840454
1.2113205194473267
0.8946906924247742
1.002341389656067
1.064975380897522
1.133089303970337
1.16597580909729
0.9724317193031311
1.0422084331512451
1.129339337348938
1.149811863899231
1.1832901239395142
0.8013002872467041
0.9065276980400085
0.982902467250824
1.0826129913330078
1.1770851612091064
0.8224329948425293
0.9448876976966858
1.0505975484848022
1.1248589754104614
1.1699641942977905
1.015876293182373
1.0844640731811523
1.1250581741333008
1.166660189628601
1.1911280155181885
1.0302860736846924
1.0939645767211914
1.1572273969650269
1.1790283918380737
1.217550277709961
0.9944179058074951
1.0958527326583862
1.1502822637557983
1.1822354793548584
1.2103517055511475
0.8666927814483643
0.9698206186294556
1.0646198987960815
1.1225892305374146
1.1583247184753418
0.94669508934021
1.0200649499893188
1.0712734460830688
1.1246463060379028
1.160223364830017
0.877702534198761
0.9756234884262085
1.0500856637954712
1.093953013420105
1.1149756908416748
0.9368811249732971
1.0125203132629395
1.0718694925308228
1.1151410341262817
1.1609553098678589
0.8665734529495239
0.9693968892097473
1.0504647493362427
1.1043651103973389
1.178871750831604
1.016161561012268
1.0988699197769165
1.1548994779586792
1.1804630756378174
1.2088199853897095
0.9066310524940491
1.0086078643798828
1.0886958837509155
1.1300933361053467
1.2000634670257568
1.0069973468780518
1.0561927556991577
1.0758670568466187
1.0995054244995117
1.1276606321334839
0.7337406873703003
0.8691024780273438
1.018385648727417
1.1444913148880005
1.2290560007095337
0.6981202363967896
0.8286729454994202
0.9762133359909058
1.1139404773712158
1.2049551010131836
0.727233350276947
0.8491901159286499
0.9850741028785706
1.1070600748062134
1.196670651435852
0.6968309879302979
0.8166030645370483
0.9583446979522705
1.0879008769989014
1.1903889179229736
0.7252618074417114
0.8554356694221497
1.0106571912765503
1.1507176160812378
1.237021803855896
0.7346228957176208
0.8706405162811279
1.017857551574707
1.1409595012664795
1.2239502668380737
0.7056761980056763
0.8331178426742554
0.9824481010437012
1.1150264739990234
1.2200019359588623
0.7624810338020325
0.9034636616706848
1.0349239110946655
1.1498324871063232
1.2324395179748535
0.735458254814148
0.8666066527366638
0.9969704747200012
1.1059085130691528
1.206893801689148
0.7295571565628052
0.8559442162513733
1.0041275024414062
1.137052297592163
1.2221758365631104
0.739273190498352
0.8678984642028809
1.0096913576126099
1.135241150856018
1.2215231657028198
0.7477147579193115
0.8775268793106079
1.0164464712142944
1.1339675188064575
1.2214462757110596
0.7284157872200012
0.8648554086685181
1.0077321529388428
1.130976676940918
1.214688777923584
0.74986732006073
0.8812751173973083
1.0230768918991089
1.1452512741088867
1.2305091619491577
0.7238820195198059
0.8470029830932617
0.9846140742301941
1.1144617795944214
1.1973683834075928
0.7133387923240662
0.8367166519165039
0.9753575921058655
1.1016794443130493
1.1889586448669434
0.6823945641517639
0.8030116558074951
0.9493222236633301
1.091275930404663
1.2046229839324951
0.7437043190002441
0.8637357354164124
0.9956194758415222
1.1350795030593872
1.2301477193832397
0.7428969740867615
0.8864092230796814
1.038525104522705
1.1534240245819092
1.2325650453567505
0.7130532264709473
0.8369143605232239
0.9745672345161438
1.101252555847168
1.2016994953155518
0.7146364450454712
0.845593273639679
0.9885231256484985
1.1106184720993042
1.2063782215118408
0.7298501133918762
0.8607900142669678
1.0034593343734741
1.1249161958694458
1.213852882385254
0.7054574489593506
0.8245030641555786
0.9558172225952148
1.086639404296875
1.195320963859558
0.7141527533531189
0.8427870273590088
0.9929628968238831
1.136259913444519
1.2263691425323486
0.8378216028213501
0.9740559458732605
1.0751657485961914
1.15670907497406
1.2305386066436768
0.8308692574501038
0.9312928318977356
1.067286729812622
1.1617125272750854
1.2408097982406616
0.9001767635345459
0.9644131660461426
1.0690606832504272
1.1598457098007202
1.2307710647583008
0.8510136008262634
0.9286931753158569
1.0471967458724976
1.1431539058685303
1.2201881408691406
0.9141569137573242
0.9777662754058838
1.0694880485534668
1.1547588109970093
1.2232308387756348
0.7688226103782654
0.8479024767875671
0.9791630506515503
1.118917465209961
1.2315541505813599
0.8346027731895447
0.9118862748146057
1.0375947952270508
1.148695945739746
1.2408363819122314
0.7712191939353943
0.848543643951416
0.9871987104415894
1.09953773021698
1.2131487131118774
0.8096626400947571
0.8914002180099487
1.0111597776412964
1.12376868724823
1.2199749946594238
0.8298178315162659
0.911424458026886
1.0184330940246582
1.1192809343338013
1.216062068939209
0.8800367712974548
0.9531785249710083
1.07389497756958
1.1718789339065552
1.2445952892303467
0.8520135283470154
0.9393259882926941
1.0523784160614014
1.1520506143569946
1.2372530698776245
0.9094924926757812
0.9834877252578735
1.0778011083602905
1.1592326164245605
1.2306609153747559
0.8517147898674011
0.9548448920249939
1.0752737522125244
1.163923740386963
1.233036994934082
0.8257990479469299
0.9265656471252441
1.0447715520858765
1.140549898147583
1.228687047958374
0.8866592049598694
0.9716340899467468
1.0606505870819092
1.153110384941101
1.2248225212097168
0.8941571712493896
0.9740163683891296
1.0774827003479004
1.1587740182876587
1.2295658588409424
0.8713048100471497
0.9535366296768188
1.066945195198059
1.1557360887527466
1.231623888015747
0.8329687714576721
0.9264087080955505
1.0444778203964233
1.1691720485687256
1.247062087059021
0.810593843460083
0.8946458101272583
1.0182204246520996
1.1228500604629517
1.223580241203308
0.7729782462120056
0.8559472560882568
0.9606594443321228
1.0979485511779785
1.2056796550750732
0.8099609613418579
0.8908951878547668
1.018999695777893
1.129613995552063
1.2235705852508545
0.864779531955719
0.9537884593009949
1.0596598386764526
1.1525368690490723
1.224825382232666
0.8433706760406494
0.915423572063446
1.0053207874298096
1.104103684425354
1.2037584781646729
0.8249890208244324
0.9178991913795471
1.0405629873275757
1.1512619256973267
1.2333556413650513
0.6399810910224915
0.756682813167572
0.9129284024238586
1.0601956844329834
1.1969977617263794
0.7235890626907349
0.8227553963661194
0.9850465059280396
1.1267766952514648
1.20374596118927
0.7623517513275146
0.8607993721961975
0.9969965219497681
1.1403855085372925
1.2221606969833374
0.7532991170883179
0.8399463891983032
1.0098110437393188
1.1556867361068726
1.2215889692306519
0.7597373723983765
0.8509575724601746
1.0038323402404785
1.1665438413619995
1.2408322095870972
0.7455126643180847
0.8185362219810486
0.9481168985366821
1.1127073764801025
1.1998149156570435
0.7321804165840149
0.8222717642784119
0.9843623042106628
1.133504033088684
1.211273431777954
0.7137461304664612
0.790429949760437
0.9335198998451233
1.1076875925064087
1.1914772987365723
0.7282777428627014
0.8213805556297302
0.9900567531585693
1.1324529647827148
1.2004395723342896
0.738576352596283
0.8332407474517822
0.9771339893341064
1.1330780982971191
1.2101868391036987
0.7708389163017273
0.8561244606971741
1.018365502357483
1.1695860624313354
1.230141282081604
0.7440320253372192
0.8425046801567078
0.9814068078994751
1.1400576829910278
1.2257859706878662
0.7545703649520874
0.8325477242469788
0.9917518496513367
1.1586350202560425
1.238303542137146
0.755668580532074
0.8597107529640198
1.0082932710647583
1.1272938251495361
1.2133996486663818
0.7813793420791626
0.860251784324646
0.9798243045806885
1.126237392425537
1.2212201356887817
0.777047336101532
0.860288143157959
0.9987689256668091
1.163170576095581
1.2258059978485107
0.7429751753807068
0.845820963382721
1.0231499671936035
1.1654129028320312
1.2256460189819336
0.7389070987701416
0.8339343070983887
1.0102459192276
1.138257384300232
1.2181206941604614
0.7371709942817688
0.8206747770309448
0.9708532094955444
1.1400854587554932
1.2248913049697876
0.718337893486023
0.802420973777771
0.9669459462165833
1.1396119594573975
1.2189637422561646
0.6903178095817566
0.7819075584411621
0.9299092888832092
1.0891046524047852
1.1684757471084595
0.7478630542755127
0.8382417559623718
0.9958421587944031
1.1363869905471802
1.2047572135925293
0.7657552361488342
0.8413583040237427
0.9750722050666809
1.145480990409851
1.2220373153686523
0.7520833611488342
0.8391220569610596
0.9753478765487671
1.1461372375488281
1.2219653129577637
0.7396572828292847
0.8313537836074829
0.9856061935424805
1.1340986490249634
1.2131425142288208
0.7113552689552307
0.7764415144920349
0.9243322610855103
1.0787255764007568
1.1653465032577515
0.7154939770698547
0.8179157972335815
0.9249319434165955
1.135350227355957
1.2553044557571411
0.8616363406181335
1.010036826133728
1.18401300907135
1.267727255821228
1.2928800582885742
0.8927926421165466
1.0802890062332153
1.1949421167373657
1.259771704673767
1.287993311882019
0.9850390553474426
1.136769413948059
1.215990424156189
1.2735368013381958
1.2985202074050903
0.6510143876075745
0.7766175866127014
0.8946690559387207
1.0497322082519531
1.1852035522460938
0.7365149259567261
0.8455328345298767
0.9554113149642944
1.1208710670471191
1.2621527910232544
0.8126904964447021
0.9638359546661377
1.1127116680145264
1.2138073444366455
1.278383731842041
0.7110829949378967
0.8178927898406982
0.9356942772865295
1.0225605964660645
1.1862733364105225
0.8241416215896606
0.9393391013145447
1.1059908866882324
1.2212238311767578
1.2795419692993164
0.8708098530769348
1.014461636543274
1.1720527410507202
1.2533900737762451
1.288248062133789
0.7652795910835266
0.8665375113487244
0.9785020351409912
1.1788594722747803
1.2747374773025513
0.8573762774467468
1.0316498279571533
1.2017102241516113
1.2628939151763916
1.2872233390808105
0.6705141067504883
0.7557200789451599
0.8723469972610474
0.996795117855072
1.1679902076721191
0.7022175192832947
0.8180336952209473
0.9585162997245789
1.1277142763137817
1.2456601858139038
0.8741061687469482
1.0589697360992432
1.1887805461883545
1.256106972694397
1.2879189252853394
0.8717321157455444
1.0241650342941284
1.1938709020614624
1.2686550617218018
1.2805651426315308
0.84926438331604
0.9784756302833557
1.1476173400878906
1.2360211610794067
1.2888898849487305
0.7188405394554138
0.83761066198349
0.9898608922958374
1.1672831773757935
1.272617220878601
0.7661172747612
0.8794868588447571
0.9737200140953064
1.1398099660873413
1.2488502264022827
0.7800196409225464
0.8899089097976685
1.0955369472503662
1.1993290185928345
1.2598644495010376
0.7668106555938721
0.8585892915725708
0.9788886904716492
1.1476693153381348
1.2572733163833618
0.7740467190742493
0.8958615064620972
1.0526719093322754
1.2178881168365479
1.2887612581253052
0.89156574010849
1.048093318939209
1.1671807765960693
1.2292436361312866
1.2823654413223267
0.7638247013092041
0.8888271450996399
1.0244704484939575
1.1969752311706543
1.2847155332565308
0.6293179988861084
0.6962407231330872
0.7709784507751465
0.8533302545547485
0.9855590462684631
0.7587613463401794
0.7633858323097229
0.9525217413902283
1.0241022109985352
1.0992419719696045
0.9379205703735352
0.9742275476455688
1.1875965595245361
1.2193934917449951
1.2538316249847412
0.9271602630615234
1.0347843170166016
1.1954642534255981
1.1811012029647827
1.2310396432876587
0.8827434182167053
1.0435471534729004
1.1168131828308105
1.2068589925765991
1.2323118448257446
0.6804660558700562
0.741745114326477
0.8690924048423767
1.1133698225021362
1.1252802610397339
0.761890172958374
0.8661953210830688
0.9534675478935242
1.0250484943389893
1.1153833866119385
0.8982957601547241
0.9319692850112915
1.0286095142364502
1.1362015008926392
1.2140036821365356
0.6066678762435913
0.680789589881897
0.7931578159332275
1.0238927602767944
1.0797162055969238
0.6620179414749146
0.7400767803192139
1.022376298904419
1.13192617893219
1.1777245998382568
0.990953803062439
0.8978829979896545
1.0217472314834595
1.1319334506988525
1.2233519554138184
0.7576516270637512
0.7597900032997131
1.0020785331726074
1.114747166633606
1.196352481842041
0.8648976683616638
1.015066146850586
1.075640082359314
1.1804685592651367
1.1478960514068604
0.6117333173751831
0.7166773080825806
0.9714627861976624
0.873682975769043
0.971265435218811
0.698646605014801
0.8736569285392761
1.0446889400482178
1.037368655204773
1.147037386894226
0.8809676170349121
0.9487404823303223
1.1001237630844116
1.1867095232009888
1.2276912927627563
0.845727801322937
0.9000201225280762
0.9559321999549866
1.157206416130066
1.216209053993225
0.7545384168624878
0.9026066064834595
0.9622798562049866
1.1382681131362915
1.2267072200775146
0.7344652414321899
0.9505491852760315
0.9880778193473816
1.044796347618103
1.2265992164611816
0.6436262726783752
0.7583462595939636
0.9529867768287659
1.070662498474121
1.0420284271240234
0.7793170213699341
0.9219655990600586
0.9810622930526733
1.095188021659851
1.196157455444336
0.7262566089630127
0.9495652318000793
0.7914925217628479
0.9285456538200378
1.213044285774231
0.851270318031311
0.8716224431991577
0.9305564165115356
1.0650016069412231
1.2179640531539917
0.9046552777290344
0.9180330038070679
1.0638277530670166
1.1683546304702759
1.2317131757736206
0.9579952359199524
0.7531909346580505
0.8600660562515259
1.0574674606323242
1.2192128896713257
0.7059544324874878
0.7253173589706421
0.9422773718833923
0.9770019054412842
1.012308120727539
0.718592643737793
0.9832260012626648
1.1046448945999146
1.125458836555481
1.1052830219268799
0.9922702312469482
1.0714937448501587
1.177964210510254
1.2028110027313232
1.1679472923278809
0.963846743106842
1.1524776220321655
1.1266589164733887
1.2271913290023804
1.2757071256637573
1.0041370391845703
1.1459983587265015
1.1908800601959229
1.178149700164795
1.2581706047058105
0.8713719844818115
0.8947158455848694
1.012610912322998
1.1273449659347534
1.1935956478118896
0.8791396617889404
0.8158051371574402
1.0221586227416992
1.1296346187591553
1.1680066585540771
0.9446998238563538
1.0422563552856445
1.1435737609863281
1.1933709383010864
1.2238866090774536
0.7533746957778931
1.0148051977157593
0.8821516036987305
1.083879828453064
1.2029701471328735
1.015971302986145
1.1209534406661987
1.1621665954589844
1.205305814743042
1.2034226655960083
0.8277907371520996
1.1283719539642334
1.1635472774505615
1.2324210405349731
1.2222609519958496
1.070648431777954
0.9477324485778809
1.1587108373641968
1.1816675662994385
1.2252485752105713
0.9406945109367371
1.010337471961975
1.1478242874145508
1.2056317329406738
1.0600683689117432
0.6722129583358765
0.771719217300415
0.9973058104515076
1.0434106588363647
1.1739931106567383
0.992225706577301
0.9135103225708008
1.1096208095550537
1.1659634113311768
1.2108722925186157
0.9707421064376831
1.0970311164855957
1.1675052642822266
1.2192749977111816
1.2566636800765991
1.028641700744629
1.107114553451538
1.0748120546340942
1.1977118253707886
1.154402494430542
0.8536298871040344
1.0264040231704712
1.1579535007476807
1.229494571685791
1.2169742584228516
1.0202255249023438
1.0065983533859253
0.9689026474952698
1.1636000871658325
1.224489688873291
0.7987838983535767
0.9818413853645325
1.0638779401779175
1.1537350416183472
1.223582148551941
1.012307047843933
1.0765060186386108
1.008489966392517
1.1615641117095947
1.2360109090805054
0.8992119431495667
1.036561131477356
1.0996967554092407
1.1824679374694824
1.174000859260559
0.7906372547149658
1.0271165370941162
1.095707893371582
1.1752204895019531
1.2124130725860596
0.9816173315048218
1.0619224309921265
1.1543151140213013
1.2219961881637573
1.2094392776489258
0.9562544226646423
1.125291347503662
1.1645021438598633
1.1982276439666748
1.1793148517608643
0.9429144859313965
0.845206618309021
1.0980868339538574
0.9971712231636047
1.0843162536621094
0.7719186544418335
0.7989494800567627
0.9667050838470459
1.0591189861297607
1.1156381368637085
0.9082979559898376
0.8167662620544434
0.9747068285942078
1.027510404586792
1.1051249504089355
0.926548182964325
0.8568136096000671
0.9679727554321289
1.0258971452713013
1.106412649154663
0.9835090637207031
0.7830746173858643
0.949894905090332
1.0015192031860352
1.0893012285232544
0.7497737407684326
0.8351751565933228
0.9840452075004578
1.0600206851959229
1.1292108297348022
0.8206357359886169
0.822325587272644
1.0060845613479614
1.0713461637496948
1.1250351667404175
0.8632996082305908
0.7949449419975281
0.9436061978340149
1.0412648916244507
1.0931520462036133
0.7392022013664246
0.8322745561599731
0.9951395988464355
1.0747519731521606
1.1369225978851318
0.8566361665725708
0.7653359770774841
0.9579043388366699
1.0580250024795532
1.1199655532836914
0.8824875354766846
0.8513967394828796
0.9890366196632385
1.0760738849639893
1.1185203790664673
0.8387272953987122
0.893085777759552
1.0085575580596924
1.0861265659332275
1.1390178203582764
0.921744167804718
0.8338484168052673
0.9660635590553284
1.0135760307312012
1.1084513664245605
0.723607063293457
0.838285505771637
0.9891085624694824
1.051848292350769
1.1363641023635864
0.8124397993087769
0.8435428142547607
1.0043190717697144
1.1066055297851562
1.163123607635498
0.8819584250450134
0.8065009117126465
0.9340715408325195
0.9995945692062378
1.0832010507583618
0.882299542427063
0.8281412124633789
0.9290878176689148
1.0346460342407227
1.0794975757598877
0.8589063286781311
0.823248565196991
0.9623162746429443
1.0366994142532349
1.0999630689620972
0.7759523987770081
0.8079284429550171
0.9801698327064514
1.0498062372207642
1.1209769248962402
0.7689825892448425
0.8564540147781372
0.9510204195976257
1.0429521799087524
1.1044000387191772
0.8213473558425903
0.8321864008903503
1.0129634141921997
1.077094316482544
1.1178314685821533
0.7682487964630127
0.7908101081848145
0.9435189366340637
1.0563223361968994
1.1358240842819214
0.8537853360176086
0.836544394493103
0.9778324961662292
1.07794988155365
1.1329370737075806
0.8431559801101685
0.8097910284996033
0.922365665435791
1.0134769678115845
1.0904293060302734
0.8125109672546387
0.8257703185081482
0.9739367365837097
1.0583384037017822
1.1103994846343994
0.6616665124893188
0.8322134613990784
0.9175654053688049
1.0118907690048218
1.0658557415008545
1.130570411682129
1.113219976425171
1.0965243577957153
1.0406575202941895
0.9450249075889587
1.1217018365859985
1.121038556098938
1.1056263446807861
1.079237461090088
1.0444473028182983
1.1263694763183594
1.1110831499099731
1.0761733055114746
1.043749213218689
0.9928480982780457
1.1077739000320435
1.0991580486297607
1.0826990604400635
1.0625468492507935
1.0325772762298584
1.0771238803863525
1.06434166431427
1.0270071029663086
0.9803897142410278
0.9404600858688354
1.1131844520568848
1.0858477354049683
1.0670044422149658
1.0183665752410889
0.9805978536605835
1.0772532224655151
1.0742642879486084
1.057327389717102
1.0191261768341064
0.9614935517311096
1.0712448358535767
1.0601322650909424
1.0324161052703857
0.9990624785423279
0.9547126889228821
1.1000076532363892
1.0928444862365723
1.0570672750473022
1.0209931135177612
0.9299050569534302
1.1010807752609253
1.082905888557434
1.0576270818710327
1.0210906267166138
0.9777593016624451
1.0817091464996338
1.079069972038269
1.0639081001281738
1.036713719367981
0.991921067237854
1.1416822671890259
1.1332404613494873
1.102522373199463
1.067723274230957
1.0423294305801392
1.0859646797180176
1.0909278392791748
1.0994116067886353
1.0733445882797241
1.069931983947754
1.0835622549057007
1.06514310836792
1.0535130500793457
1.0265445709228516
0.9847038388252258
1.121274471282959
1.1110365390777588
1.0871213674545288
1.0649303197860718
0.9598453044891357
1.0894603729248047
1.0821499824523926
1.0669026374816895
1.053767442703247
1.0341954231262207
1.0925695896148682
1.0927683115005493
1.0646175146102905
1.049149513244629
1.0107866525650024
1.1225007772445679
1.109000563621521
1.0831526517868042
1.0443739891052246
0.9764909744262695
1.0810731649398804
1.0772926807403564
1.060534954071045
1.033834457397461
1.0089998245239258
1.135648250579834
1.1141242980957031
1.080543875694275
1.0454204082489014
0.9759341478347778
1.114445686340332
1.0831396579742432
1.058313250541687
1.0147494077682495
0.9514634013175964
1.1289042234420776
1.1075857877731323
1.089856505393982
1.0457520484924316
0.9586362242698669
1.1352852582931519
1.1111907958984375
1.0928422212600708
1.0616633892059326
0.997552216053009
1.0624942779541016
1.0529924631118774
1.0346378087997437
1.0160685777664185
0.9868611693382263
1.080672264099121
1.056878685951233
1.0194997787475586
0.9955077171325684
0.9439796805381775
0.43652355670928955
0.47200846672058105
0.6427561640739441
0.60451340675354
0.9096033573150635
0.44161003828048706
0.5128774046897888
0.6980618834495544
0.7147823572158813
0.9483156204223633
0.44131121039390564
0.5814535021781921
0.6484060883522034
0.787479043006897
0.8773860335350037
0.4526708126068115
0.5200992226600647
0.7052009105682373
0.6727613210678101
0.9562057852745056
0.4590660333633423
0.5591123104095459
0.7288680076599121
0.7561166882514954
0.974307119846344
0.3752821683883667
0.632102370262146
0.5645924210548401
0.8236362934112549
0.7809814214706421
0.41972535848617554
0.5023688673973083
0.6182460188865662
0.6764405369758606
0.808624804019928
0.3785627782344818
0.6162776947021484
0.5496100187301636
0.8481148481369019
0.811074435710907
0.38096946477890015
0.461549311876297
0.5294725298881531
0.6548368334770203
0.770703911781311
0.39665958285331726
0.57975172996521
0.5575355887413025
0.7794087529182434
0.811058521270752
0.39306384325027466
0.47505781054496765
0.7270966172218323
0.6519882678985596
0.9613504409790039
0.364359587430954
0.6123459935188293
0.5046114325523376
0.8365547060966492
0.6826940774917603
0.44789525866508484
0.6745336651802063
0.6408883333206177
0.8675270080566406
0.8361746668815613
0.4286825358867645
0.5144917964935303
0.62464439868927
0.7232905030250549
0.8629369735717773
0.5008164644241333
0.6121547222137451
0.8541250824928284
0.7787194848060608
1.0716708898544312
0.4039585292339325
0.5653212666511536
0.5693813562393188
0.8099306225776672
0.7553812861442566
0.48759251832962036
0.5486235618591309
0.910425066947937
0.7245485782623291
1.0450688600540161
0.45866358280181885
0.5849249362945557
0.7182761430740356
0.7552735805511475
1.0102729797363281
0.3823653757572174
0.511600136756897
0.5566655397415161
0.7446969151496887
0.7818777561187744
0.37224510312080383
0.6045053005218506
0.6117440462112427
0.784946620464325
0.8700055480003357
0.37068718671798706
0.5836154222488403
0.5337393283843994
0.7702624201774597
0.7640133500099182
0.3823048174381256
0.5977044701576233
0.5329713821411133
0.8239627480506897
0.7278254628181458
0.44103220105171204
0.612629771232605
0.6203567385673523
0.8430547714233398
0.7882171869277954
0.41667646169662476
0.5347055792808533
0.5866163969039917
0.7061493396759033
0.7332777380943298
0.5512059926986694
0.5701870918273926
0.7442163825035095
0.7741956114768982
0.8916429281234741
0.680071234703064
0.7701053619384766
0.8940073251724243
0.9155562520027161
1.109618067741394
0.7108463048934937
0.82538241147995
0.9110966920852661
0.9563847780227661
1.103973150253296
0.6851431727409363
0.8339873552322388
0.8890321850776672
0.9767744541168213
1.0845134258270264
0.7188565731048584
0.81730717420578
0.9145575761795044
0.9547352194786072
1.0933133363723755
0.7125966548919678
0.8237221240997314
0.906415581703186
0.9706515073776245
1.0798215866088867
0.663587212562561
0.8315876722335815
0.8603649735450745
0.9567474126815796
1.0573744773864746
0.6826620101928711
0.7781139612197876
0.8796847462654114
0.9231334924697876
1.07376229763031
0.6789726614952087
0.8194649815559387
0.8778113126754761
0.9698267579078674
1.0722100734710693
0.6922487020492554
0.7750067710876465
0.898087203502655
0.9304871559143066
1.075699806213379
0.7048401832580566
0.8287124037742615
0.9029631614685059
0.9818461537361145
1.0976680517196655
0.6925311088562012
0.7872254252433777
0.8978405594825745
0.9526844024658203
1.0934715270996094
0.7170012593269348
0.8299685716629028
0.9239926338195801
0.9688782691955566
1.1118649244308472
0.6629899144172668
0.8685386776924133
0.8532731533050537
0.984089732170105
1.04533052444458
0.6921741962432861
0.796210527420044
0.8932738304138184
0.9380394220352173
1.0794410705566406
0.706438422203064
0.8602452278137207
0.9020194411277771
0.9971691966056824
1.0924750566482544
0.6886379718780518
0.8282760977745056
0.8972861170768738
0.9785403609275818
1.0949056148529053
0.6775585412979126
0.7963283061981201
0.8697521686553955
1.0031766891479492
1.0665298700332642
0.6895239353179932
0.8142699599266052
0.8812902569770813
0.9547304511070251
1.0814192295074463
0.6768840551376343
0.7799001932144165
0.8837258219718933
0.943473219871521
1.0889136791229248
0.6420829892158508
0.8175603747367859
0.8250707387924194
0.982936441898346
1.0208244323730469
0.655005931854248
0.7988765835762024
0.8534567356109619
0.9427037239074707
1.054728388786316
0.6788833737373352
0.8004041910171509
0.8751416802406311
0.9455406665802002
1.0711112022399902
0.6870473027229309
0.8354973196983337
0.8770345449447632
0.9827948212623596
1.064774990081787
0.6958749890327454
0.810947597026825
0.8940350413322449
0.952377200126648
1.0832939147949219
0.7003109455108643
0.7813484072685242
0.8913184404373169
0.922508716583252
1.0740915536880493
0.763931930065155
0.8504025936126709
0.9503175616264343
1.0332481861114502
1.049782395362854
0.5594744086265564
0.6034910082817078
0.6632210612297058
0.7335187792778015
0.8120681047439575
0.6482131481170654
0.6956323385238647
0.7475676536560059
0.8182947635650635
0.8947384357452393
0.6560130715370178
0.7297073602676392
0.8206696510314941
0.9305906891822815
1.0508254766464233
0.7629411220550537
0.8380609154701233
0.9198424220085144
1.0527617931365967
1.154961347579956
0.7214377522468567
0.7976195812225342
0.8932735919952393
1.016251802444458
1.0738121271133423
0.704786479473114
0.77588951587677
0.8579967617988586
0.9653730988502502
1.0972621440887451
0.8477635979652405
0.9577702283859253
1.050886631011963
1.0895280838012695
1.099164605140686
0.840330958366394
0.9124696850776672
0.9849039912223816
1.0809427499771118
1.1042490005493164
0.901947021484375
1.0034370422363281
1.07325279712677
1.0666158199310303
1.0815813541412354
0.7984188199043274
0.8813315033912659
0.994226336479187
1.1090224981307983
1.096035122871399
0.7057515382766724
0.7812628149986267
0.8789939284324646
1.014966368675232
1.0796762704849243
0.7792063355445862
0.8675817251205444
0.9633956551551819
1.0464274883270264
1.0751934051513672
0.6546494364738464
0.7183464169502258
0.7862589359283447
0.8570912480354309
0.9323775172233582
0.730612576007843
0.7955668568611145
0.8826197385787964
1.0040696859359741
1.1018322706222534
0.8467879891395569
0.9367566704750061
1.0115718841552734
1.0476956367492676
1.078617811203003
0.9701318144798279
1.0239150524139404
1.028519868850708
1.0370962619781494
1.0408756732940674
0.6790028810501099
0.7562031745910645
0.8616535067558289
0.9928259253501892
1.1227785348892212
0.713290274143219
0.7971687912940979
0.8905743956565857
1.008535623550415
1.071334958076477
0.7057845592498779
0.7875220775604248
0.8762362003326416
0.994527280330658
1.0480459928512573
0.7720035314559937
0.8638002872467041
0.9697760343551636
1.07937753200531
1.093969702720642
0.703374445438385
0.7648007869720459
0.8606755137443542
0.9763662219047546
1.0977418422698975
0.6546598672866821
0.7155658006668091
0.7776804566383362
0.84964519739151
0.9256471395492554
0.8885225653648376
0.9850879311561584
1.0676758289337158
1.081615686416626
1.0860835313796997
0.6567527055740356
0.7211358547210693
0.7964543700218201
0.8765192627906799
0.9698569178581238
0.7742042541503906
0.8626483082771301
0.9533286690711975
1.0206873416900635
1.0872746706008911
0.7829909324645996
0.8816347122192383
0.9714854955673218
1.045426368713379
1.1021380424499512
0.9206120371818542
1.0118733644485474
1.0794764757156372
1.127334475517273
1.165471076965332
0.8550899028778076
0.9615781307220459
1.0306122303009033
1.0861397981643677
1.1356759071350098
0.7353415489196777
0.8143559694290161
0.894207775592804
0.9665347337722778
1.0454797744750977
0.852765679359436
0.9342315793037415
0.9979051947593689
1.056673526763916
1.1128367185592651
0.8556957840919495
0.937760591506958
1.0188775062561035
1.0872209072113037
1.1260898113250732
0.8124254941940308
0.8927528858184814
0.9698601365089417
1.0390031337738037
1.0957063436508179
0.9144778251647949
1.0048543214797974
1.0708608627319336
1.1191861629486084
1.153730869293213
0.8860042691230774
0.9694027304649353
1.0566942691802979
1.1156539916992188
1.156168818473816
0.797231137752533
0.8738153576850891
0.9641554355621338
1.0342564582824707
1.10416579246521
0.8725643157958984
0.9617469310760498
1.035441517829895
1.093845009803772
1.1397178173065186
0.7878938317298889
0.8680537939071655
0.9453626871109009
1.026175618171692
1.088584542274475
0.8276669979095459
0.9158873558044434
1.0066285133361816
1.066133737564087
1.1124476194381714
0.840620219707489
0.9283372163772583
1.0077509880065918
1.0653272867202759
1.1141467094421387
0.9020060896873474
0.9847592115402222
1.047074794769287
1.1105514764785767
1.152389645576477
0.8431620001792908
0.9224143624305725
1.0082181692123413
1.066271424293518
1.1142934560775757
0.7784764766693115
0.8640835881233215
0.946320652961731
1.0189571380615234
1.0937925577163696
0.8030198216438293
0.900323212146759
0.9927773475646973
1.0620217323303223
1.1189661026000977
0.8658567667007446
0.9631960391998291
1.042830228805542
1.0992814302444458
1.1342495679855347
0.8613725900650024
0.9477947950363159
1.0252610445022583
1.0825506448745728
1.1313719749450684
0.8278549313545227
0.9137928485870361
0.9901020526885986
1.0487462282180786
1.0977671146392822
0.889684796333313
0.9826998114585876
1.052091121673584
1.1054662466049194
1.1498159170150757
0.8118045330047607
0.9027366042137146
0.9998974204063416
1.0692756175994873
1.1232655048370361
0.8893157839775085
0.997566819190979
1.0680583715438843
1.1120903491973877
1.14957594871521
0.6379956007003784
0.7169108390808105
0.8085799217224121
0.9512471556663513
1.1079318523406982
0.7574062347412109
0.8883846402168274
1.0162938833236694
1.1305629014968872
1.2217588424682617
0.823136568069458
0.9369034767150879
1.0647101402282715
1.1787199974060059
1.2370578050613403
0.7946945428848267
0.958427906036377
1.104315996170044
1.2091401815414429
1.254119873046875
0.6221314072608948
0.7061052322387695
0.7975728511810303
0.9228484034538269
1.047335147857666
0.6767680048942566
0.7439544200897217
0.852528989315033
0.9761238098144531
1.1075769662857056
0.7208908796310425
0.8578485250473022
0.9844503402709961
1.1060906648635864
1.1966763734817505
0.6394633054733276
0.7123712301254272
0.8196331262588501
0.9608982801437378
1.072302222251892
0.7574591040611267
0.8667685389518738
1.0024985074996948
1.1150517463684082
1.19785737991333
0.7745883464813232
0.911932647228241
1.0412695407867432
1.155115008354187
1.2288254499435425
0.6981900930404663
0.7832542657852173
0.8950372338294983
1.0163326263427734
1.1475807428359985
0.7666400074958801
0.9040440917015076
1.0282646417617798
1.1398870944976807
1.2162901163101196
0.642594575881958
0.7051479816436768
0.7780588865280151
0.8814308047294617
0.9999505281448364
0.6622760891914368
0.7509605288505554
0.8511838316917419
0.9882277250289917
1.1220613718032837
0.7599745392799377
0.8848971128463745
1.0218262672424316
1.1600008010864258
1.2372721433639526
0.7565126419067383
0.8863659501075745
1.0366579294204712
1.1447762250900269
1.2183690071105957
0.742373526096344
0.8760253190994263
0.9987433552742004
1.1319000720977783
1.2173349857330322
0.6609722375869751
0.753619372844696
0.8593980073928833
0.9976335763931274
1.1430796384811401
0.6748700141906738
0.7677226662635803
0.9019834399223328
1.0527623891830444
1.1636998653411865
0.7148895859718323
0.8247358202934265
0.9359284043312073
1.0708080530166626
1.1775052547454834
0.6831602454185486
0.7584218978881836
0.8654874563217163
0.9958823323249817
1.1266309022903442
0.6995463371276855
0.7806194424629211
0.9015225768089294
1.0400763750076294
1.1610164642333984
0.7916377186775208
0.9368423223495483
1.0699031352996826
1.1679264307022095
1.227896809577942
0.6914916634559631
0.7995576858520508
0.9125067591667175
1.048042893409729
1.1614172458648682
0.5919578671455383
0.671433687210083
0.7424729466438293
0.8166092038154602
0.9245139360427856
0.8178831934928894
0.9066498875617981
1.0258592367172241
1.1121081113815308
1.1809215545654297
0.913263738155365
1.012251377105713
1.103408694267273
1.1821001768112183
1.2382084131240845
0.9605517983436584
1.052189588546753
1.1239943504333496
1.1859793663024902
1.2435976266860962
0.958023190498352
1.049948811531067
1.1392792463302612
1.1934627294540405
1.2577377557754517
0.7671594023704529
0.8655893802642822
0.9616175889968872
1.066301941871643
1.1689671277999878
0.8426743745803833
0.9283813834190369
1.022121548652649
1.1049275398254395
1.1827280521392822
0.8626431822776794
0.9685398936271667
1.0665749311447144
1.1336442232131958
1.2136038541793823
0.80414879322052
0.909913182258606
1.0009238719940186
1.091845989227295
1.1710102558135986
0.9466500282287598
1.0279062986373901
1.1100119352340698
1.1659584045410156
1.2388864755630493
0.929970383644104
1.0412827730178833
1.1154589653015137
1.1819307804107666
1.256853461265564
0.8488860130310059
0.9506127834320068
1.0493258237838745
1.1276460886001587
1.2071105241775513
0.930438756942749
1.026650071144104
1.109952688217163
1.1768629550933838
1.2508515119552612
0.8050318360328674
0.8905940651893616
0.9744070768356323
1.0636577606201172
1.149908423423767
0.8352383375167847
0.924805223941803
1.0233105421066284
1.1183003187179565
1.1968835592269897
0.922462522983551
1.0180984735488892
1.1172302961349487
1.1844127178192139
1.2302824258804321
0.94500333070755
1.0370252132415771
1.110564947128296
1.1744846105575562
1.2598938941955566
0.9045093655586243
1.0077091455459595
1.0892850160598755
1.1558212041854858
1.2212162017822266
0.8260191082954407
0.9419497847557068
1.0372387170791626
1.1398870944976807
1.2238376140594482
0.8438397645950317
0.9492868185043335
1.0437102317810059
1.1334232091903687
1.209942102432251
0.847201943397522
0.9505210518836975
1.0300049781799316
1.0968666076660156
1.1646071672439575
0.8586732149124146
0.9326519966125488
1.046385407447815
1.1264448165893555
1.19564688205719
0.8662250638008118
0.9572312831878662
1.0477529764175415
1.1388674974441528
1.2181330919265747
0.936665415763855
1.0261726379394531
1.1018387079238892
1.1621826887130737
1.2270299196243286
0.855712890625
0.9639020562171936
1.0601327419281006
1.1391570568084717
1.2127149105072021
0.7905449867248535
0.9078936576843262
0.8895177245140076
1.0852081775665283
1.1307471990585327
0.8183768391609192
0.9065982103347778
1.0166054964065552
1.0936530828475952
1.1870671510696411
0.8434346318244934
0.9332032203674316
1.0197917222976685
1.0906723737716675
1.2376869916915894
0.8382264375686646
0.9224933385848999
0.992401659488678
1.107621669769287
1.151382565498352
0.8526357412338257
0.9326708912849426
1.0301815271377563
1.0865912437438965
1.230121374130249
0.6662734150886536
0.7583147883415222
0.8633931875228882
0.9996523857116699
1.0918245315551758
0.820174515247345
0.9024732112884521
1.020613193511963
1.0644251108169556
1.142930030822754
0.7588470578193665
0.8575643301010132
0.9630445837974548
1.047186017036438
1.1727428436279297
0.7743040323257446
0.869960606098175
0.9579100608825684
1.0678391456604004
1.1261372566223145
0.8395563364028931
0.9451059699058533
1.0071125030517578
1.105706810951233
1.1630253791809082
0.8163290619850159
0.9461486339569092
1.019553303718567
1.0790590047836304
1.1402349472045898
0.7805095314979553
0.8740761280059814
1.0007565021514893
1.096959114074707
1.1741061210632324
0.8269156813621521
0.9073355793952942
1.012808084487915
1.1209956407546997
1.1946845054626465
0.8010969161987305
0.8972532153129578
1.012155532836914
1.1021673679351807
1.1653786897659302
0.7166754007339478
0.805554986000061
0.8876652717590332
1.0323933362960815
1.1139289140701294
0.7961547374725342
0.8997021317481995
1.0096460580825806
1.0962884426116943
1.1511240005493164
0.8696289658546448
0.9250770807266235
1.0205436944961548
1.0944721698760986
1.182501196861267
0.8640938401222229
0.946521520614624
1.0918686389923096
1.1305443048477173
1.1884196996688843
0.7402874231338501
0.87755286693573
0.9995560646057129
1.1128689050674438
1.1804765462875366
0.7663549184799194
0.8609181642532349
0.9976099133491516
1.0647226572036743
1.176019549369812
0.8635678291320801
0.9150013327598572
0.9988064169883728
1.0475748777389526
1.1180360317230225
0.8251690864562988
0.9127554893493652
0.9996440410614014
1.073364019393921
1.1192662715911865
0.7867845892906189
0.8773530125617981
0.9621173739433289
1.058755874633789
1.1523234844207764
0.8084983825683594
0.8952078223228455
0.9972718358039856
1.0578373670578003
1.1324057579040527
0.7657621502876282
0.8555898070335388
1.0097094774246216
1.137239694595337
1.1885310411453247
0.7666192054748535
0.9179913997650146
0.9863950610160828
1.061122179031372
1.0920401811599731
0.7199856042861938
0.8466030359268188
0.9247047901153564
1.0198523998260498
1.1933841705322266
0.7768417000770569
0.9488372206687927
1.162881851196289
1.2636111974716187
1.2809972763061523
0.7599884867668152
0.9214997887611389
1.1479254961013794
1.2301421165466309
1.2644853591918945
0.8516236543655396
1.0421347618103027
1.1890558004379272
1.2351425886154175
1.2891803979873657
0.6716802716255188
0.7952886819839478
0.8690221905708313
0.9242622256278992
1.005537748336792
0.7278301119804382
0.8531301021575928
0.9567359089851379
1.0166065692901611
1.2102723121643066
0.753227174282074
0.9054920673370361
1.0299769639968872
1.0889183282852173
1.2143454551696777
0.6810618042945862
0.8072192668914795
0.8927735090255737
0.9429337978363037
0.9933728575706482
0.7330659031867981
0.8575177192687988
0.9807391166687012
1.0603269338607788
1.1785235404968262
0.8022398352622986
0.9479732513427734
1.0775444507598877
1.2153271436691284
1.2696495056152344
0.7123152613639832
0.8312908411026001
0.9082915782928467
1.0168911218643188
1.1808843612670898
0.7464908957481384
0.9009070992469788
1.0243788957595825
1.1551315784454346
1.245518684387207
0.6671884059906006
0.7880086302757263
0.8664040565490723
0.9154011607170105
1.0088037252426147
0.6923528909683228
0.8165158629417419
0.9192507863044739
0.9763818979263306
1.1415934562683105
0.7682983875274658
0.9178300499916077
1.062836766242981
1.1416915655136108
1.2130770683288574
0.7961589097976685
1.020028829574585
1.2162233591079712
1.2631889581680298
1.267754316329956
0.8054895997047424
0.9125378727912903
1.0731674432754517
1.1839736700057983
1.2675755023956299
0.6923840641975403
0.8138667345046997
0.8891410827636719
0.9928490519523621
1.109217882156372
0.6615673303604126
0.7870060205459595
0.865450918674469
0.9215244650840759
1.0076857805252075
0.7432817220687866
0.8682408928871155
0.9764280915260315
1.0442485809326172
1.1758009195327759
0.7396551966667175
0.8628654479980469
0.9681714773178101
1.0283927917480469
1.163794994354248
0.7002593278884888
0.8163939714431763
0.9397626519203186
1.049782156944275
1.23526930809021
0.7857210636138916
0.9177022576332092
1.0177130699157715
1.1065634489059448
1.20029878616333
0.7336152195930481
0.8771882057189941
0.981269359588623
1.045696496963501
1.2302063703536987
0.5235915184020996
0.6289060115814209
0.7168022394180298
0.7785273790359497
0.8257145881652832
0.814063310623169
0.9472932815551758
1.0520732402801514
1.1568629741668701
1.255551815032959
0.9099340438842773
1.0482724905014038
1.1839287281036377
1.2684582471847534
1.292529821395874
0.9788675308227539
1.0995361804962158
1.20286226272583
1.2617477178573608
1.295583724975586
1.0119187831878662
1.146623969078064
1.22736656665802
1.271714687347412
1.298363447189331
0.7462033629417419
0.8391224145889282
0.9532977938652039
1.0738967657089233
1.1909476518630981
0.8305717706680298
0.9208061695098877
1.048690676689148
1.1545069217681885
1.2640461921691895
0.873747706413269
1.000810980796814
1.1202032566070557
1.2153834104537964
1.2811511754989624
0.7891597151756287
0.8899100422859192
0.9959415793418884
1.102272629737854
1.1889899969100952
0.8947161436080933
1.0112180709838867
1.1241455078125
1.2207709550857544
1.2755428552627563
0.9152180552482605
1.040439248085022
1.1648855209350586
1.2562499046325684
1.2935515642166138
0.8260248899459839
0.9449950456619263
1.0597542524337769
1.1782855987548828
1.2718391418457031
0.9459932446479797
1.0608755350112915
1.189207673072815
1.2632484436035156
1.2870163917541504
0.8005134463310242
0.8786925673484802
0.9755153059959412
1.065184473991394
1.1662670373916626
0.7680819034576416
0.8824591636657715
1.0149403810501099
1.1289501190185547
1.2496951818466187
0.924443244934082
1.075520634651184
1.1792629957199097
1.2536228895187378
1.2915290594100952
0.9371241927146912
1.076790690422058
1.1923540830612183
1.2687753438949585
1.2680625915527344
0.9228184223175049
1.0129276514053345
1.1402033567428589
1.241848111152649
1.29457426071167
0.7798699736595154
0.904446542263031
1.030716896057129
1.158178687095642
1.2638864517211914
0.8464446663856506
0.9668236374855042
1.0760974884033203
1.1848859786987305
1.2499659061431885
0.8513081073760986
0.9681163430213928
1.091631531715393
1.2032623291015625
1.2628939151763916
0.7983043789863586
0.9064450860023499
1.029329776763916
1.1553817987442017
1.2584329843521118
0.8370915651321411
0.951985239982605
1.0859568119049072
1.2092026472091675
1.2903645038604736
0.9427227973937988
1.031610131263733
1.1378370523452759
1.2308400869369507
1.2875746488571167
0.827655553817749
0.9546250700950623
1.0583504438400269
1.1890904903411865
1.2840166091918945
0.6883136034011841
0.7705068588256836
0.8832968473434448
1.0301111936569214
1.1441915035247803
