0.9938094019889832
0.9878284931182861
0.976798951625824
0.9565861225128174
0.9258928894996643
0.9917580485343933
0.9839171171188354
0.9695281982421875
0.9454291462898254
0.9050775170326233
0.9887617230415344
0.9782906174659729
0.9590223431587219
0.9253876805305481
0.8746123313903809
0.9894063472747803
0.9797543287277222
0.9620293378829956
0.9317981600761414
0.880641758441925
0.9956420063972473
0.991735577583313
0.9845190644264221
0.9724596738815308
0.9515774846076965
0.994181215763092
0.9887323975563049
0.9781633615493774
0.9602634906768799
0.930698037147522
0.9930819869041443
0.9865202903747559
0.9740040898323059
0.9523127675056458
0.9164007306098938
0.9942598938941956
0.9891738295555115
0.9801000952720642
0.9646012187004089
0.9403154253959656
0.9907296299934387
0.9816733598709106
0.9648768901824951
0.9375518560409546
0.8923141956329346
0.9915043115615845
0.9837024807929993
0.9688674807548523
0.9438097476959229
0.9048660397529602
0.9928574562072754
0.9862061142921448
0.9743184447288513
0.9553547501564026
0.9245337247848511
0.9910761117935181
0.9826364517211914
0.9673472046852112
0.9406429529190063
0.9005544185638428
0.995519757270813
0.9914494752883911
0.9839011430740356
0.970305323600769
0.9480418562889099
0.9938108325004578
0.9882716536521912
0.9778938293457031
0.9615507125854492
0.9332817196846008
0.9901122450828552
0.9807677268981934
0.9639161825180054
0.9354113340377808
0.8903877139091492
0.9901822209358215
0.9808995127677917
0.9632329344749451
0.9333375096321106
0.8860662579536438
0.992501974105835
0.9859243035316467
0.9741157293319702
0.953036904335022
0.9204375743865967
0.9948440194129944
0.9902288913726807
0.9812581539154053
0.9670682549476624
0.9418727159500122
0.9942474365234375
0.9889444708824158
0.9793350696563721
0.9626486301422119
0.9350084066390991
0.9907916188240051
0.9817006587982178
0.9660593271255493
0.9372203350067139
0.8926213383674622
0.9947665333747864
0.9897017478942871
0.9805938005447388
0.9636571407318115
0.9375987648963928
0.9919517040252686
0.9845683574676514
0.9708661437034607
0.9465733170509338
0.9110381007194519
0.9895283579826355
0.9796413779258728
0.9612613916397095
0.9299502968788147
0.8792663216590881
0.9919573664665222
0.9849511384963989
0.9706940054893494
0.9465201497077942
0.9059069752693176
0.9925633668899536
0.9857172966003418
0.9724725484848022
0.9522141814231873
0.9185466766357422
0.9977616667747498
0.9956303238868713
0.991148829460144
0.9833592176437378
0.9679500460624695
0.9975946545600891
0.9952051043510437
0.9905693531036377
0.982090175151825
0.9658758044242859
0.9967350363731384
0.993630051612854
0.9872612953186035
0.974840521812439
0.9523184299468994
0.9967974424362183
0.9936240315437317
0.9877406358718872
0.9767882227897644
0.9553687572479248
0.9983235001564026
0.9966546297073364
0.9933840036392212
0.987455427646637
0.9758093357086182
0.9979544878005981
0.9959732294082642
0.9919840693473816
0.9840191006660461
0.9696153998374939
0.997695803642273
0.9955005049705505
0.990875780582428
0.9820731282234192
0.9653127193450928
0.9978508353233337
0.9957404732704163
0.9918809533119202
0.9846500754356384
0.9717726707458496
0.9970580339431763
0.9941510558128357
0.9882431030273438
0.9768572449684143
0.956689178943634
0.997134804725647
0.994374692440033
0.9885777831077576
0.9783189296722412
0.95943284034729
0.997631847858429
0.9954200983047485
0.9907484650611877
0.9828356504440308
0.9672043323516846
0.9970064759254456
0.9941272139549255
0.9884558916091919
0.9781204462051392
0.9591629505157471
0.9982925653457642
0.9965546131134033
0.9932853579521179
0.986919105052948
0.9747758507728577
0.9979619383811951
0.9960533976554871
0.9924790263175964
0.9852202534675598
0.9726767539978027
0.9967559576034546
0.9937433004379272
0.9876914620399475
0.9766806364059448
0.9562592506408691
0.9968798756599426
0.993789792060852
0.9877634048461914
0.976234495639801
0.9540682435035706
0.9973496198654175
0.9948318600654602
0.9897693395614624
0.98052978515625
0.9642778635025024
0.9981041550636292
0.9963139295578003
0.9927664399147034
0.9864604473114014
0.9744477272033691
0.9980151057243347
0.9962173104286194
0.9923486709594727
0.985129177570343
0.9716952443122864
0.9968463182449341
0.993800699710846
0.9876483678817749
0.9762622117996216
0.9555673599243164
0.9980503916740417
0.9962688088417053
0.9923684000968933
0.9856019616127014
0.9715889096260071
0.9974454045295715
0.9949917197227478
0.9899543523788452
0.9804627895355225
0.9639443159103394
0.9967446327209473
0.9936609864234924
0.9876331090927124
0.9760775566101074
0.9541319012641907
0.9973635077476501
0.9947533011436462
0.9894845485687256
0.9796299934387207
0.9611188769340515
0.9974343180656433
0.9950633645057678
0.9903451204299927
0.9815029501914978
0.9650739431381226
0.9777690172195435
0.9596900939941406
0.929590106010437
0.8806815147399902
0.8231014013290405
0.9687950611114502
0.9435973167419434
0.9015988707542419
0.8371382355690002
0.7598323225975037
0.9588255286216736
0.9274717569351196
0.8718469142913818
0.8000347018241882
0.709999144077301
0.9613190293312073
0.9297664761543274
0.877658486366272
0.8048946857452393
0.7159093618392944
0.9851908683776855
0.9731946587562561
0.9534022808074951
0.9236005544662476
0.8793841600418091
0.9799275398254395
0.9617617130279541
0.9342399835586548
0.8926664590835571
0.8313772082328796
0.9744479060173035
0.9532431364059448
0.9198248386383057
0.8701449036598206
0.8018401265144348
0.9810970425605774
0.9661952257156372
0.9417893290519714
0.9035708904266357
0.851570725440979
0.9664924144744873
0.9378199577331543
0.893883466720581
0.8316232562065125
0.7533687949180603
0.9704944491386414
0.9443854689598083
0.9029804468154907
0.8451996445655823
0.769939661026001
0.9747445583343506
0.9540611505508423
0.9228715896606445
0.8751062154769897
0.8132673501968384
0.9675959348678589
0.9420456290245056
0.8990353345870972
0.8348962664604187
0.7596859931945801
0.9848955273628235
0.972514271736145
0.9496184587478638
0.9146667718887329
0.8679742813110352
0.9793814420700073
0.9624056816101074
0.9323389530181885
0.8933000564575195
0.8350285291671753
0.9629915356636047
0.9340088963508606
0.8862442970275879
0.8195327520370483
0.7374987602233887
0.9638240337371826
0.9341787695884705
0.8869832754135132
0.8198457956314087
0.7287635803222656
0.9742621779441833
0.9535036087036133
0.9195329546928406
0.8688349723815918
0.8042690753936768
0.9818608164787292
0.96701979637146
0.9423519372940063
0.9049032330513
0.8546178340911865
0.9798679351806641
0.9635211229324341
0.9355188608169556
0.8944756388664246
0.8379479646682739
0.9671679735183716
0.9401313662528992
0.8961803317070007
0.834726095199585
0.7559743523597717
0.9816710352897644
0.9660309553146362
0.9394062757492065
0.897313117980957
0.8354007005691528
0.9715602397918701
0.9479992985725403
0.911162257194519
0.8567233085632324
0.7807789444923401
0.9616082906723022
0.9306398034095764
0.8806458115577698
0.808417797088623
0.7203928232192993
0.9713815450668335
0.948485791683197
0.9096378087997437
0.8556164503097534
0.7825381755828857
0.9737446904182434
0.9543527364730835
0.9210450053215027
0.8765028715133667
0.8183155655860901
0.9988992810249329
0.9977957606315613
0.9956178069114685
0.9918968677520752
0.9836128950119019
0.9983251690864563
0.9966448545455933
0.9932284951210022
0.9859886169433594
0.9706466794013977
0.9976353049278259
0.9951402544975281
0.9908758401870728
0.9820651412010193
0.9643915295600891
0.9983652830123901
0.9967301487922668
0.993761420249939
0.9869961142539978
0.9727637767791748
0.9990072846412659
0.9980519413948059
0.9959753751754761
0.9919640421867371
0.9837818741798401
0.9988290071487427
0.9977381825447083
0.9954181909561157
0.990492045879364
0.9825788140296936
0.9988662600517273
0.9977114200592041
0.9954871535301208
0.9907928705215454
0.9820066690444946
0.9990235567092896
0.9981416463851929
0.9963021278381348
0.9927247762680054
0.9857611656188965
0.9985518455505371
0.9972046613693237
0.9944564700126648
0.9891341924667358
0.9792447090148926
0.9979442954063416
0.9963538646697998
0.9929214715957642
0.9862096309661865
0.973728358745575
0.9987208843231201
0.9976910948753357
0.9953626990318298
0.9907407164573669
0.981641411781311
0.9979187250137329
0.9960583448410034
0.9920732975006104
0.9841623902320862
0.9698570370674133
0.9989652633666992
0.9981851577758789
0.9963049292564392
0.992759108543396
0.9851316213607788
0.9990333318710327
0.9981743097305298
0.9963264465332031
0.9926440119743347
0.9855287671089172
0.997348964214325
0.9950089454650879
0.9902217984199524
0.981275200843811
0.9658810496330261
0.9980525374412537
0.9963749647140503
0.9928449988365173
0.9861766695976257
0.9737340807914734
0.998619556427002
0.9975477457046509
0.9950764775276184
0.9900121688842773
0.9800750613212585
0.9988080263137817
0.9976630210876465
0.9953315258026123
0.9908266067504883
0.9822738170623779
0.9990630149841309
0.9977975487709045
0.9956105947494507
0.992476224899292
0.98260897397995
0.9981161952018738
0.996277928352356
0.9925208687782288
0.9850531220436096
0.971095860004425
0.9986011385917664
0.9972675442695618
0.9945233464241028
0.9888725280761719
0.9786045551300049
0.9985470771789551
0.9973409175872803
0.9946259260177612
0.9893617033958435
0.9795604944229126
0.9989105463027954
0.9977962970733643
0.9956489205360413
0.9916133284568787
0.98431396484375
0.9986556768417358
0.9974864721298218
0.9950644373893738
0.9903566241264343
0.9816142320632935
0.9980025291442871
0.9959887266159058
0.9923046827316284
0.9853400588035583
0.9729689955711365
0.9975494742393494
0.9951714277267456
0.9853821992874146
0.9590914845466614
0.898123025894165
0.9968805909156799
0.9939205646514893
0.98192298412323
0.9502736330032349
0.8771048188209534
0.995693027973175
0.9915133714675903
0.9743519425392151
0.9288747906684875
0.8306609988212585
0.9959386587142944
0.9921122789382935
0.9767144918441772
0.9358310699462891
0.8419239521026611
0.9982248544692993
0.9965518712997437
0.9898380041122437
0.9717786312103271
0.9271368980407715
0.9974726438522339
0.995012640953064
0.9849631190299988
0.9577407836914062
0.8936629295349121
0.9973166584968567
0.9947026968002319
0.983873724937439
0.9537503123283386
0.8838183879852295
0.9976723194122314
0.9955446124076843
0.9872886538505554
0.9657106399536133
0.9134635925292969
0.9965893626213074
0.9932246804237366
0.97905433177948
0.940645694732666
0.8578571677207947
0.9966657757759094
0.9934573173522949
0.9804699420928955
0.945591151714325
0.8668656945228577
0.9972114562988281
0.9945459961891174
0.9840838313102722
0.9564909934997559
0.8923739790916443
0.9962822794914246
0.9928073883056641
0.978842556476593
0.9411068558692932
0.8572019338607788
0.9981375336647034
0.996354341506958
0.9891408681869507
0.9697250127792358
0.9218502044677734
0.9976348876953125
0.9953786134719849
0.9866102337837219
0.963590681552887
0.9100319743156433
0.9959881901741028
0.992172360420227
0.9768558144569397
0.9363111257553101
0.8434102535247803
0.9961476922035217
0.9924582242965698
0.9774674773216248
0.9372512698173523
0.8460461497306824
0.9970586895942688
0.9943336248397827
0.9834876656532288
0.9543839693069458
0.8865668773651123
0.997929573059082
0.9959739446640015
0.9881759285926819
0.9671783447265625
0.9171185493469238
0.9977401494979858
0.9955838322639465
0.9869635105133057
0.9637446403503418
0.9081248641014099
0.9958188533782959
0.9916373491287231
0.9746365547180176
0.929241955280304
0.8296997547149658
0.9978521466255188
0.9957656264305115
0.987212598323822
0.96369868516922
0.9066296219825745
0.996926486492157
0.9939772486686707
0.9819825291633606
0.9497436285018921
0.8767699599266052
0.9958944320678711
0.9919615983963013
0.9758493900299072
0.9328070282936096
0.8386328816413879
0.9968945980072021
0.9938713908195496
0.9813496470451355
0.9473260641098022
0.8724721074104309
0.9967181086540222
0.993651807308197
0.98139488697052
0.9498516321182251
0.8803512454032898
0.9943559765815735
0.9879747033119202
0.9767169952392578
0.9581023454666138
0.9232114553451538
0.9899620413780212
0.9799615740776062
0.9579207897186279
0.9261115789413452
0.8712795972824097
0.9897274971008301
0.9793761968612671
0.9604420065879822
0.9253911375999451
0.875436544418335
0.9915298819541931
0.9813708662986755
0.9641362428665161
0.9334465265274048
0.8785455226898193
0.9955534338951111
0.9894826412200928
0.9799160957336426
0.9635033011436462
0.9353799223899841
0.9912585020065308
0.978046178817749
0.9583662152290344
0.9296039938926697
0.8810307383537292
0.9939057230949402
0.9877495169639587
0.9768815040588379
0.9565653800964355
0.9236249327659607
0.9929290413856506
0.9862105846405029
0.9705535173416138
0.9419721364974976
0.9040700793266296
0.9907626509666443
0.9825811982154846
0.9668591022491455
0.937743067741394
0.8918105959892273
0.9923953413963318
0.9789969325065613
0.9600361585617065
0.9316738843917847
0.8827093243598938
0.9927337765693665
0.9843748211860657
0.9681842923164368
0.9447307586669922
0.9024204611778259
0.9879425764083862
0.9754849076271057
0.9484949111938477
0.9136937260627747
0.8517966270446777
0.9948095083236694
0.9900371432304382
0.9809281826019287
0.9636762142181396
0.9350920915603638
0.9945166110992432
0.9861551523208618
0.9758301377296448
0.9558230638504028
0.9204058647155762
0.9864653944969177
0.9709994196891785
0.9415555596351624
0.8983844518661499
0.8305807709693909
0.9920666217803955
0.9806236028671265
0.9667310118675232
0.9351660013198853
0.8853302001953125
0.9927815198898315
0.9853112697601318
0.9707080721855164
0.9447717070579529
0.9051492214202881
0.9946147799491882
0.9859601259231567
0.9735381603240967
0.9505694508552551
0.9126465320587158
0.9946452975273132
0.9890836477279663
0.9787540435791016
0.9608009457588196
0.9289267063140869
0.9785242676734924
0.9518850445747375
0.9090543985366821
0.8376733660697937
0.7531975507736206
0.9935339689254761
0.9877349734306335
0.9751240015029907
0.9523550271987915
0.9209592938423157
0.9924355149269104
0.9835301041603088
0.9673262238502502
0.9420021772384644
0.8967019319534302
0.9904407262802124
0.9802440404891968
0.961719274520874
0.9288326501846313
0.8729591965675354
0.9934357404708862
0.9847014546394348
0.9708219170570374
0.9438745975494385
0.9020465016365051
0.9885357618331909
0.9794511795043945
0.9603307247161865
0.9290408492088318
0.883128821849823
0.9915288090705872
0.9778665900230408
0.9639083743095398
0.9314672350883484
0.8668076992034912
0.9830225706100464
0.9659154415130615
0.9435365796089172
0.9066421985626221
0.8183013200759888
0.9759476780891418
0.9556129574775696
0.9243522882461548
0.8970661163330078
0.8385079503059387
0.9716137647628784
0.9500730037689209
0.9229175448417664
0.8685427904129028
0.7902961373329163
0.9916593432426453
0.9809377789497375
0.9621233344078064
0.9289544820785522
0.8822888731956482
0.9909625053405762
0.981544554233551
0.9664989709854126
0.9419159889221191
0.8916445374488831
0.9845362305641174
0.9699850082397461
0.9387837648391724
0.9003651738166809
0.842163622379303
0.9915571212768555
0.9805015921592712
0.9688514471054077
0.9387030601501465
0.8886622190475464
0.9851311445236206
0.9692746996879578
0.9441322088241577
0.9006852507591248
0.8383074402809143
0.9840047955513
0.9695923328399658
0.926541268825531
0.8672599196434021
0.8118108510971069
0.9910150766372681
0.9738878011703491
0.9552393555641174
0.9198619723320007
0.859645664691925
0.9768801331520081
0.9592776894569397
0.9239203929901123
0.893537700176239
0.8293972015380859
0.9938565492630005
0.9868934154510498
0.9757881164550781
0.9462950229644775
0.880247175693512
0.9874143004417419
0.9783614873886108
0.9448140859603882
0.9068807363510132
0.8327401280403137
0.9771444201469421
0.9544769525527954
0.9371293783187866
0.8924149870872498
0.8236606121063232
0.9671656489372253
0.9462123513221741
0.89605712890625
0.8385424017906189
0.7610322833061218
0.9854118227958679
0.9590990543365479
0.9078286290168762
0.8489930629730225
0.760578453540802
0.9911087155342102
0.977319598197937
0.9422860145568848
0.9222174882888794
0.8677085638046265
0.989171028137207
0.975127100944519
0.9548552632331848
0.9206435680389404
0.8657513856887817
0.9845246076583862
0.966621994972229
0.9368113279342651
0.9104917645454407
0.8756378889083862
0.992023766040802
0.9819170832633972
0.9655280709266663
0.933806300163269
0.8865832090377808
0.9877403974533081
0.9713483452796936
0.9466906189918518
0.912517249584198
0.8524545431137085
0.972255289554596
0.9398334622383118
0.8939168453216553
0.8420302271842957
0.7828840613365173
0.9853867292404175
0.9662457704544067
0.9426273107528687
0.8957294225692749
0.8083237409591675
0.9787023663520813
0.9653406143188477
0.9506778717041016
0.9340998530387878
0.9074320197105408
0.9933180212974548
0.9804183840751648
0.9475446343421936
0.8683792948722839
0.7284958958625793
0.9968869686126709
0.9893377423286438
0.9651146531105042
0.9023808836936951
0.7900263071060181
0.9960856437683105
0.9879427552223206
0.9657428860664368
0.9171366095542908
0.8334198594093323
0.9979292154312134
0.9937273263931274
0.980802595615387
0.9444707632064819
0.8772761821746826
0.9955145120620728
0.9858763813972473
0.9561482071876526
0.8782781362533569
0.7445984482765198
0.9891741871833801
0.9746691584587097
0.9431743621826172
0.8713667392730713
0.7429431676864624
0.9963390231132507
0.9884565472602844
0.9669705033302307
0.9013471603393555
0.7413520812988281
0.9932308197021484
0.979498028755188
0.9472625255584717
0.87203049659729
0.7446634769439697
0.9956438541412354
0.9869052171707153
0.9644114971160889
0.9084466099739075
0.8002837896347046
0.9960202574729919
0.9876776337623596
0.9650406241416931
0.9073731899261475
0.8062115907669067
0.9951611161231995
0.9850778579711914
0.9580570459365845
0.8908445835113525
0.7727336287498474
0.991320788860321
0.9789744019508362
0.9562515616416931
0.9068578481674194
0.8161440491676331
0.9924523830413818
0.9788333773612976
0.9440931677818298
0.8591035008430481
0.7153535485267639
0.9965804219245911
0.9891991019248962
0.9663370847702026
0.9037559628486633
0.7886456251144409
0.9948666095733643
0.9884130358695984
0.9733328819274902
0.9339731931686401
0.8617337942123413
0.9958615899085999
0.9868890643119812
0.9650748372077942
0.9192011952400208
0.8390415906906128
0.9975103139877319
0.9921189546585083
0.9748086333274841
0.9253997206687927
0.8311397433280945
0.9964393377304077
0.9885679483413696
0.9639076590538025
0.8925265073776245
0.7624562382698059
0.9929500222206116
0.9784736633300781
0.9418563842773438
0.8549371957778931
0.730748176574707
0.9903886914253235
0.9802165627479553
0.960467517375946
0.9129210114479065
0.8311859369277954
0.9951228499412537
0.9844712018966675
0.9537402391433716
0.8772614002227783
0.7419412732124329
0.9945189952850342
0.9834332466125488
0.9566913843154907
0.8949040174484253
0.7858095169067383
0.9972694516181946
0.992172360420227
0.9782280921936035
0.9439247250556946
0.8798978328704834
0.9960530400276184
0.9877688884735107
0.9634940028190613
0.9016839861869812
0.7956476211547852
0.9828906059265137
0.9572312831878662
0.9161603450775146
0.8363165259361267
0.6985579133033752
0.9903389811515808
0.9806124567985535
0.9495705962181091
0.8885922431945801
0.7492235898971558
0.9861496686935425
0.9741063714027405
0.944061279296875
0.8875836730003357
0.8130817413330078
0.9887959361076355
0.9803609251976013
0.9584935903549194
0.9211787581443787
0.8643998503684998
0.9862223863601685
0.9764907956123352
0.955777108669281
0.9168635010719299
0.866722047328949
0.9936774373054504
0.9878942966461182
0.9674718976020813
0.9148251414299011
0.7789870500564575
0.9920834898948669
0.9841708540916443
0.9600143432617188
0.9052913188934326
0.7757983803749084
0.9934324622154236
0.9882826209068298
0.9738755822181702
0.9377307891845703
0.8331385254859924
0.9906796813011169
0.9835648536682129
0.9662415981292725
0.9272909164428711
0.8300840854644775
0.9914431571960449
0.9851957559585571
0.9688045382499695
0.9315115213394165
0.8473228216171265
0.9892444610595703
0.9810951948165894
0.9566810727119446
0.9013477563858032
0.8101600408554077
0.9896442890167236
0.9804270267486572
0.9543812274932861
0.9014425277709961
0.7954502701759338
0.9853810667991638
0.9746812582015991
0.9464006423950195
0.8961926698684692
0.850765585899353
0.9913482069969177
0.9807713627815247
0.9448848962783813
0.8648820519447327
0.7018477320671082
0.9901428818702698
0.9816480278968811
0.9567610621452332
0.9018382430076599
0.7936705350875854
0.98801589012146
0.9803987741470337
0.9601526260375977
0.9268543720245361
0.8728721737861633
0.9868279695510864
0.975631594657898
0.9481151700019836
0.8918523192405701
0.8215728402137756
0.9901647567749023
0.9817184805870056
0.9603673219680786
0.9103798270225525
0.8171036243438721
0.991439938545227
0.9828668236732483
0.9533023238182068
0.8762012124061584
0.7375328540802002
0.9915295839309692
0.9840991497039795
0.9635551571846008
0.9203506112098694
0.8354054689407349
0.9938894510269165
0.9890064597129822
0.9773715138435364
0.9483176469802856
0.8850849270820618
0.9920879006385803
0.9843930006027222
0.9615949392318726
0.9012789130210876
0.7733057737350464
0.9883528351783752
0.9764866232872009
0.9462336301803589
0.8910303115844727
0.8090682625770569
0.9912335872650146
0.9850460290908813
0.9706137180328369
0.9430599808692932
0.8835670948028564
0.9916298985481262
0.9837594628334045
0.9593393802642822
0.904714047908783
0.7952689528465271
0.9974620342254639
0.9943874478340149
0.9859530925750732
0.9541135430335999
0.8571680784225464
0.9969125390052795
0.9926478266716003
0.9756714105606079
0.9133170247077942
0.8148583769798279
0.9967761039733887
0.991962730884552
0.970517635345459
0.8789158463478088
0.7474068999290466
0.996605396270752
0.9919956922531128
0.9713323712348938
0.894576370716095
0.7984461784362793
0.9967265725135803
0.9923002123832703
0.9718325734138489
0.881184995174408
0.7576317191123962
0.9974240064620972
0.9941132068634033
0.9812697768211365
0.9301165342330933
0.8528280258178711
0.9974015951156616
0.9936456084251404
0.9785085320472717
0.9229813814163208
0.8256409764289856
0.9977349638938904
0.9947854280471802
0.9808031916618347
0.9231359362602234
0.83333420753479
0.9969443678855896
0.9929994344711304
0.9766728281974792
0.9251120686531067
0.8581317067146301
0.9970024824142456
0.9931272864341736
0.9754208326339722
0.9132351279258728
0.8275420069694519
0.9967334270477295
0.9926658272743225
0.9736608862876892
0.898181140422821
0.7903306484222412
0.996898353099823
0.9926165342330933
0.9736127853393555
0.9123673439025879
0.7924613356590271
0.9965494871139526
0.9920151233673096
0.9708269834518433
0.8842836022377014
0.7789407968521118
0.9970192313194275
0.9924899935722351
0.977017343044281
0.9200697541236877
0.810650110244751
0.9968284964561462
0.9927586317062378
0.976142168045044
0.9093782901763916
0.8004617094993591
0.9963052868843079
0.9918456673622131
0.9727345705032349
0.8933446407318115
0.789922833442688
0.9968135952949524
0.9922332763671875
0.9702154397964478
0.8814740777015686
0.7499991655349731
0.997498095035553
0.9941632747650146
0.9778940677642822
0.9121280312538147
0.7861483097076416
0.9972090125083923
0.9938750267028809
0.9785687327384949
0.9197157621383667
0.8117395043373108
0.9973547458648682
0.9936278462409973
0.9781094789505005
0.9195501208305359
0.8220391869544983
0.9974497556686401
0.9942614436149597
0.9804989695549011
0.9310389161109924
0.862725555896759
0.9971364736557007
0.9932587742805481
0.9779860973358154
0.922694742679596
0.8189449310302734
0.9961203932762146
0.9915862679481506
0.972591757774353
0.8986027240753174
0.7855374217033386
0.9972469806671143
0.9937878847122192
0.9762588739395142
0.9019628763198853
0.7952892184257507
0.9968482255935669
0.9929618239402771
0.9745915532112122
0.9072538018226624
0.8060624003410339
0.9948692321777344
0.9904596209526062
0.9680962562561035
0.915810763835907
0.8508408665657043
0.9955690503120422
0.988987386226654
0.974473237991333
0.9137195348739624
0.7307299971580505
0.987051248550415
0.9574302434921265
0.8491377234458923
0.6792711019515991
0.632604718208313
0.9827526211738586
0.940565288066864
0.8741085529327393
0.7815243005752563
0.6890823841094971
0.9723281860351562
0.9198108315467834
0.856229841709137
0.7640773057937622
0.689681887626648
0.9974932670593262
0.9935058355331421
0.9836158156394958
0.9536939263343811
0.8783911466598511
0.9957556128501892
0.9893602728843689
0.9747986197471619
0.9198076128959656
0.7195504903793335
0.9911450743675232
0.9688621163368225
0.9193774461746216
0.8370935320854187
0.701361894607544
0.9955807328224182
0.9894018173217773
0.976676344871521
0.9586737751960754
0.8811174035072327
0.9893847107887268
0.9749428629875183
0.9284212589263916
0.8351922035217285
0.7343924641609192
0.9879410266876221
0.9657280445098877
0.9004443287849426
0.8000158667564392
0.6689445972442627
0.9938265681266785
0.9848020076751709
0.9650323390960693
0.8789237141609192
0.7174142599105835
0.9857500791549683
0.9562841653823853
0.8524179458618164
0.7739815711975098
0.700654923915863
0.9980968832969666
0.9952649474143982
0.9873737692832947
0.9677353501319885
0.8805302381515503
0.9963095188140869
0.9898412227630615
0.97325199842453
0.9179822206497192
0.8101893067359924
0.9869897365570068
0.9530764818191528
0.88730388879776
0.810612142086029
0.7411701679229736
0.9863983392715454
0.9601047039031982
0.8400930166244507
0.6906110048294067
0.6541408896446228
0.9897366166114807
0.9721167683601379
0.9071053266525269
0.8200010061264038
0.6683117747306824
0.9961537718772888
0.9898638725280762
0.9715632796287537
0.8965024948120117
0.7081894874572754
0.992882251739502
0.9830487370491028
0.9640735387802124
0.900532603263855
0.778196394443512
0.9905269742012024
0.9791542291641235
0.9282299280166626
0.8714724183082581
0.7906205654144287
0.9948930144309998
0.9869260191917419
0.9687002897262573
0.8901547193527222
0.7268128395080566
0.9931123852729797
0.9823657870292664
0.9459030032157898
0.8310558795928955
0.6343560218811035
0.9857476353645325
0.961490273475647
0.9195557832717896
0.8744677901268005
0.7883765697479248
0.9936578273773193
0.9836310744285583
0.9543173909187317
0.8618372678756714
0.6767701506614685
0.997989296913147
0.9960720539093018
0.9912036657333374
0.9849486947059631
0.9569900035858154
0.9857030510902405
0.9834703207015991
0.9594821929931641
0.9301640391349792
0.9038037061691284
0.99753737449646
0.9712660908699036
0.7963092923164368
0.764114499092102
0.6958162784576416
0.9709115624427795
0.9567912220954895
0.8268716931343079
0.8073763251304626
0.7656216621398926
0.9840291738510132
0.9582717418670654
0.9439584016799927
0.8204891681671143
0.7821593284606934
0.9953669905662537
0.9933763742446899
0.9866974949836731
0.9323326349258423
0.9173623919487
0.9907131195068359
0.9796118140220642
0.9641034007072449
0.950374960899353
0.8885413408279419
0.9969388246536255
0.9736871719360352
0.9462104439735413
0.9041299819946289
0.7644302845001221
0.9966980218887329
0.9925343990325928
0.9847079515457153
0.9733496904373169
0.9081902503967285
0.9933397173881531
0.9883075952529907
0.9646792411804199
0.913923442363739
0.8347969651222229
0.9949318170547485
0.9835977554321289
0.9477440118789673
0.8816041350364685
0.7571787238121033
0.9939037561416626
0.9853403568267822
0.9711769223213196
0.9129706621170044
0.8263383507728577
0.9972137212753296
0.9923624992370605
0.9441085457801819
0.8675263524055481
0.8943378925323486
0.9960934519767761
0.9906763434410095
0.9423530697822571
0.9693218469619751
0.9429011344909668
0.9959914684295654
0.9955588579177856
0.9886201620101929
0.9491468071937561
0.8769523501396179
0.979997456073761
0.9667292237281799
0.9374366998672485
0.8763472437858582
0.7922738790512085
0.9908939599990845
0.9737572073936462
0.9498966932296753
0.8293447494506836
0.7631462812423706
0.9926047921180725
0.9742001295089722
0.9581977128982544
0.8750590682029724
0.787352979183197
0.9910495281219482
0.9685457944869995
0.9707791209220886
0.9471554756164551
0.7970744967460632
0.993723452091217
0.9829673767089844
0.9748910069465637
0.9215002655982971
0.9310545325279236
0.9887283444404602
0.9968212842941284
0.9603190422058105
0.9231840372085571
0.8355750441551208
0.9804524183273315
0.9871519804000854
0.9705697894096375
0.9462913870811462
0.7318477034568787
0.997680127620697
0.9771477580070496
0.9704070091247559
0.9341565370559692
0.7813472151756287
0.9925145506858826
0.9947030544281006
0.9455368518829346
0.8928742408752441
0.8250630497932434
0.9905973076820374
0.9880654215812683
0.9729793667793274
0.9291813373565674
0.7450001239776611
0.9971712827682495
0.9956098198890686
0.9813969135284424
0.9704470634460449
0.9635773301124573
0.9956607222557068
0.9466148018836975
0.8924528956413269
0.8785960674285889
0.9036948084831238
0.9606431722640991
0.9238554239273071
0.8236174583435059
0.7618371248245239
0.7394056916236877
0.9791334271430969
0.8856757283210754
0.922885537147522
0.6714119911193848
0.5568190217018127
0.9568428993225098
0.8900038599967957
0.814954400062561
0.8317567110061646
0.6262490153312683
0.9881671667098999
0.995203971862793
0.961536169052124
0.9107195138931274
0.8523596525192261
0.9881112575531006
0.9924004077911377
0.9349002242088318
0.8800807595252991
0.8360750079154968
0.9694024324417114
0.9433784484863281
0.8674177527427673
0.7927564978599548
0.7319563031196594
0.9907036423683167
0.9328500032424927
0.9897663593292236
0.9369418025016785
0.8406604528427124
0.9686204791069031
0.92344069480896
0.8416854739189148
0.8149390816688538
0.8207449316978455
0.9897331595420837
0.9074234962463379
0.8663557171821594
0.764060914516449
0.7693232893943787
0.9517703056335449
0.9746589064598083
0.8627244830131531
0.8464347720146179
0.7569551467895508
0.9670152068138123
0.9557015895843506
0.870840847492218
0.781152069568634
0.9487950205802917
0.9968187212944031
0.9923275709152222
0.9533416628837585
0.9378589391708374
0.8420497179031372
0.9563934803009033
0.9826946258544922
0.9006932377815247
0.8842430710792542
0.8024219870567322
0.9888412952423096
0.918759286403656
0.8710178732872009
0.7745137810707092
0.6185268759727478
0.9507607221603394
0.8934729099273682
0.9286595582962036
0.7320443987846375
0.8370607495307922
0.9868448972702026
0.9765586256980896
0.8716097474098206
0.7970110177993774
0.8123374581336975
0.9666385650634766
0.9683148264884949
0.9715315699577332
0.8889422416687012
0.8307345509529114
0.9912506937980652
0.9730141162872314
0.9508091807365417
0.8964934349060059
0.7881513237953186
0.9883849024772644
0.9234778881072998
0.9793756008148193
0.8303435444831848
0.6497332453727722
0.9854037761688232
0.9519875645637512
0.9201090335845947
0.8519713282585144
0.8527074456214905
0.9893595576286316
0.9604418873786926
0.9259681105613708
0.8486944437026978
0.7651154398918152
0.9837654829025269
0.9513771533966064
0.870942234992981
0.7181445956230164
0.6895074844360352
0.9678020477294922
0.8917844891548157
0.8449945449829102
0.786354124546051
0.8158628940582275
0.9833146929740906
0.9901659488677979
0.9442910552024841
0.9691720604896545
0.937091052532196
0.9917140603065491
0.9894469380378723
0.9687623381614685
0.9555519819259644
0.9222390651702881
0.9760858416557312
0.9847875833511353
0.965156078338623
0.9469305872917175
0.9213632941246033
0.9770127534866333
0.9860832095146179
0.9702025055885315
0.9586506485939026
0.9410716891288757
0.9725022315979004
0.9929726123809814
0.9814913868904114
0.9736574292182922
0.9534116387367249
0.9927619099617004
0.9871923327445984
0.9708181619644165
0.9516482353210449
0.9256266355514526
0.9910618662834167
0.9864535927772522
0.9618403315544128
0.944379985332489
0.9210758209228516
0.9865872263908386
0.9906962513923645
0.9735134840011597
0.9577128887176514
0.9384331107139587
0.994208037853241
0.9887241125106812
0.9713587760925293
0.9538038969039917
0.9259994029998779
0.9841716885566711
0.9878852963447571
0.9666641354560852
0.9505261182785034
0.9290739297866821
0.9813068509101868
0.9840155839920044
0.9665934443473816
0.943463921546936
0.9271814823150635
0.9892372488975525
0.9844154119491577
0.963417112827301
0.9382658004760742
0.9186831116676331
0.9810450077056885
0.9879480600357056
0.9700865149497986
0.958686888217926
0.9370381832122803
0.9950985312461853
0.9825141429901123
0.9539857506752014
0.9372962117195129
0.907048225402832
0.9909892678260803
0.9885373711585999
0.9684587717056274
0.9480411410331726
0.923794150352478
0.9831799864768982
0.9905006885528564
0.976935088634491
0.9690707325935364
0.951747477054596
0.978522002696991
0.9873103499412537
0.9720547199249268
0.955742597579956
0.9420300722122192
0.9842937588691711
0.9866328835487366
0.9694507718086243
0.957714319229126
0.935480535030365
0.9898775815963745
0.983809232711792
0.9641295671463013
0.9443256258964539
0.9205029010772705
0.9900912642478943
0.9853140115737915
0.9695798754692078
0.9547937512397766
0.9301401376724243
0.9920600652694702
0.988829493522644
0.9711855053901672
0.9547961950302124
0.9407237768173218
0.9898541569709778
0.9841431975364685
0.9618262648582458
0.9354303479194641
0.9095728993415833
0.9890129566192627
0.9868258833885193
0.9725438952445984
0.9465165734291077
0.9265189170837402
0.9891992211341858
0.9922964572906494
0.9833753108978271
0.971243679523468
0.9572896361351013
0.9876651763916016
0.9869257211685181
0.9725155234336853
0.9554543495178223
0.9359168410301208
0.9964988231658936
0.9886654615402222
0.9811873435974121
0.9705305695533752
0.9587376713752747
0.9255536794662476
0.9271838665008545
0.9346314072608948
0.944921612739563
0.9654103517532349
0.906731367111206
0.909320056438446
0.9240429997444153
0.9436665773391724
0.9640930891036987
0.9298405051231384
0.9410114288330078
0.9525376558303833
0.9637458324432373
0.9761344194412231
0.9411130547523499
0.9476504921913147
0.9554367661476135
0.963955283164978
0.975423276424408
0.9257687926292419
0.9392213225364685
0.9502137899398804
0.9639977812767029
0.9784730672836304
0.9133573174476624
0.9175143241882324
0.9302606582641602
0.9456160068511963
0.967316210269928
0.9489445686340332
0.9524227380752563
0.959336519241333
0.9670411944389343
0.9795663952827454
0.9396733045578003
0.9468591809272766
0.9575188755989075
0.9670612812042236
0.9834548234939575
0.9220467209815979
0.9334373474121094
0.9468835592269897
0.9632267951965332
0.9756369590759277
0.9176611304283142
0.9339666366577148
0.9482608437538147
0.9608608484268188
0.9714661240577698
0.9286295771598816
0.9354799389839172
0.9439126253128052
0.9577710628509521
0.9797372817993164
0.9090856313705444
0.9250423312187195
0.9414952993392944
0.959355354309082
0.9779865145683289
0.9336681365966797
0.9412924647331238
0.9504087567329407
0.9558877944946289
0.971219003200531
0.9425976276397705
0.9513408541679382
0.9596759676933289
0.9683735370635986
0.9834603071212769
0.9372297525405884
0.9364871978759766
0.9478179812431335
0.9621685147285461
0.9827055335044861
0.9218109846115112
0.9291192889213562
0.9353227615356445
0.944058895111084
0.9703781008720398
0.9285039305686951
0.9347137808799744
0.9447798728942871
0.9564118385314941
0.9768322110176086
0.9113069772720337
0.9218618273735046
0.9385209679603577
0.9554651975631714
0.9789483547210693
0.9240567088127136
0.9342871308326721
0.9484186768531799
0.957403302192688
0.9763128757476807
0.9273766279220581
0.9379453659057617
0.9548734426498413
0.9674639701843262
0.9835747480392456
0.9065060615539551
0.9184436798095703
0.9339683651924133
0.9525905847549438
0.9763656854629517
0.9296738505363464
0.9390835762023926
0.9490364789962769
0.9658052921295166
0.9817785620689392
0.9392658472061157
0.9487364292144775
0.957459568977356
0.9682452082633972
0.9825607538223267
0.9475366473197937
0.9506754875183105
0.9541958570480347
0.9596357345581055
0.9792846441268921
0.9313461184501648
0.9371416568756104
0.9477632641792297
0.9599725008010864
0.9739246368408203
0.9998685121536255
0.9997249841690063
0.9979882836341858
0.9981880187988281
0.9863698482513428
0.9998875856399536
0.9995220899581909
0.9977250099182129
0.9953162670135498
0.9749112129211426
0.9998838901519775
0.9987355470657349
0.9983118772506714
0.9894126057624817
0.9858766198158264
0.9998936653137207
0.9997605085372925
0.9973732233047485
0.9982329607009888
0.9822292923927307
0.9998367428779602
0.998473584651947
0.994816780090332
0.9863340854644775
0.9576013684272766
0.9999048709869385
0.9981518983840942
0.9986656308174133
0.9915706515312195
0.9893622994422913
0.9998990297317505
0.9997431635856628
0.9985291361808777
0.9979279041290283
0.989514946937561
0.9999064803123474
0.9984126091003418
0.9984932541847229
0.982917308807373
0.9833999872207642
0.99993896484375
0.9997912645339966
0.9992150664329529
0.9973336458206177
0.9946237802505493
0.999954104423523
0.9987344741821289
0.9993447661399841
0.9897692799568176
0.9853511452674866
0.9999104738235474
0.9998073577880859
0.9969262480735779
0.9982665181159973
0.97066330909729
0.9999732375144958
0.9979857802391052
0.9996634721755981
0.9856832027435303
0.9979839324951172
0.9998987317085266
0.9977920651435852
0.9985833168029785
0.9845566749572754
0.9896608591079712
0.9997880458831787
0.999424397945404
0.9967267513275146
0.9953258037567139
0.9784432053565979
0.9993423819541931
0.998349130153656
0.9858682751655579
0.9907389283180237
0.9365755319595337
0.9998846054077148
0.9984021782875061
0.998432993888855
0.9859662652015686
0.9917699694633484
0.9986729025840759
0.9981194138526917
0.9850691556930542
0.9919838905334473
0.9545883536338806
0.9997042417526245
0.9991294741630554
0.9944837689399719
0.9940547347068787
0.9517982006072998
0.9998835325241089
0.9994720816612244
0.998149037361145
0.9933802485466003
0.9867253303527832
0.9998322129249573
0.9983180165290833
0.9968845248222351
0.9900690317153931
0.9729465246200562
0.9998869895935059
0.998455822467804
0.9983488321304321
0.9890007376670837
0.9820220470428467
0.9999054670333862
0.9993245005607605
0.9986385703086853
0.9909831881523132
0.9917761087417603
0.9999247193336487
0.9980852007865906
0.9990938305854797
0.984808087348938
0.994396984577179
0.9999231696128845
0.9995328783988953
0.9989749193191528
0.9960466623306274
0.9947929382324219
0.9991744160652161
0.9975352883338928
0.9919899702072144
0.9907599091529846
0.9679397344589233
0.9960626363754272
0.9877896904945374
0.9723443984985352
0.9515887498855591
0.8680321574211121
0.9964681267738342
0.9876534938812256
0.9758250117301941
0.9562308192253113
0.8861503601074219
0.9972931146621704
0.9882368445396423
0.9815331101417542
0.9596642255783081
0.9132007956504822
0.9971849322319031
0.9911577105522156
0.9807687997817993
0.963360607624054
0.9110475182533264
0.9954978227615356
0.9803293943405151
0.9681083559989929
0.9382869005203247
0.8453735709190369
0.9963622093200684
0.9869996905326843
0.9742627739906311
0.9546682238578796
0.8769902586936951
0.9962315559387207
0.9889498949050903
0.9737101793289185
0.9580095410346985
0.8740143775939941
0.9960247874259949
0.9859594106674194
0.9716303944587708
0.9470208883285522
0.8646324872970581
0.9968668818473816
0.9904220104217529
0.9780785441398621
0.9632816910743713
0.8951836824417114
0.9966709017753601
0.987370491027832
0.9771058559417725
0.9510241150856018
0.890832781791687
0.9961861371994019
0.9883411526679993
0.9732725024223328
0.9556922912597656
0.8729404807090759
0.9970873594284058
0.9890605211257935
0.9799491763114929
0.9599640369415283
0.9067888259887695
0.9956035614013672
0.982146680355072
0.9694405794143677
0.9446630477905273
0.8533324003219604
0.9959672689437866
0.9874024987220764
0.9718953967094421
0.9536903500556946
0.8669372200965881
0.997020423412323
0.9867959022521973
0.9808814525604248
0.954766571521759
0.9147555828094482
0.99696946144104
0.9853777289390564
0.9794260263442993
0.9462502598762512
0.9043688178062439
0.9957190155982971
0.9846189618110657
0.97263503074646
0.9455719590187073
0.8778994083404541
0.9957477450370789
0.9875612854957581
0.9700842499732971
0.9561026692390442
0.857121467590332
0.9959920048713684
0.9883538484573364
0.9718095064163208
0.9551482796669006
0.8653037548065186
0.9972066879272461
0.9858338832855225
0.9818409085273743
0.9393681883811951
0.9172667860984802
0.9957934617996216
0.9846386313438416
0.970878005027771
0.9458796381950378
0.8607562184333801
0.9967048168182373
0.9890074133872986
0.9769666194915771
0.9565399885177612
0.8910926580429077
0.9971484541893005
0.9857812523841858
0.9805758595466614
0.9493745565414429
0.9093175530433655
0.9964853525161743
0.9894598722457886
0.9757089614868164
0.9574957489967346
0.884398877620697
0.9941047430038452
0.9894713163375854
0.9689618349075317
0.9676379561424255
0.8655109405517578
0.998364269733429
0.996671736240387
0.9919930100440979
0.9787340760231018
0.9669208526611328
0.999565601348877
0.9992895722389221
0.9985230565071106
0.9969467520713806
0.99322909116745
0.9993606209754944
0.9989880919456482
0.9981008172035217
0.9961477518081665
0.9912589192390442
0.9989013671875
0.997743546962738
0.9951322078704834
0.9889333844184875
0.9701871871948242
0.9989405870437622
0.9977954030036926
0.9951282143592834
0.98824542760849
0.9616454243659973
0.9984174966812134
0.9966930150985718
0.9926754236221313
0.9827051758766174
0.9503068327903748
0.9989537596702576
0.9977388978004456
0.9950291514396667
0.9886537194252014
0.9675460457801819
0.9978802800178528
0.9951791167259216
0.9880902171134949
0.9649173617362976
0.964168131351471
0.9988613128662109
0.9977371692657471
0.9950453639030457
0.9879124164581299
0.9685534834861755
0.9972295165061951
0.9939289093017578
0.9858458638191223
0.9708064794540405
0.9572739005088806
0.9982159733772278
0.9962922930717468
0.990824282169342
0.974183976650238
0.9545374512672424
0.9985634684562683
0.9970862865447998
0.993567168712616
0.9849820733070374
0.9531012177467346
0.9983147978782654
0.9965077638626099
0.9923038482666016
0.9818010926246643
0.9485423564910889
0.9995282292366028
0.9990789890289307
0.9981125593185425
0.9958599209785461
0.9902018904685974
0.9987481236457825
0.9975262880325317
0.9945743083953857
0.9873430132865906
0.9610840082168579
0.9967131614685059
0.9928591847419739
0.9831771850585938
0.9511275887489319
0.9351036548614502
0.9966747164726257
0.9920828938484192
0.9843041896820068
0.9727409482002258
0.9711611270904541
0.9989864826202393
0.9978728890419006
0.9951719045639038
0.988226056098938
0.9504364728927612
0.998539924621582
0.9969117045402527
0.9931636452674866
0.9832898378372192
0.9430556893348694
0.9988901019096375
0.9978549480438232
0.9953820109367371
0.989016592502594
0.9717341065406799
0.998254120349884
0.9963492155075073
0.9914516806602478
0.9773234724998474
0.9506351947784424
0.998914361000061
0.9977530837059021
0.9951406121253967
0.988166332244873
0.9648084044456482
0.999487042427063
0.9991088509559631
0.9982721209526062
0.9964269995689392
0.9917411208152771
0.997677206993103
0.9947812557220459
0.9870994687080383
0.970459520816803
0.961784839630127
0.9991642236709595
0.9985308051109314
0.9971415400505066
0.9936699867248535
0.9848464727401733
0.9943559169769287
0.9894609451293945
0.9801934957504272
0.9644364714622498
0.9375622868537903
0.9938713312149048
0.9879254102706909
0.978219211101532
0.9598997831344604
0.9275871515274048
0.9870296120643616
0.9752562046051025
0.9551060199737549
0.9212620854377747
0.868768572807312
0.9884676337242126
0.9779291749000549
0.9584736227989197
0.9273226261138916
0.8777058720588684
0.9944223165512085
0.9896450638771057
0.9811990857124329
0.9672432541847229
0.9471562504768372
0.9923480153083801
0.9850848913192749
0.97268146276474
0.9524677991867065
0.9212687611579895
0.9912933111190796
0.9830998778343201
0.9668023586273193
0.9441835880279541
0.9081669449806213
0.9918123483657837
0.9853751063346863
0.9740496277809143
0.956356406211853
0.9283439517021179
0.991570770740509
0.9830172061920166
0.9686489105224609
0.9435094594955444
0.9040270447731018
0.9911149740219116
0.9836829900741577
0.9677790999412537
0.9440312385559082
0.9068934321403503
0.9936298131942749
0.987665593624115
0.9770572781562805
0.9603453874588013
0.9326672554016113
0.9908962845802307
0.9825513958930969
0.9681676626205444
0.942879855632782
0.9030541181564331
0.9942795038223267
0.9889940023422241
0.9796258211135864
0.962734043598175
0.9378024339675903
0.9916179776191711
0.9846835136413574
0.9715909361839294
0.9520445466041565
0.922147810459137
0.9877117872238159
0.976988673210144
0.9606505632400513
0.9319735169410706
0.8928724527359009
0.9875011444091797
0.9765110611915588
0.9573454856872559
0.9247540831565857
0.873010516166687
0.9904687404632568
0.9829044938087463
0.9696190357208252
0.947601318359375
0.9154200553894043
0.994085431098938
0.9889736771583557
0.9790749549865723
0.9655338525772095
0.9406492114067078
0.9937838315963745
0.9878926873207092
0.9786702394485474
0.9613708257675171
0.9344760179519653
0.9875715374946594
0.9758221507072449
0.9545409083366394
0.9203041195869446
0.8700804114341736
0.9942092895507812
0.9888774752616882
0.979049801826477
0.9610830545425415
0.9353512525558472
0.9901490807533264
0.9818776845932007
0.9671245217323303
0.9417083859443665
0.9064345955848694
0.9880847930908203
0.9768655896186829
0.9575429558753967
0.9236041307449341
0.8714301586151123
0.9913027286529541
0.9827445149421692
0.9684145450592041
0.9431824684143066
0.9060327410697937
0.9910159707069397
0.983620285987854
0.9704421162605286
0.9495826959609985
0.9195578098297119
0.9975386261940002
0.9947162866592407
0.9884609580039978
0.9701012372970581
0.9232798218727112
0.9945019483566284
0.9844708442687988
0.9536826610565186
0.8868983387947083
0.8186817765235901
0.9895666241645813
0.973258912563324
0.9395041465759277
0.8838754892349243
0.8024227619171143
0.9909138679504395
0.9716569185256958
0.9262404441833496
0.862883985042572
0.80112624168396
0.9978663325309753
0.9953083395957947
0.9894773960113525
0.9753293991088867
0.9431444406509399
0.9974064826965332
0.9947386384010315
0.9873788356781006
0.9703865647315979
0.9223077297210693
0.9946069121360779
0.986128032207489
0.9631457328796387
0.9158270955085754
0.8342837691307068
0.9973593950271606
0.9942588806152344
0.9870725274085999
0.9701315760612488
0.9406762719154358
0.9943128824234009
0.9853729009628296
0.9623215794563293
0.9171963334083557
0.8474798202514648
0.9932602643966675
0.9821922183036804
0.9523323178291321
0.8932470083236694
0.8245964050292969
0.9965530037879944
0.991992712020874
0.9812843203544617
0.9534194469451904
0.8949501514434814
0.9932853579521179
0.9810171723365784
0.9505541324615479
0.9038580060005188
0.8622615337371826
0.9983431100845337
0.9966741800308228
0.9927068948745728
0.983704149723053
0.9627047181129456
0.9972266554832458
0.9938465356826782
0.9846059679985046
0.9606414437294006
0.9071295261383057
0.9928332567214966
0.9815201759338379
0.9535350203514099
0.9031341075897217
0.8401658535003662
0.9938973188400269
0.98373943567276
0.952314019203186
0.8906956911087036
0.8341560959815979
0.9948920607566833
0.9865037202835083
0.9642579555511475
0.9121812582015991
0.832925021648407
0.9973387718200684
0.9939210414886475
0.9854311347007751
0.9631533622741699
0.9072102904319763
0.9966006875038147
0.9917086958885193
0.9777543544769287
0.9448783993721008
0.8897545337677002
0.9946988224983215
0.9871633052825928
0.9698909521102905
0.9325129389762878
0.8718956112861633
0.9972224831581116
0.9936701655387878
0.984312891960144
0.959023118019104
0.9014897346496582
0.9960952401161194
0.991061806678772
0.9773586988449097
0.9442758560180664
0.8817662000656128
0.9905897378921509
0.9746214747428894
0.9428167939186096
0.8976970314979553
0.8509728312492371
0.9959862232208252
0.9906356930732727
0.977864682674408
0.9421566128730774
0.8696745038032532
0.9969341158866882
0.994082510471344
0.9894900918006897
0.9823277592658997
0.9673911929130554
0.9894126057624817
0.9786489605903625
0.9586498141288757
0.9238483309745789
0.8742733001708984
0.98075932264328
0.9597956538200378
0.921757698059082
0.866864025592804
0.7959606051445007
0.975411593914032
0.955443263053894
0.9250184297561646
0.8780132532119751
0.8178432583808899
0.9750688076019287
0.9531526565551758
0.920054018497467
0.8786092400550842
0.8158736228942871
0.9922444820404053
0.982744574546814
0.9676310420036316
0.9398252964019775
0.8882408738136292
0.9897022247314453
0.9791299104690552
0.9621421098709106
0.9340301752090454
0.8807151317596436
0.9843792915344238
0.9688526391983032
0.9409345388412476
0.9012430906295776
0.8264548182487488
0.9902434349060059
0.9805150032043457
0.9638003706932068
0.9385477900505066
0.8965517282485962
0.9818633794784546
0.9660201072692871
0.935779869556427
0.8953402042388916
0.8197765350341797
0.9806868433952332
0.9615880250930786
0.934945285320282
0.8924605250358582
0.8090924620628357
0.9865209460258484
0.9730645418167114
0.9496843814849854
0.9146658182144165
0.8560609221458435
0.9785869717597961
0.9591527581214905
0.9317057132720947
0.8945743441581726
0.8322173953056335
0.9926555752754211
0.9846121072769165
0.9705012440681458
0.9445870518684387
0.899122953414917
0.989030659198761
0.9776398539543152
0.9567012786865234
0.9231353402137756
0.8715311884880066
0.9795660972595215
0.9623770117759705
0.9326211810112
0.8957228064537048
0.8581520915031433
0.9783203601837158
0.957964301109314
0.9276300072669983
0.8828662633895874
0.763680636882782
0.9821466207504272
0.9660641551017761
0.9393470883369446
0.9014560580253601
0.8432852029800415
0.9898877739906311
0.9787118434906006
0.9580650925636292
0.9203240871429443
0.844744086265564
0.9875115752220154
0.9751094579696655
0.9529195427894592
0.9227091073989868
0.8645619750022888
0.9846745729446411
0.9713107943534851
0.9524749517440796
0.9254492521286011
0.8958734273910522
0.9886208176612854
0.9769881963729858
0.9570966958999634
0.9222049713134766
0.8619925379753113
0.985651969909668
0.9701260328292847
0.944786012172699
0.9036972522735596
0.8423953056335449
0.9789766073226929
0.9633508920669556
0.9365280270576477
0.8996884822845459
0.8451279401779175
0.984969973564148
0.968989908695221
0.9392319321632385
0.8974809646606445
0.8360282778739929
0.9899243712425232
0.9806097745895386
0.9839532375335693
0.9419508576393127
0.906232476234436
0.9920910000801086
0.9810803532600403
0.9480777382850647
0.9288092851638794
0.8010001182556152
0.989324152469635
0.980912983417511
0.9485172033309937
0.8635995984077454
0.6940589547157288
0.9934852719306946
0.9864987134933472
0.9754148721694946
0.9301952719688416
0.8899380564689636
0.9919552803039551
0.9847915172576904
0.9676976203918457
0.9371729493141174
0.7518675923347473
0.9972283244132996
0.9935349225997925
0.9853137731552124
0.9669040441513062
0.9061821699142456
0.9942156672477722
0.9875934720039368
0.9729412198066711
0.9539743065834045
0.8851509690284729
0.9956431984901428
0.9894797205924988
0.9711808562278748
0.9394884705543518
0.8317471146583557
0.9947291612625122
0.9880998730659485
0.9728085994720459
0.9444947242736816
0.9177997708320618
0.9929357767105103
0.986244261264801
0.9736862182617188
0.9218837022781372
0.8905013799667358
0.9936802387237549
0.98406982421875
0.9671115279197693
0.9545509815216064
0.8864957690238953
0.9956374168395996
0.9898000955581665
0.9748217463493347
0.9468626976013184
0.8693724274635315
0.9931208491325378
0.9858821630477905
0.9644741415977478
0.9234644174575806
0.8364275097846985
0.9964232444763184
0.9911766648292542
0.9766708612442017
0.9442904591560364
0.8564144372940063
0.996555745601654
0.9923107028007507
0.9844450950622559
0.9501132369041443
0.9025450944900513
0.9937922954559326
0.9860844016075134
0.9697525501251221
0.93045973777771
0.886925995349884
0.9895133376121521
0.9799606800079346
0.9552870988845825
0.9140526652336121
0.7782300114631653
0.9925675392150879
0.9831895232200623
0.9578103423118591
0.9075251221656799
0.8049135804176331
0.9957242608070374
0.9896793365478516
0.9720743894577026
0.9381260871887207
0.8715342879295349
0.995019257068634
0.9886970520019531
0.9770674109458923
0.9516415596008301
0.8424288630485535
0.9917094707489014
0.9851171374320984
0.9694231748580933
0.9487570524215698
0.8889302015304565
0.9946858286857605
0.9877843856811523
0.9760638475418091
0.9545122981071472
0.9109668731689453
0.9939272999763489
0.9868621826171875
0.9728493094444275
0.9408499598503113
0.8878532648086548
0.9933191537857056
0.9865639805793762
0.9726009964942932
0.9508748650550842
0.903900682926178
0.9951024651527405
0.9898494482040405
0.974230945110321
0.8923755288124084
0.8058910369873047
0.9949097633361816
0.9890392422676086
0.9809019565582275
0.9706646800041199
0.9447116255760193
0.9963585138320923
0.9893425107002258
0.9815194010734558
0.962419331073761
0.8180720806121826
0.9929620623588562
0.9692015647888184
0.863257884979248
0.7099930644035339
0.6319998502731323
0.9936345219612122
0.9759006500244141
0.8918749690055847
0.8116483092308044
0.743247389793396
0.9942578673362732
0.9634373188018799
0.8931418657302856
0.8282771706581116
0.6925191283226013
0.9965887665748596
0.9912528395652771
0.9856187105178833
0.9793434143066406
0.9640462398529053
0.9976446628570557
0.993065595626831
0.9845849871635437
0.9730088710784912
0.8086496591567993
0.9957022070884705
0.9859256744384766
0.9346315264701843
0.9143945574760437
0.8137437105178833
0.9970119595527649
0.9915667772293091
0.9851745367050171
0.9796633124351501
0.9718841910362244
0.9942892789840698
0.9862192869186401
0.9702408909797668
0.9356816411018372
0.848239004611969
0.9952500462532043
0.985679566860199
0.9340063333511353
0.8354080319404602
0.7188448309898376
0.9965590834617615
0.9906586408615112
0.9837311506271362
0.9633180499076843
0.8547109961509705
0.995136559009552
0.9857504963874817
0.9532249569892883
0.8989174365997314
0.7956089973449707
0.9981386065483093
0.9943464398384094
0.9896541237831116
0.9851222038269043
0.9706513285636902
0.9972699284553528
0.9915066361427307
0.981225311756134
0.9705748558044434
0.9005692601203918
0.9955035448074341
0.9864591360092163
0.9580366015434265
0.9221557378768921
0.8671098351478577
0.9953365921974182
0.9565239548683167
0.8155137300491333
0.7022594809532166
0.6291109323501587
0.9965606927871704
0.9908052086830139
0.945090651512146
0.875383734703064
0.7190465331077576
0.9967060089111328
0.9913548231124878
0.98478102684021
0.969932496547699
0.919693112373352
0.9970111846923828
0.990811824798584
0.9834463000297546
0.9761396050453186
0.9548554420471191
0.9966943860054016
0.9920216202735901
0.9803744554519653
0.9539837837219238
0.8856146335601807
0.9964129328727722
0.990325927734375
0.9783998131752014
0.9612873196601868
0.8451898694038391
0.9969668984413147
0.9912139773368835
0.9775673151016235
0.9409303665161133
0.7920788526535034
0.9963897466659546
0.9889803528785706
0.9682684540748596
0.9379029273986816
0.8869729042053223
0.9968872666358948
0.9898796677589417
0.9779654741287231
0.9596036076545715
0.8026864528656006
0.9985640048980713
0.9958913922309875
0.9923303127288818
0.9887601137161255
0.9845547676086426
0.9926989674568176
0.9827257990837097
0.9570530652999878
0.8877264261245728
0.7152543663978577
0.9820330739021301
0.9474296569824219
0.8441988229751587
0.7117146849632263
0.5827757120132446
0.974745512008667
0.9374723434448242
0.8559309840202332
0.7516303658485413
0.693077027797699
0.9692710041999817
0.9128772020339966
0.8350357413291931
0.7658998966217041
0.6381120681762695
0.9947770237922668
0.9882970452308655
0.975310742855072
0.9459299445152283
0.8728957176208496
0.9934203028678894
0.9852006435394287
0.9621713161468506
0.9046086668968201
0.7154914140701294
0.9889956712722778
0.9729867577552795
0.9269880056381226
0.8298328518867493
0.6938210725784302
0.9938941597938538
0.9864225387573242
0.9716975092887878
0.9421839714050293
0.878455638885498
0.988213837146759
0.9718389511108398
0.9246601462364197
0.8376331925392151
0.7173874974250793
0.9856770038604736
0.9641417860984802
0.9058167338371277
0.7730365991592407
0.6711873412132263
0.9914532899856567
0.9784481525421143
0.9502770900726318
0.8790353536605835
0.7031034827232361
0.9788682460784912
0.9525768160820007
0.8852455019950867
0.7920427918434143
0.7137263417243958
0.9951983094215393
0.9894198775291443
0.9746994972229004
0.9464434385299683
0.877028226852417
0.9929365515708923
0.9839518666267395
0.9626633524894714
0.9113389253616333
0.7816910743713379
0.9843534231185913
0.9555015563964844
0.8933238983154297
0.8117542266845703
0.7207270860671997
0.9798490405082703
0.9458662271499634
0.8475791811943054
0.7070298194885254
0.5811874866485596
0.9848570823669434
0.9674410820007324
0.9125993847846985
0.7859644293785095
0.664253294467926
0.9938528537750244
0.9849367737770081
0.9604765176773071
0.8962251543998718
0.7236085534095764
0.9908745288848877
0.9772266149520874
0.9476320147514343
0.888589084148407
0.7899648547172546
0.9905581474304199
0.9776182770729065
0.9452129602432251
0.8665899634361267
0.7668816447257996
0.9933891892433167
0.9839703440666199
0.9572984576225281
0.8828780055046082
0.7053301334381104
0.9899221062660217
0.9749050736427307
0.9320852160453796
0.8319718241691589
0.6523128151893616
0.984470009803772
0.96412193775177
0.9180694818496704
0.8389673233032227
0.7653969526290894
0.9918369650840759
0.9783181548118591
0.9474093317985535
0.8615086674690247
0.6699810028076172
0.9968631863594055
0.9944921731948853
0.9874517321586609
0.9671189785003662
0.9121469855308533
