33.62248249077279
53.4767450576599
76.19236040883334
100.10644208579065
124.44363473365493
66.33591408280799
97.19265569894573
128.61225575856395
157.27533570625027
182.04229431982776
81.05974448452518
106.56638190368882
131.90549430606092
154.33377745608038
175.37450616067596
64.17335748967922
87.88113107221318
112.33845762389072
135.2844492370512
157.145538708938
24.668078491113988
48.17758837142005
76.99515154849806
108.32960555629889
139.75074692815156
35.708214984648734
58.04424540062642
83.0178492109985
107.75019552991634
131.85478580561067
63.42289254080277
90.53928286942167
119.03605215262589
146.0095245705155
171.90369199947813
28.68709140045128
49.27631299918561
73.81159416547014
99.32020068368637
124.27020439800106
62.38438918835049
85.92282438765966
109.6955804009596
132.6277840619632
154.75302671553328
53.229125715033
77.77727369858664
104.33405783281347
129.27910389002076
153.28357151595367
48.58220151118467
74.58921065677802
102.23761891369148
129.24883331482934
154.45780969324605
67.21506020763451
94.38544235923116
120.91519184298846
145.6806914395784
168.03227150137454
10.31857636867795
29.601942967561847
56.037951446544554
82.7910626418739
109.02885246764208
32.570164265635
58.758873052578025
88.02499702520396
116.56398652623143
143.60401348480895
64.56506610905309
88.37579169384288
113.41858016315574
136.7573880653291
159.28370435583383
64.65276622795834
89.09558238746665
114.10198242379477
136.80370507913682
158.84628745443803
45.70161333877924
69.96561728763986
95.73434305803917
120.31424089413811
145.130378547353
41.47478385961167
64.2658559868275
90.09359614218263
115.95348940807202
141.45901947403706
41.45083889085217
64.57933264512073
90.09000177024026
113.57296972676076
137.40726550878404
63.23870868763326
88.55593286949758
116.09053866365566
142.08828572179033
166.06332945046344
40.32604771286735
63.06679747831684
88.51609337349895
114.16863599519638
139.14405093564613
54.28398198767629
79.08822692838879
105.86284438586453
131.98671248464203
156.5153851991401
64.13992110611059
85.59099605052116
107.75795519004897
128.70516245573458
149.30980474673544
54.820475708736424
80.68633555212168
108.95097920963912
135.62957621539027
161.34395097774456
30.255719383602777
54.726774424419
83.47561036930149
111.85704859304519
138.84698556607876
31.524168239806794
50.2234354146925
72.41046990748067
95.57602355309308
119.93383017937435
56.23799046526256
86.20466320604804
117.74338594917398
146.4982380706609
173.20719713349905
73.79250832050643
98.855371042287
123.64409182149238
146.64673590858686
168.81720047176367
59.53724565904163
82.41668521359352
106.77887506067898
129.41204008941872
151.67660583308194
25.237186799842224
45.818495717453615
73.58722926757473
103.26640589462745
133.92011299404209
36.75129356604664
57.21100993197991
80.51588926281484
104.13579324871615
128.41999927161453
58.60827628484661
84.59546888546998
111.78976402120384
138.59535574384543
165.26669061351518
28.36166033220301
47.27471511775827
69.9986767484847
94.17667955842629
119.80119901759603
58.28077336642282
81.16386348305927
104.8678640974844
128.44523580885067
150.67201093978073
49.98199864941487
73.82537372160415
99.58542926205162
124.15112554491031
148.77912967079212
45.40435540606246
69.81280346926069
96.24589715812174
122.84531616000855
147.8536197257006
63.72659096782633
88.82409650834833
115.02467571120887
139.48870340433933
163.2400502977078
14.1005987452474
32.20439277863273
55.14842294406416
79.49716670396953
105.12501157273118
32.54705884327197
55.31822378065806
82.30310793250447
109.60328199677768
136.86447885777932
60.701943654109165
83.8049189586266
108.15794011227528
131.76672472687255
154.8093608238715
59.93126310312806
83.24951082082892
107.50888017639315
131.0285575838286
153.3444275121106
43.65962727786274
66.51748977616971
90.9923200696415
116.02110443936277
140.50126442637205
37.96110370735268
59.06748534181026
83.87630574584641
109.296788107597
134.68534248157414
39.83529399338378
60.88516663591656
84.66388615377195
108.06971633081064
132.28283977539866
59.229059970137286
83.4762202765678
110.06736774296058
135.31290060603328
160.08812216868728
37.23206800679113
59.45253349782327
84.35425835170255
109.3799311547953
133.87164075970017
50.76235748188078
74.65362339793747
100.76902424740776
126.22737953713435
150.9324310906153
60.41572365865952
80.79429144094576
102.68945299160559
123.2485870775992
144.2131054038674
51.98035502657062
76.5468782588059
103.81061434644356
129.9967837371639
156.14002117766307
31.260673588853273
53.2635131216586
79.97133059536156
107.0877817036918
133.89692256179984
44.59135799665935
67.15543113867595
92.38548097758778
118.34288695735165
144.18952878991468
79.56236618775206
110.63683151915313
143.1615896929357
172.5815397909583
199.0626218981351
92.71869898076794
118.77003807958967
144.87322452059954
169.12282805728702
190.7318373190447
76.10013051793463
101.06846551378014
126.69545689362438
150.37733443128525
173.9599303510725
35.01949577759432
59.208739143346776
90.14213798369708
123.60877745413971
156.30609884924604
48.629390931394965
72.8246619504638
98.11923613421054
123.79015045938063
148.4617464175729
72.59753160503583
101.68480209618394
132.5099140919633
161.9805440509131
188.47845953220613
38.61938285776564
60.575214202903545
85.79080380426433
112.63860353292402
140.1111606130265
72.61306262982069
96.60577014304168
122.22485776423342
146.77948028140443
171.45220946529034
66.5398731798433
92.39173912169991
119.37846868082556
145.14143192047237
170.2810676380381
58.668883221103606
85.15749694435476
114.22035930801331
142.75741614467006
169.72924185281613
78.85362951439625
106.56335812989269
133.46836224859666
160.07073986073942
183.43247790970224
24.960455933782054
47.780648237605085
73.52338009925461
99.81999061679494
125.88251519893103
44.88802289033069
70.67918103850556
100.50056680814629
130.29761143852815
159.2530489846002
74.36496702781365
98.24186430912671
124.41501554614129
149.34926230623827
173.79913573093972
78.08075706820506
103.49151777399761
129.37866963981688
152.69447358523462
176.6571290992881
57.27700664373298
82.70725532635156
109.76660023196435
135.92483375598127
161.0364501398622
51.9513244864305
75.9058886221592
103.34794891782727
130.85474301166494
156.88058997104883
54.242170239006164
77.43981809196765
103.75149192341412
129.34813994305495
154.19021161807078
73.56009564179402
99.57749000523846
128.11872232084684
155.19115489927506
180.8099312557334
51.45442635862764
76.08754967803429
103.6620239730694
129.53033713672843
155.50619244414548
64.8329686338381
91.51531256935988
119.3940919860754
146.5046077211216
172.69879907276746
74.54201138653252
97.42648214972071
120.4613391463406
143.0482544321603
164.6563485360249
65.64958781507983
93.61177680967744
124.27200348517489
152.2554980068991
179.04476209678586
43.55909325084001
69.2108055689198
97.39291754922965
125.33057387087565
153.71330731718783
16.96834769747871
31.017478180820678
49.09603760482637
67.14859638017198
89.21747048966151
48.19483890361978
69.55618615731139
92.700874574732
117.30986053491323
143.46324346054953
63.11536656912423
85.44986391535396
105.28536431810664
126.19525026038204
147.97696574971252
42.2598338282263
61.243049650206835
80.28653858851932
102.38911907191324
126.27815378837394
9.735369198445497
25.43220580639809
48.48164143183666
76.15844415994182
105.940613469891
20.978070817211762
35.97828644053771
55.65108495760325
77.49880935396727
96.89107482789889
43.19218483598058
65.02904275484649
87.74627297581766
112.20142226764013
135.02422022174127
15.314322395107823
28.306535616661353
47.64533751940622
68.09970337413917
89.45522285437708
44.67048598489325
61.26745921231061
79.800646020499
99.13389814747428
118.72089544554568
42.762871513391126
56.95712737893774
74.90804145237378
94.22823353234541
114.60699254067656
31.03202570315396
46.795493149540455
68.12507638850228
90.94186042057952
113.99353648013765
55.18234466451734
73.02703894317527
92.51423048373765
111.89873538544171
131.31668460815516
0.7908554222090028
10.39431348109157
29.48776336665189
51.040059302520206
74.52371831103886
23.882437548371705
40.55134111156532
61.80289940013079
84.32873099431423
107.22817517228131
59.82380180779797
77.30269934710357
95.81661806493184
114.66273325098535
134.13246232387326
40.52871352961607
59.36886859090741
79.76038007415832
98.9483359273249
117.81085312748542
35.762215732434186
53.362895870318354
74.6547556580569
95.06885883950484
115.1598505363252
27.879678466969033
44.596167485077636
64.74030267046477
85.70109960707747
106.77473616076819
23.725954150572022
44.91063262953667
65.52966407267236
81.47906012533188
106.56918543501192
59.01068247253771
79.18625263653892
100.54480767531403
121.46136181050545
141.9670531737894
18.81766334407974
33.97069555711005
55.046163188918804
78.52666407672237
100.03588365307844
36.37535419567604
54.11733279556955
75.84548143574668
97.24334113755752
118.53130448816333
46.13075893867887
63.309250042366884
79.81290380014418
96.05682445632681
112.05024864779726
29.594665237856024
45.79072555719468
66.24140825861554
88.53870266861885
110.34502077012503
18.52205016097897
34.42521866857523
54.61082366564651
79.75294406146675
105.96747436737166
27.106012658185588
45.1996080530411
80.32162511246335
117.86047888926595
159.4661595633407
55.94399973128763
84.70142342061551
133.0900073807727
175.83931211796812
214.60117295982212
71.94747388588773
96.65463014077427
135.11404930536952
169.49732393957217
203.58843019432143
54.89828718554575
77.71077055827477
114.88561366373986
150.2042402407329
187.9919885265215
17.524546875143784
39.83211759911452
86.73195904653494
136.18807239827447
183.39971844854531
27.578563601028915
49.243428383256386
88.41548266603839
126.9111417278749
166.48668836582326
56.07280636010516
81.92324147552033
124.90346495898405
165.5924160695492
206.27391236005772
22.932595508378064
41.752170461400084
80.43085088305995
119.97816509202293
161.11933526419335
54.624620683201904
77.00787700258215
113.88922964954821
149.0093836664424
185.79198965672268
44.31464069398145
67.84950954416777
108.49024679343391
147.38808716435835
187.80907468279239
41.32382831647546
65.77200243170805
108.66868744268457
149.00924318705066
188.75717380181567
57.654750389929305
84.34672713262299
125.88400953745067
162.20610335688312
197.64659829318694
5.230584728485777
20.262765385274097
61.87997570285365
104.1165343007961
146.09629660895996
25.365376604788505
49.459624117209394
95.28369736620071
138.25265528296225
179.80726776932627
58.03129011118316
80.62234315024838
119.51610295472993
155.7101864313704
191.45576862539568
54.88750745380441
78.61416858093403
116.23689866966447
152.21787494141108
190.00125095728944
38.407417398916785
61.60577934410471
101.75376686744777
140.55266327301717
181.17267277903204
34.58232875324415
56.12048804448071
96.36492146835494
136.89707112493215
176.12362837054707
33.3443896951791
55.58858498475063
94.22287810908394
131.81970077494364
171.98881558612385
56.938136182824415
81.68435827834503
125.05865107177948
164.28437403887241
200.9368918963967
33.68736352913489
54.860853312739636
94.85413254689745
134.23589161818617
174.03212630179246
46.94822138251138
70.30897047365379
111.27396959399687
150.06844374872261
188.57262378852874
56.99619985161259
77.26140318496083
110.96530942296577
144.02870686121327
179.69299247692982
47.09749687412167
71.27526140533963
113.50928479583823
154.17309918956022
194.1154245826236
24.5079636718029
45.742683715882606
91.9076860601157
136.7484732088437
179.13743289600205
79.65295383056096
102.11854179479741
123.1573530434338
123.98971601047504
134.9626348499791
171.45798478562386
207.6186588024051
217.14798333735465
200.52400556861048
198.5585306574161
238.97962473111568
280.8061728878666
274.76916172724157
232.03351522473486
212.85856279182048
187.8557597138629
233.06985640009296
239.84863117487714
212.45352100319295
190.74571435103553
66.8733285693571
98.71505097627534
120.26092932517722
137.8548115170469
160.7337452005415
116.42130889461006
151.69740657275483
162.65484379179745
160.3013437534385
161.20895194339744
165.5303503981495
198.93746075447055
206.54339869606244
195.3038595922692
193.69498965347836
97.48112833906353
123.54597922323158
144.66429113438787
145.22779620407204
152.24873886502417
184.45246159100475
221.41092974018386
220.3878173532632
196.76875112050837
183.7386441609317
152.0779875206144
197.9341795018705
203.3335610465866
190.02688631850805
178.8097905651368
126.64545034954081
165.55393306742974
177.0420479660499
175.53393584769788
180.13626946058383
180.30525702151058
222.34269108356943
234.18428019307075
212.28924731282402
201.0767264672754
55.028255256994626
84.25016740077308
112.16041617258078
125.18133828112654
137.19539378447936
97.35334079165357
130.0086188186971
146.005120360529
152.16311264059036
160.27116571749843
224.89497876719815
267.5566810965265
266.07141039935567
233.24511801114622
211.5015681373136
175.6297094090466
219.01080419080523
226.04492488601318
203.82074038651618
188.06695936033154
167.7724414136649
211.5541919311006
221.5920735767991
202.20666232791095
189.28518860378938
128.09503992391726
168.8645715254859
187.22240539440938
178.25956930340678
176.5164469884812
134.5329399238807
170.67616207929186
186.92846023157398
176.58384949260983
170.70388202732022
253.4357504528523
285.8256653288767
270.9860579542145
236.20679660161372
225.53956990080178
127.5670782189706
161.64176797913493
173.2420329475867
166.38048983776636
163.95811644020964
142.09689283692413
180.93184037612747
194.25315835031617
185.68587594169438
180.29670020280125
236.4846975707717
274.4677500767153
270.84894684668774
226.9616425111958
199.95356189498432
108.83305866774185
145.19799057387388
162.6336604237991
164.03895143950868
169.04276634449076
134.79413237155944
169.97293173335004
185.5949714523092
178.7431602863091
178.78689303627823
39.07033228389709
65.8830907199076
97.51990275241117
126.67979944547533
168.85360002294547
75.58144627221348
117.33394724023066
183.27491499835642
230.4429511682437
273.79996813830945
134.8692331710122
177.18451660946468
209.41947383754422
224.51947089459708
258.8508564556573
94.18682896368345
148.96237956211334
206.77629446315927
253.16615833372924
296.6016863933357
28.53183273593535
56.846008964242856
93.171234093864
136.00039803583175
173.65598631913147
47.37466198590623
78.1847331550267
105.33536500831528
144.55911760677412
179.5192830559403
79.61911989719711
110.39505033154818
148.76056238833795
184.74037445071193
222.64836255179011
37.033799462281436
64.07328863544612
94.3466544419119
138.31504471300917
177.3512526989985
105.53172480503834
142.45147985460443
161.79220263366852
191.79794381644123
218.56990589726047
82.85172538899893
129.54425159637344
176.9387168791941
222.1478075617658
249.28666106989462
63.631931374307115
92.92281255815372
128.7935125370073
181.47334381088783
222.16814316885112
84.08361070327109
136.19407320348762
194.24063240201266
242.7019728115416
269.45027976292266
10.804282314002597
33.49544873465178
64.32728132918906
108.95622173083382
191.84263826014706
35.631850486634086
71.35348921689614
119.23804956964948
171.6761755728276
204.4494120068168
107.23080230581886
151.5099089177889
187.21219021750147
224.9228595093524
268.7007385920335
98.33683891769458
137.72855445155653
187.29506213243613
207.9825508975893
280.296796227157
74.37148077374965
113.34647231948203
177.0772250668878
212.83742854120138
236.1976321834171
53.425787653646054
88.51099029046998
123.06589043072769
175.53443043696223
213.17247325486204
66.28881417257855
104.67634321734407
131.66325671326035
166.38263982107227
224.40368782049694
90.96029599080927
124.58409808274293
154.6691548285341
176.07485693831296
177.14354368504786
73.3115363048425
105.5603957351514
143.78402729180095
181.34376067094252
185.581083976409
75.70484796127666
111.87284671380617
141.47315377710902
187.39427881371353
246.73470659571524
115.09248596812179
158.794542884388
205.478912752043
242.92738505802654
272.6757656251116
62.50399425453708
96.91727818147092
135.8880223001514
179.92489391732093
251.20401076516737
34.260452834915
60.10389647919159
86.7803580320947
110.84267211448771
135.49341187057536
19.15319224601652
48.7720828157319
88.79804050898285
130.1536096541653
162.46321281899415
17.78789182653424
44.545520739987055
84.7666483383329
130.7668849926632
170.96147680854696
19.969536628577014
44.23497804280923
78.11764896203678
118.29273782760298
157.28299721605202
11.085519386050173
29.829240691897724
60.05010142909328
96.77763847277164
133.7781637199398
18.921384286333165
52.6565170550508
106.96467064233607
165.56953907224857
215.63494585855156
19.964322900022353
51.360163506309824
92.8259656479614
132.75866633542256
165.3249720630554
15.844227097481486
40.993257365273855
79.99849531718412
130.48124676180558
182.49792167171333
36.12791254662289
70.74534842944736
114.29454484942937
159.298366364795
196.54854069005998
24.341320211014896
50.7920153737503
88.87902262404907
130.98622994220847
171.9218239361722
21.80310787655684
48.41343833482179
85.94649776412324
126.64991030915645
166.841294306942
25.49341547152052
57.198590953177145
100.73339279547233
146.70750866017696
184.58105503076123
24.365521573772096
52.368470752299466
90.35695003945989
133.93231731016363
172.80367033988963
17.022504201615472
58.796773649603665
104.07536933664723
146.30802654537078
178.85444632925618
20.50511273782674
51.922720863319874
96.92378561429356
145.4531422322145
188.37943228521314
27.091093974998394
54.89990079734792
89.77180130634173
128.46206411799446
168.8456738895805
15.846228691490275
40.45797311261009
75.65083782081001
112.46618232588992
143.90315269433825
12.346178760689353
38.55992915988048
79.15183984220619
120.8836868489498
157.9351964930526
21.207749263218084
53.93645514906166
97.00133122252025
141.55975059041035
179.51731788123547
23.78803362254336
54.76169990510372
95.20231820697033
135.7312339219316
169.6457491124984
33.48139216560946
66.92589927439671
110.72168381358466
151.3929168492426
191.65803701218397
17.45851523162558
45.79936778067167
90.04711359742997
134.54726654510472
173.26548700814968
23.316473603418732
54.502842448026875
94.6972104957363
137.44476598971207
174.8337298442193
18.024862890742433
41.439387941236454
74.62984781461445
110.43051662727875
143.85389808571475
22.769917535291597
51.28238210191747
92.06112323550045
137.75173864170506
177.57024866840726
71.30510639110126
113.87299074399995
163.94950265831292
190.8787458328872
213.17841207548216
36.547992346456276
57.507928610269786
93.96695100439752
133.37092710369137
176.99066349731626
58.655299043854285
80.98094576019102
113.7209328445277
150.69671398392154
188.52941182425812
52.350560086094106
70.4897437381819
100.55786086277058
135.7172698398932
173.70861451659005
49.950099527167716
66.77623561403948
90.12017645531319
119.6466496103839
158.2775101892908
23.228445244380033
42.4165844670617
82.76039173104822
150.66115720012004
214.47047371797595
34.29734038670333
54.839849576790755
92.73176058031484
136.00168006822753
180.42697878800033
36.94489325519112
52.76971718553006
83.56316469604674
131.72940538400945
183.87579959843188
37.04348777717127
55.761368804013436
88.01691053515427
131.54733635718407
187.10477586304557
48.14353689408237
64.9294813389933
92.32438908942892
126.2122412745735
167.76507708866228
45.34177669967893
64.37800843210428
96.81319187182032
137.98561066547097
179.5438732515305
47.14110642420953
70.74168390588203
107.37544514606826
152.3453711536965
193.6353047763158
53.1319127197407
72.41427841440087
102.78296530448706
138.3127709473161
176.252383329687
21.244547575502505
50.04011824547594
99.15264284359564
146.1248391234237
190.6287580657316
35.117076968788815
59.16883921967967
100.11438541806103
146.707509921717
190.63910544886065
52.81438814877417
70.42295559069576
95.9039679220386
129.5298593768439
170.55961343804452
44.772869754069575
66.73022307703765
98.47986179790641
135.1407669826687
169.01791196978712
40.605608082039176
59.82568283300443
91.44233192717157
133.71422315478145
172.20311890514705
43.83801434590251
64.38966262956939
101.78616620239816
145.27854034786273
186.6377720934304
36.225016183878
54.57992248052939
83.20805352075178
120.57371952279772
164.65677713829712
52.42401286339097
68.86972278657022
98.00311014449565
140.31881077304416
185.01145393104315
31.86496559055843
51.986483411451495
89.65144293790273
134.66878237183843
180.10198806482055
51.653328341355184
76.24236149120266
108.5723080943865
143.30959407829468
182.66174550075462
49.575163309123226
65.61325701648902
91.92586165368792
120.5099448937435
157.2118355524356
42.5145881910765
64.05999014205932
99.7680189989509
143.78362368678074
186.2160234876241
14.07115652935807
29.724533213367277
61.81596537626986
126.97900879775229
191.99350525915276
27.384957759773563
47.690565140659544
82.41478312244156
125.18129241151446
164.95438615719692
48.263468495885306
71.31922945081035
111.93103125186178
185.546881118095
237.78357053710954
55.15950799965281
81.47258533635812
130.7918264831057
209.87964152957647
252.85897748650885
37.3325033943847
58.46302117123534
98.28570554013544
172.3292803103505
246.36258089736523
30.191555416595335
51.91031289355416
91.78721942979476
143.81606682459392
180.02983973077255
28.14423962314584
49.40710190189837
86.35914697021124
140.59059666567336
198.07634972632763
40.69873734748545
61.12048548053707
99.99321546121755
155.60974458712687
197.40761076613032
29.69775261747405
50.71442445831815
87.01959757069793
135.15644205124175
184.696392978918
44.88565615339681
72.82298093635822
114.9099571784594
180.74668795767136
212.05957791827043
38.04751636704665
62.79531827176272
106.62175657542103
178.51438989179016
232.5351413791953
41.75570067378588
66.87137485800449
107.14204660048449
157.6298323193587
207.72296153200944
45.3458503341837
67.53991557257466
109.71981222952506
190.5951134827898
255.22762594578893
20.67602066050965
43.14870106851803
81.18702824685073
126.81445635523703
195.51519169919567
40.757866265048634
62.85333035445019
99.87040487569165
143.46034888800128
194.6094408196376
49.17510882018752
72.3155113289494
110.4762332375364
174.01083098273637
225.39071150006066
33.86008511435354
57.451528804869
98.018103751123
176.5051980059034
238.1327154416812
29.756815620447224
55.49105055881313
97.22106486142765
164.92947279012344
215.4417991345551
35.50032831682778
58.17869398691708
97.63521129378134
149.68501105571644
207.00144250780673
29.08746183141357
50.907169959272125
93.11599762630344
156.09996213552884
202.2370628808928
54.056074906273764
78.18099161614914
118.45472406636539
157.34210264592326
189.67512645068217
30.5598631822476
55.924933938698295
99.94636369355527
158.42465264134893
208.5748390807352
50.04824416051879
72.54946736063214
111.55025523076282
167.58341190007133
217.9142607158896
48.64098271394012
72.83915003137514
112.01438801343886
189.86712095976654
231.11622712007113
41.2464999836541
62.53823256459916
97.5836988608732
149.30674046994204
202.27351116103554
68.72303074790852
81.16026356293453
111.11092973519037
149.20057805640116
178.25774631834727
30.625709090826344
50.616737578653925
76.06860623649054
125.73211970066956
182.80476826677415
75.06517442740044
125.01926159666817
163.44309622933005
197.0926773315397
215.61918570813322
97.29670434501185
130.91467789453486
157.49637141380092
181.6956541921053
195.27958313896025
88.06067239653053
124.7181991261771
145.41432115383563
169.2418434270533
181.7354195286817
23.177099606004635
48.23445470960489
80.64124611622549
125.1152231677927
180.94617355134156
31.363788872753084
55.06669608344389
83.05225442917879
142.55921523053215
181.0202059705469
66.72122655480919
100.54492624967108
139.79792731020086
175.03662112209676
215.01203958693793
32.58512085403732
54.51391153457473
85.53609830122515
114.2915045237655
170.2718703358034
73.06254459633006
102.49526670798451
136.32665483613673
169.8602558803305
191.0972550083136
69.7488036664311
106.02376501224948
148.21556547980614
175.98812960071012
197.18553947174638
48.61175340676146
77.91639235488537
112.41526388976017
166.90124872778165
201.30260429143937
76.6293635811135
123.007378263811
156.97730859621046
182.43241280478287
206.14585864645412
7.263059686559653
23.270551811296155
54.21132947862041
90.29266289870853
157.30975398325873
33.05667890225143
60.84016514088076
100.66579241686347
153.11008598949522
192.65464711518567
80.65023956851508
116.91116139984072
146.6570961818509
177.01117785435844
202.62997182985748
64.38938995945041
104.95815110311729
147.3390570659128
179.03236396268701
208.22878444389764
61.671094039509214
100.17902244275004
136.3620947755737
165.6248464312007
195.72316565290427
38.5642823867399
66.78956247349694
103.40812277484281
152.23159623185035
192.70849761652903
45.397970216580745
73.12213580637446
103.07961172455258
143.21060650649798
178.16490594660587
87.74703115705005
119.78719981062443
162.54200429642705
188.4752906553775
210.17597935009604
37.824794734689135
64.62528998761334
96.71742001378799
142.11579872385
190.0916848275261
56.732211878521106
87.61405723439746
132.91888268035544
182.07856583644602
205.57002331577928
87.95333360508478
116.41087924818476
139.30407887914163
159.276620212887
174.6980886922271
49.86095375570997
78.26377947034368
117.54443781296213
166.9100836721278
205.10224322742764
31.70481990096948
48.91190716118307
69.86322239236259
93.37824889104351
125.50630431774431
29.936577638396905
27.71094969389034
66.20868917051969
84.17055421739498
107.490755779761
43.34628227024872
84.7486664698644
135.93905861830387
166.7198387614248
237.6014840992351
80.85526462043325
97.30471778036025
138.85998958906987
153.82608578615833
186.46690269481707
55.512791429355495
89.76427760487151
119.59281026503805
139.37628564812542
159.95853998538453
31.7271482360501
38.24820195092596
55.06883285240791
86.68944679464563
138.13417566181667
27.427704862809204
41.60054285883667
46.09266017204576
77.33485790839984
92.3655335485181
44.09585866559863
77.21693278870606
108.32627454963549
158.74729856372647
172.91077107139458
14.607842517103782
20.58582006141076
35.80064934082398
79.47101101592793
74.90908621660684
41.689564383358295
47.06287418583523
84.17074386287008
139.250987105322
151.20359534692886
42.621572746699385
60.21235237000974
80.79194004684302
107.67430234601824
159.37117512034655
35.87316971812081
32.29371839753475
71.62650979860527
121.43597479167248
154.63540139164
50.0892272631202
57.146975535368384
124.33148420903936
140.39171269359395
158.8122648531507
10.514822552628182
26.310414483485683
33.60260207467747
31.181898369352513
63.86634942302911
31.723928029800707
53.232114894155096
64.23281071403856
96.23393304585747
117.53050193722424
78.41539569459688
101.47950269822942
137.0068887191013
162.91451307306167
188.78698120321067
47.83553869901652
74.33086267471079
90.4738087264109
136.18192727265202
176.89480443739018
36.711976694305235
51.246723332347074
83.24684917634072
109.47880354136295
167.14504646555577
37.982005439213474
46.46775341920245
83.07116706817142
101.18490133239669
142.5377195825129
27.292289005699384
40.30102124046396
70.67590580850019
74.87641305490268
92.27653755490503
75.1131003215653
50.4477089587451
115.76816606090202
134.90190758832398
185.1978977507413
35.16264155199315
58.3106855429117
52.80268965633904
71.95961084761817
140.96669121135906
43.213836613581584
49.809761191233015
75.80704433438589
118.63324689837539
162.95973347916728
63.59002937733917
61.811848957238595
98.69734010681286
125.33292857758423
160.1688184179006
58.313733510514005
45.244102605512374
66.01740366899313
123.20983966987362
158.16019392329343
64.68263900430553
65.70110437134812
95.36599698805729
103.15392347591208
115.09383291375116
17.078141750061505
56.66439691617339
84.29764358354377
101.74162889242788
107.3894175262861
75.90973563333804
93.41964241447994
127.18556475077182
167.5307250391589
160.5913674104955
84.2310475331892
116.16466211085418
137.98255456760094
153.39466499300332
186.27696386281153
71.55140527768245
98.61159711974452
120.86154683716063
137.76958487749604
158.67959813741425
34.62497165685558
54.504564913033676
90.31236559783952
121.84764844135738
156.6408535030707
34.994231866790045
44.607984688380576
82.18027222279767
113.44016504709394
129.38009764337914
58.765718600122504
100.40403308829056
130.07591281965634
156.2453934384202
175.59416636577663
27.50882638462219
61.022488909787455
61.29978522086882
99.0254068964892
129.67686217865506
68.35420923391494
91.52293886393683
115.43037005269281
134.16806806752265
150.6455069458148
41.39642465840199
88.4748318764322
113.97845017267896
125.0240537692263
161.65407722920528
58.17834551430579
80.37963504000444
95.76485364487529
130.8587833373103
156.39318052836026
64.47579352066276
92.11097244742743
131.18878893339772
155.0683977490636
130.7619185123635
23.37381907799995
25.516855716293712
66.29854461226802
82.87286565544703
115.52308284493763
44.492620463819705
59.03942553308933
94.0101408433643
127.5860346294269
146.64804256499147
64.94996435295616
97.01649807096881
113.3165996739125
149.61250911397636
169.8695960619816
72.7595972591553
94.85272655140894
111.82274845805978
142.7547062250065
154.2763315188299
55.80294899473665
77.19088436710662
108.67339270174965
134.91886210948417
143.2548619465964
50.21587039034487
73.80100483969792
86.72943147320105
123.37459086009211
149.9395942475529
36.45376672324979
58.18024129228557
83.64629712594495
115.37393879712002
136.54529130447793
78.03334655433828
107.60673414640445
115.16086846097707
154.54007154303733
174.17586677548468
39.526793472558154
72.18878991289594
93.92457769801915
120.15293230101163
133.71072854038954
52.53511344399124
85.58145046383245
113.17131920829965
137.5655353296338
163.96354150421826
70.36996433377703
96.41678466272644
119.31321204710571
135.22261468056547
149.1907279977498
61.05726008483537
79.31554356648039
107.46472586518139
143.63459258495257
151.98465141757913
44.418355291970414
56.31551953836418
87.1479754161313
97.77311637171948
114.31637611729482
33.09535569990291
33.91688167177393
60.130918021651866
75.82882466361978
93.51166995805177
62.72089537748386
50.02983313576964
78.14539858428707
87.4580679386291
109.32875989653265
78.99293043141739
53.16964625333865
79.33355304830177
99.3489070930258
121.78317212196039
73.12815512855404
35.363223328870184
58.86593493062434
73.9113159707564
97.59177481067329
31.4047135334002
51.738904560444894
81.7710686984452
105.59988923828791
127.6223958993166
41.30633434399814
41.972042054090714
74.01569613629103
87.59304320963906
104.06490226507556
53.361447298651704
43.98023483961776
75.83507730404745
102.77802358154955
125.29852668388067
30.227834434244777
43.346748939358065
73.36277312283084
92.73709600103301
114.06700045772969
54.59258275613516
41.82297126307335
72.01988280447266
101.45257069163083
121.78445698352444
51.229752199325645
45.836485333033835
80.2333295166953
104.17122359391115
114.98472293958142
39.02026240655308
44.13620150875549
76.56446880690874
102.67982723160605
117.64627635057744
59.51447031773696
48.013920078086265
82.22189093503093
96.95777518359957
119.84099307454233
22.937735618426842
44.15698197954519
72.52065624241584
87.71035702324752
108.41057654643366
40.54890446072906
48.83325230798382
78.07685404252004
100.66425811141723
125.983620064263
63.70909860033072
44.25011845911667
71.03807277480614
83.25531377661152
101.44211035686814
54.878820659233064
40.40412037124036
58.539550190463316
84.29642598424597
95.68255837843567
52.39271641377804
44.19175895556012
76.97903892098547
91.86061935454585
116.59539567497075
38.82614647609069
45.54910023435693
77.28234461482263
91.74309002380122
114.71352264812982
38.37446958430325
43.62212617117954
66.73848834334056
85.8204469347584
105.08313429069909
55.34586302644563
59.654990281133294
87.77585313325311
109.8484807212256
128.20954293136717
33.383249866009834
30.580057462594407
59.095995769848365
91.0869486191019
113.00732178424887
53.60632172709694
43.082832862075655
67.24949228283234
103.85479551183514
122.13505736152112
55.801433957304745
46.173126460602525
67.93390331282208
90.27874552736206
114.21848094574575
48.762383800929044
42.74627195076234
71.73027222273855
90.56973884133825
112.01113491909982
23.32568645655271
51.73407027650556
70.19504892648034
95.08489630259196
111.27000591942445
82.66421529734968
73.40504899088506
76.7663489267163
63.02799286694303
0.0       
95.36595106915382
97.88563072261555
76.30710622930079
82.80860988537172
6.8679219844365385
105.69600927296757
95.28238271692592
76.14726570521677
42.24255956406726
68.44744020537762
80.0474131477332
85.57490293496214
0.0       
0.0       
0.0       
87.82688706142639
86.19961509514256
83.28667393875115
41.60675165434459
0.0       
85.68377048633022
52.889554532469006
38.18429495974292
26.47870203833762
0.0       
92.55331916147414
84.61726306903968
82.49902903173408
73.55146120589662
64.46609789052214
89.6677128466432
88.71345093096731
84.35415034917662
52.354096944354445
52.03054013422164
101.64956221112323
104.06097790857535
102.07405557438615
78.09577457196383
0.0       
78.52396378360483
77.55571318730145
76.37267130439793
39.208955293183024
0.0       
89.11901909910418
75.6278386146673
69.41573895582924
63.05680368859408
0.0       
91.15486356446303
88.68824537587216
90.53127423647767
84.88766283692739
0.0       
97.14441593849797
94.85617964739346
79.18069443416051
75.12054277462165
0.0       
92.44373139518399
80.50406578562789
74.24469151334154
71.56603611447422
47.68671416035421
120.96822726206116
119.96348834528979
116.23178786694854
110.58773027053608
0.0       
97.0424055202415
99.54549803543678
90.5050833876341
62.82927985319185
56.80719574930806
97.3621752182878
93.74373171179096
43.32381053579713
37.31986741478013
0.0       
84.86945220436529
85.39604064762955
81.29538407532483
75.90117204346609
67.34097901006065
89.2411127862899
90.35536903249402
87.24046843563231
79.43318734724575
0.0       
135.26992348024044
129.27517982590706
120.69116391565328
90.41394880423297
0.0       
75.94621053044358
70.09088589256609
66.94498071129345
66.65642104957139
45.073111736325
86.09396904531458
87.00262581978096
69.90617746325702
71.31461241673475
60.603510958746824
102.85486059306282
102.88887692512401
96.63713756183249
79.05111216283521
0.0       
83.2745735949761
86.36274260610503
86.66659344553854
53.937272616198044
0.0       
115.98536406942793
108.72428753532195
26.348219661342387
0.0       
0.0       
1.3253324396006039
0.0       
17.570253860233375
0.820025416009628
64.96607997679834
2.2848272914512817
4.145836529908085
51.305154178843466
22.55362984870377
178.18334847906658
11.44142610800029
13.80501159813929
72.21456934199539
40.81262586444158
117.87821872867545
2.823425571829683
4.433297877484176
29.967355819708445
12.118676392978893
133.96770632048606
0.9687242372436613
5.4783247309259275
36.87567187646681
33.2143852995386
98.14907570556589
0.1053461342778758
11.549814756771926
12.093579488617166
42.54922580958757
36.661466487542384
4.976678940879739
6.424374008141903
33.741260430437485
23.713139224263834
85.98077649491329
0.0       
16.17641626120697
12.209041993322627
64.67630240754126
40.81961403142882
3.7385583852447835
7.2238357079218956
18.471442399807685
21.8789498251051
42.15604021516381
0.7390007628511996
12.598039460005529
15.437925078513224
43.69996568686618
44.88529103984614
6.370442052831568
4.979282595042502
56.154237922923755
23.22531826333128
111.46191660481355
1.7027375100846782
17.897081137401244
8.408971397348953
52.299650251595864
31.03138152534298
0.0       
3.395056680020441
3.9335788147989357
33.634808184604964
54.764506077449624
0.7197377047765657
6.402420109318696
30.8909181554776
36.18461121892581
88.69469373267017
8.80584593828056
23.677479488328157
64.62648857683443
50.324468960411956
153.26500031707008
0.4978622215724684
11.418757149150034
6.2540024162590955
45.70602561589464
25.117790655769625
4.553903837909995
4.805019537370594
62.98305042929168
14.544970258239378
87.09047411209941
0.795022582683897
6.1525624965607015
43.32879974909592
31.238207635613914
123.53446570610356
0.6534797696572486
10.39314879232423
19.34342225172761
44.88667747111677
53.20344457609033
6.716171863894772
45.95010119958586
40.300322688481934
95.31433257428667
79.48142486493633
0.37833401565448116
13.328100624523294
7.970916280349442
42.981575913253195
42.3799355931607
0.8755750623152544
11.97969881051
13.3055324964712
46.04836478490384
45.34073101234459
10.17881159505285
26.59301976379551
39.15633747769198
80.08531478219103
75.9919648391797
0.0       
6.365750671672515
4.814222501133403
28.59114305675433
24.184167158430228
0.0       
17.82418481745987
41.168264359389134
49.45249975475649
81.59693322588173
11.378831138525168
31.005819530897732
38.012650793897016
78.59647360930401
71.35086866907783
16.24407727258889
39.88508740158397
36.495326434177805
95.45448841361342
58.671758749542626
24.051405741533806
62.21034104527667
43.51975256549102
112.61468799499913
62.8527410657399
15.953902894641864
31.16398434635384
35.13427065255506
80.16344590474684
57.24365812988956
14.798447275706442
44.88763787106142
53.41593158467716
99.76267953803271
98.06071440687644
13.442983380524506
45.160308618435664
43.079698547110446
88.21397072380395
76.71615992844652
19.08149381671795
40.49088656021204
44.17593821017885
88.03729705315457
74.24421962616103
22.445754923864094
57.00899100303042
59.0286373021439
101.11183150577814
100.28553192817024
21.99579030504117
39.425916113700545
45.618663602347155
75.97529665359325
74.72193793666946
19.759033484501956
40.03247182193049
41.712317662467235
80.40917941993214
68.65346511659219
17.29022115477229
50.303401283366185
45.337317643836485
99.62900598568073
77.55666325072129
23.338430942122084
46.61044698377183
43.793399205079574
84.38721222727705
68.46155860865957
5.197894293383978
32.020772214785104
43.048232982633955
84.8794988569446
86.75458444510481
16.806949698380564
46.67713564343741
49.31140684104182
104.34100527843135
85.69406394298794
28.730295133877163
57.036512489133905
50.85280512021838
105.31261620504642
77.09912774037473
12.726874942593676
35.73073473835276
32.70163503116894
75.70371137038491
58.74505455917109
17.129841385343635
55.599757000247465
41.63232989436326
97.155115868639
69.9707768437581
13.190890289418684
35.3723617418735
43.69476789222887
83.25533397911336
78.30864048529698
19.12607644099169
45.00103472964085
45.54772722678568
90.25699477229331
76.08902194461463
27.491090033317057
100.6214500742708
54.5359690138153
145.9923338118473
84.35274768619337
14.634298153322382
43.01339275916984
45.07282476794373
83.318462525099
79.73152056572036
16.971275280510497
42.04736649402311
43.231457592148466
85.37567850179343
71.61215516949828
23.918681103943182
70.942990425933
44.53779344145239
118.32704119067247
69.11576151871071
15.088934552558705
32.15252960855064
40.55620942304289
67.36438576094957
71.05088561091742
27.80934562853311
43.10159025291044
65.49959020964788
78.63904017809658
107.98162138925856
13.483330507304522
24.134660843080447
37.41360817413926
52.17395148659289
69.33004886460135
9.174581424696587
18.664093453913132
32.608555438869544
48.09108617710548
64.16336253512047
24.727949227568534
36.708443824151146
50.11922831741506
66.5806292913243
82.53950656277573
24.64993028748564
36.86291064502988
50.004680032220215
65.22216209893213
80.83789034364355
19.891617564994064
34.70758330790619
51.953461574127715
70.89674681551942
90.82426886852387
11.056799778767802
19.6192679090182
30.391814913114167
44.577850676924555
60.73442357962163
34.3251339032528
45.958141582795534
59.46527219567395
75.38781737975442
91.06586399679776
20.329418665186182
32.61856116370759
47.66193501737889
64.84053321548531
90.69194945374247
34.15128173944209
45.3567955797183
59.02168293270663
73.3846253112132
88.53599712449777
34.17133618453994
51.174799543056935
69.1477453898697
87.46147460749211
99.41076502679871
26.811046172493178
38.41363587020927
53.864090915466676
70.06427386094927
88.04673549700316
30.87266048956773
43.40944828414743
57.10291395874166
71.14790714345185
88.29108938740838
1.3815436725168506
5.949538435773489
18.40997198927559
33.79197255300864
53.171113853754726
12.463732084466534
23.218200622011132
38.240810045962355
54.82567486411138
73.0616460854735
33.203258147508734
45.32148561851772
59.3736195292847
74.52763643152475
89.94748973498018
24.53550998298456
36.307039001776474
51.256093352591094
69.80712699508315
91.98556384725283
26.37965072954334
38.89353014836649
54.24471700951699
70.53194208481352
72.85199395652623
16.436666654465398
28.319128634071415
43.03041300460953
59.78739640275947
78.86306443214548
9.623543073110087
16.955725180465485
28.427945679954934
43.08375498780657
59.50818845167819
21.262413211636847
33.231711731406115
45.88121897115587
63.693658491070806
87.99961158819792
17.99614749213783
31.609608795202448
49.58562117129438
69.75470882837469
92.66238515820869
27.346573853120876
41.191350467383515
58.058367515283834
76.66809232053879
95.56000963047913
34.49653242809989
45.98010908896085
57.61026500061227
71.16877102912053
87.10370694586672
27.350122302158606
39.50115239364078
54.47908318974222
72.33853998257773
91.38260385684119
13.844934929224088
26.987586082667036
44.44159674039114
66.12409231511606
89.76543538006278
29.13083873941972
48.4758006806012
71.02937034237283
95.75940287124844
119.97698288077082
61.22217958818433
86.26566615958706
111.76349537672709
138.49413764831755
164.52478783996207
79.7010692646638
104.29047014068084
127.46023950749479
149.072746681905
169.24571267016879
63.69621420399884
85.88659799360353
108.32899246707522
130.71981431046268
151.835738441735
23.840118401591816
45.242600315204186
73.64939013824652
103.93001536186456
135.0691720787233
36.843673619200835
58.443900305713086
81.73020421449208
105.64248949673797
129.23108879394576
64.79247479805989
91.09202077897555
119.05563141480668
145.43531072666676
171.4365014907754
33.17766746520285
52.99527185370702
75.5803828886113
100.01465469707242
124.40177356807524
60.98565854047624
84.20997102942209
107.4699103392477
130.85767887804764
153.63534220508353
55.70265327304969
78.64662332566361
103.20894548444136
127.41481982391272
150.84209020787145
41.171948656651026
63.80318177785376
88.04936793607574
113.7877887439019
139.13721862953548
63.163505339288335
89.71361701979569
115.43745583453205
139.78155805170573
163.0177143411639
11.649304208333241
28.262868126990615
52.16745647548504
78.26007777311645
104.03700349847
38.44481783746874
61.460218844235165
87.87849431719756
114.13352794203524
139.90494658261383
69.1597991183706
90.6739352171632
112.47580897477918
133.9855783511979
154.93521997767144
69.91114511053148
93.71298794383598
116.54887662106768
138.03275298765567
158.4508244969019
46.01107627372926
69.64968836463581
92.27192258516759
115.42103725222024
138.53174158550814
37.61431046727896
59.529282417023076
84.29411158117956
109.8348037405183
135.9828045927454
38.94571863321174
60.715455234990955
84.85302149255604
109.15886134514145
133.8468233693989
62.220603438632914
89.30872806705213
116.7244659546402
142.136676964449
166.94045469898097
44.13607231221172
63.97215766740372
87.31263755870114
112.05524823813013
136.5196638267515
52.98574593207975
75.70744482962589
100.86902016103079
125.82782313009022
149.90256615662653
58.86520052353726
80.29309723137132
102.05407451754519
123.67283797042093
145.21050216033382
55.11819305112548
80.67093283033192
106.92895533766286
133.22086390648852
158.86041380473895
28.147636693314414
53.608475345226736
83.5361803027482
113.46415336419028
142.3969706872833
20.939266447277408
38.285386869602455
58.2796574297658
82.71973705044282
106.24413462244031
55.56354388040536
88.02215417612517
117.73174398395797
130.8930592069629
132.98742892601936
75.92189501901031
101.74545361281257
124.85919059721044
140.26898670353083
144.83879985026408
58.25179214996028
86.05255726397073
106.53175751570845
121.03586904921505
124.2910544744336
18.117083124410836
39.756949254327694
66.84299313490301
100.6048011603304
133.67751275938943
25.33421127843245
43.66417268716993
67.0708974387279
91.31305000427005
114.02449258614251
53.10642604505223
81.29169918795552
111.21718530686655
136.4475528735357
149.56574341152427
21.435922798211596
39.62980443083999
62.711167913846204
88.21779264064723
111.95091874385311
52.11026904626976
75.7515440166817
99.57876535422545
119.90294938897699
131.40501520736763
50.568806196842715
77.5153830372852
104.65599921241761
125.18343225217045
132.04044920258806
40.4905499356232
64.18424727667639
89.90129713994364
113.63705988015911
130.4878059750209
57.49144362039754
85.3691744204566
111.31596727779689
124.6500356005952
128.28997904473027
4.326123318884841
16.44085845851884
39.21698816213057
65.69455008948518
90.70644463669043
24.324784346008798
47.19954888528543
75.69026477523697
106.22207162802184
130.69251745207464
56.71673883991349
80.13793216462683
104.7694935122486
124.39037081212307
137.15229003732256
48.60645609875521
74.28762356165953
101.18321847675132
120.4603748427323
119.43235191710576
45.39448424450853
73.09521061004352
99.78511612586264
122.0122898926543
130.41732588138177
29.188756259885864
49.94661686338058
76.54384252386825
104.9778444033781
129.86017289422867
30.10913349379949
54.69009265399996
78.93949427433479
105.55358210120268
124.1057362611523
68.43766880718775
96.4027826251848
120.90112183781818
142.44726394655711
153.5895719356773
26.37332998982373
47.49059152495247
73.13239515903894
99.28321907597258
121.2486825060411
41.48901020453155
64.47539404590407
91.89767425085694
118.8216840441769
133.669237724887
62.03233204010231
87.57497435736792
108.27119142112554
123.15484749682375
130.05697743256556
42.273321065816674
66.78556993494804
92.32811861839687
119.49101354424558
135.54212134229735
34.19904123572817
52.74535238061606
70.80198379814291
90.23431848077499
111.77688051026017
33.998067419794495
55.34250016924994
80.4774095524439
107.18268696589283
133.95320222201664
74.1640447151925
108.69184404095357
143.16929475011483
171.05727649109167
193.14427163445563
86.45193893893115
115.28668359918692
141.12370551671467
165.03379353516635
184.31364343365644
70.76768682920473
98.29883059059173
124.70176086947403
147.40825732162384
168.5722849738838
27.313494816084745
51.96425318448396
84.20844514448191
121.61796381468893
165.99341060419715
36.29535636772484
58.757956413108346
86.3676559257345
113.38524973051348
141.08389971809387
66.85767692474812
96.42661961283947
129.81598622780305
160.65037866202846
190.39497921646222
30.855100286526675
52.663907727187784
79.08017415872813
106.97844866047537
139.84505338525366
64.59889779445132
90.00333906874323
117.00594110577121
142.7615513594111
173.58409922477503
59.21710716223298
87.54539342719326
115.96062349564484
143.99174472459376
176.20236064576
52.68147988280452
81.50768547667296
112.72766065631617
140.4613861889546
170.27571890651495
72.80886072521038
102.09268227340385
130.6827376499756
156.8711393807856
184.56836427072625
13.277521054806584
34.22088725658663
60.82123408599884
89.87044749326252
121.33710998589585
35.04607879304843
62.22975932745407
95.5377870740684
129.02476437556612
162.74690751287488
67.8133791334596
93.58037960480512
120.7928100970279
146.0505596943113
168.68568318204777
65.59743369473846
94.20228695358188
121.6060751994953
146.70137988158376
180.31118992808322
54.699684080439525
82.5094805540698
109.89240270930166
136.1241313538619
161.88519496466682
40.59654713336809
66.21067494927524
95.84903658515489
127.21783445563737
158.8043798471516
42.3411415533315
67.73884116686015
96.0634938838678
124.50447855554727
152.48808457944563
73.45694675445642
99.07005841966938
123.56859859756635
149.8630035211621
172.63082783194182
39.22777830498992
64.88873863087234
94.79421993956103
124.14338901817676
155.16675075009428
55.33295480911474
83.38553556237655
114.69403045865087
144.18014955127663
173.1379150931868
73.06767411072371
96.14256331376367
119.08296010301738
140.76570387330247
162.72493722547537
55.06450796736755
84.7927304174605
116.347469419545
145.39844133735593
173.33376170559404
40.26759752748181
61.92572272374818
56.71891635217181
118.1296226687907
148.70919975828377
37.03003891408578
63.266821651967334
101.07067067580165
117.98785898509524
173.8726060126445
77.03381972510715
107.21317432200644
154.3015198076758
182.0360721872521
294.0759755499952
93.43133770805863
119.99047444353148
141.48339499615108
196.5889845641398
216.48942599820253
62.394226577097484
86.32185806989976
120.40939062282561
150.33163644730624
244.38055192189344
21.46848893753241
46.18427283830315
76.64112949226183
111.01293009930617
145.52090078899266
35.75267073379212
58.69072262318486
85.43007861736592
109.51538831668599
131.2676723064811
54.53027223992556
82.51198250416478
114.15366576531098
139.77713250127985
195.56778840586136
25.451330776119672
47.10226407642272
82.22913991615137
114.04887033461326
129.05993649294658
69.85590846990902
89.28884540283939
115.06960601273472
159.718287347536
177.7057144554076
57.90059049308018
85.5423033810359
127.2104396678015
133.8805941921117
157.10963004281768
45.94570475868327
71.54135930601879
112.07693723491575
146.509077273672
202.14345414538644
75.2473229669812
97.9235004347886
132.32525638434888
157.10319401151463
225.28183771465874
16.802077275466836
37.1281984611989
61.83895847270476
89.60065781779072
153.8699705382687
31.373470607936834
55.23987339175041
82.93085173469075
131.1341824022451
162.7839877544544
60.77169955024324
89.72568336210902
119.21522738711525
163.58405959988386
178.75892672561045
62.05240297181806
88.85037949368608
120.4786411381329
154.7926026258437
207.44452475179395
46.72698543821468
79.70244947896549
146.01171220752045
177.75254195572424
217.7333438742622
37.597860242825305
66.17853984611091
93.32430370374826
145.51131985220727
161.49381543751164
44.043964947870506
78.60437646111572
103.59468229563404
128.79206226777274
184.93320747820394
79.36112346478676
104.61922587770741
128.78783655778284
159.48897355349882
186.33277153427935
57.64720823096175
82.58517458021703
117.88364233273307
146.89328300132536
171.6008862015
52.90253961421541
82.24018431611537
104.38175621052591
143.6463932953127
171.11356931885646
67.05852104760966
88.89616897291455
119.5733737377922
144.03758633159458
179.92203182074863
49.438441185022896
76.81175202798545
105.38546303126252
153.91305257182978
194.65837451085412
38.09163450567924
56.716803401338126
86.2877067964151
109.81511471579083
130.0672687311777
17.493583159879858
26.2206364650058
28.038659315421672
40.45498722814955
146.24180700225722
31.09834821554577
50.4354724779039
148.47149581982862
196.99992050414508
211.32597056587372
31.624102170046807
50.16144350687533
135.01538238239152
170.87460439870458
191.09546824621134
31.53806682279796
85.8188430265442
138.4317094227195
158.83116266717795
180.56154119879102
15.422711585242702
33.05107763401597
41.0706521078605
45.24189692928562
58.42516792375359
24.54932110484671
35.31954296035494
45.69179633664254
53.06486748878019
158.8274859681776
30.3799357870346
48.67650234570392
105.12710094411537
121.52458229714749
177.53010387771835
18.902804101240886
32.298034771515134
38.58587783889852
39.467005381276564
38.57079277404259
28.446001898218658
37.435958222294346
52.29454240142765
102.21486831272728
154.47255811135128
28.87081532189309
40.21674861146284
107.44025622542347
163.16399931990378
191.83031905816293
23.415011955142564
34.483907282260205
38.79486013486523
55.27421280301147
159.68281341934411
30.980887948461703
44.32327967382537
98.25705328392223
145.25280703447413
185.3074243870078
15.217925143610671
28.213617674824278
31.635404449872965
30.34819372830004
43.74440304104157
22.7862313878816
32.56726477095309
40.86830218067618
49.498986559036226
136.91459416121933
34.43476093197471
46.80525939223769
105.98168611580601
133.02215283832194
167.94930156165725
24.934760478825886
82.37726597441917
157.04296920875225
179.28364460848593
191.59250134891786
28.05759412876047
38.53265075027201
100.8394917838402
145.6413572329519
185.44265887130237
20.85589925854128
31.941063978319683
35.089174976136924
45.87093976119709
110.39372830449584
18.178821822123705
29.03157915158994
31.931958132801693
32.66370562892717
45.53760273078615
33.03644016541848
42.79058591127392
58.003388398569896
123.98094315632852
171.77399817211312
18.358309847371142
30.934772283845476
41.06711800198245
48.57244602154665
145.64893139735779
27.77213019471232
38.985066644859494
53.596023900812575
106.04012423405912
178.53308054413034
25.993592985368714
37.083739112125805
86.64916088151892
110.75727026229055
142.84905331415234
24.798654887142465
39.25117396997576
51.2845595125254
61.90238733498154
175.2668854149149
15.161277670042823
26.961419192571675
36.057157492927566
42.7985458395741
48.953661293348965
32.78790300838265
55.64456897043398
86.72938885206648
127.64714845499306
173.22809130092327
78.61683918939623
123.28143288284777
166.13258608737556
192.7677128318048
208.70593150208134
86.33806072344485
120.17358725492907
157.31500344245356
182.58816954962563
195.10159272797233
81.19823621206112
115.37270038095964
144.79145966079784
168.33982994560617
183.26740940442582
28.090233389580813
49.92646355581045
84.16358177672844
128.99664338803922
178.62337123572433
36.214379743360205
59.826998181476064
94.07380943862098
132.9468770961038
185.62423859918988
64.23449709455348
98.84085047101226
138.97213863671186
179.58164058960116
209.64046800177252
33.281716909424674
55.546698506145354
85.3432406637536
120.6456435379426
159.50688051624718
64.69750919259216
94.90145046563423
127.69960959132018
162.4271074961834
192.7650550193193
69.8552899639635
100.40078458503355
138.3740181459255
176.37259458192148
198.52073519583507
52.46300816127201
83.9999259262374
120.30321082515016
159.88379149549706
199.50195919695122
76.53927878047536
113.14534670445117
151.75251254977155
185.56697592222866
205.13032902169164
17.20105687821879
34.26463321994739
62.034023938185214
96.05621076968649
141.21817814801582
36.15854878644916
63.166627332562356
101.73885196333976
145.26496450439626
189.5463509912086
73.54790853727843
107.29625285052641
144.76504335405545
179.28576043723274
203.93693036829092
67.99696568186094
105.27426557694646
147.74371088879417
180.06128370791288
192.57465203607376
64.46804295124672
92.45834527662443
128.85678291238466
164.65288178836187
194.73298354532628
38.23761074142269
64.96823809313057
100.83123006453356
142.65786044881474
190.22210333087165
43.33619943593641
71.13643907418852
104.68058565477315
139.1140781483514
169.9886827571485
76.22125989442154
108.11906791261103
143.14300617716225
182.6756598418783
220.79380627535653
36.96542101984988
62.954321575061435
97.95694769583123
139.29836312836434
185.36009835499394
55.30966364517725
85.81573201217599
125.63453612486794
169.98735130042758
202.4990931012136
78.07073015710881
104.6914122189818
131.31994386256795
158.67637016289186
177.0301001976002
53.99346194225462
85.19555008882095
119.61994315345989
162.460299649159
200.919060995182
36.21369848548114
51.163303049313726
78.47132351910675
111.82257979802642
157.96117306539978
