0.34739919415813775
0.5786248201056993
0.9527665101699444
1.3593821984436758
1.8113328738801666
0.4679497718844623
0.7592459431667962
1.1470868077053649
1.7810160916887172
2.277681651679826
0.5262714307162205
0.8702169766240705
1.3838485815687052
2.1160167378813592
2.8772474172337823
0.7444772233800148
1.2526977140134063
1.8173508127637186
2.667584856436128
3.334672578093347
0.2943771269859901
0.5330458879423746
0.7706775045358283
1.2632475673583266
2.0790665585892696
0.3201655434675281
0.4686999846346303
0.7721809426257508
1.2690482154416654
1.7544155049747059
0.6637557814638012
1.0884677849240993
1.6885190127307868
2.394066699413027
3.415248178699975
0.40624999765655845
0.5821070290551382
0.9733852816162665
1.5778807236643975
2.2213875119486537
0.6136402741723486
0.9763934216895386
1.5921891868826976
2.435488301336375
3.2252681771602267
0.7209954690901133
1.0989644880390155
1.7580825308774202
2.4615223787608222
3.217215292982406
0.48625590636846433
0.6650027900459978
1.0663579797404692
1.5348085997873906
2.1444346275174584
0.5555865332982752
0.8398119753229594
1.3353000076254298
1.9704370220806071
2.824377343243058
0.18233632614704354
0.2990326821696492
0.4410661211547665
0.6843285416696322
1.082374868335869
0.3025567473427759
0.49147108089644403
0.8274617444995334
1.3087453101101172
1.9886430185720652
0.7491270093241758
1.1295054453403475
1.480731168082748
1.9930689319966308
2.621028959125133
0.55478472908817
0.8573221923930474
1.261073170564525
1.9993424614388755
2.596427157218141
0.46018130906902205
0.7033960276008973
1.1016322519560902
1.641424310008112
2.2004455808604724
0.4215294394513993
0.5663078811377971
0.8744753186631463
1.2632010279190387
1.8451529863210119
0.48709490701267627
0.8182811324902812
1.3329701363156048
1.8642422286806133
2.77605142931484
0.5281266834434797
0.8944760969977281
1.3549218601853188
2.0319556197996023
2.926939850877651
0.42443746333670973
0.7029675531877746
1.0760555630940143
1.6003612686112039
2.2696562492153878
0.4810861751156233
0.7939385913968257
1.1927823754645592
1.7542811506107232
2.4676017390733955
0.44277044288029854
0.754114269464158
1.2513454363741037
1.8689118583797515
2.5758269387325443
0.7292522831137658
1.1748984957160389
1.8188504276691244
2.4896837698756613
3.0499008258907825
0.1971514977369884
0.3383910332522301
0.6696448875554664
1.075049529615533
1.6840394881189116
0.15625944254507956
0.25869428193309213
0.40699560796957757
0.6760420997381146
1.1336591667703015
0.21983879277271468
0.3651656357869554
0.569909848019968
0.8517868349921873
1.4949418155416223
0.24330406116613598
0.3813754452783305
0.6625388012932363
1.076867901583614
1.7377029607834436
0.3060968061725727
0.48651775229003774
0.7861108859325059
1.3152134855600957
1.986712953524825
0.1521968012169477
0.24908582142506824
0.4140498144178124
0.7103617905044511
1.1858566078871549
0.14628835147221797
0.23867281230188062
0.37509804215080145
0.6247094721464667
1.015554093947909
0.29560290587467375
0.4809768534394771
0.7811763985905132
1.228608785701347
1.9732297780475572
0.16139562189741352
0.2699958137949216
0.451417589825904
0.7125367040753631
1.1756645098355958
0.23855953649157083
0.36570801552596827
0.6955890797293687
1.1350737735665632
1.7759969324548295
0.2913907496812416
0.4393211539657836
0.7482262152123355
1.1787510298268329
1.892548178516329
0.21962729745148388
0.3132514606414985
0.6096787597262637
0.9906644805972329
1.4440418830168926
0.22972225536451527
0.33872656461882716
0.609441764976075
1.03612967238731
1.5766976237326085
0.09508944610588602
0.18044686756822792
0.2717647791006921
0.42558798176306695
0.7165760245681321
0.14941562739910688
0.23015750044360214
0.43666685264461
0.6068180215569496
0.9999697592262649
0.30178736841872367
0.5290833427666659
0.8351985743380551
1.1929286844700993
1.7215766225700013
0.23406853323186352
0.3819691138523216
0.6296859849552741
0.9916111731279643
1.5476980007425662
0.2309810823019763
0.3802812537044486
0.6313296579330221
1.0153021761703374
1.596603972694041
0.1911976964085495
0.27024458081243063
0.47470215276217165
0.7970420317662853
1.2515642842028618
0.1799105844414589
0.29682529006838826
0.5561360616302407
0.943652151738088
1.4595191904536313
0.2296611498395532
0.3863276630832578
0.614320852981788
0.8963673786812705
1.463978876119702
0.2093510606915752
0.2890718821266255
0.4969868638664026
0.8420370563518338
1.2315213728851875
0.2290546011550651
0.3128733068453552
0.5641389959427785
0.8319469518053012
1.4504134546803804
0.17727315365839838
0.3245049646634854
0.4899137529493106
0.8167694322241225
1.3677694889057126
0.31396656518291316
0.5341860427100759
0.7972089522846225
1.3024700201654484
1.889083862097228
-0.05422232133789396
-0.002245613747423119
0.048242007498789236
0.23162856211359759
0.35743737433967854
0.7763089669374246
1.0676555092340194
1.4948862306106356
2.0524013012332705
2.4369183824031264
1.0623108874379714
1.493128865719177
2.0212216092263984
2.583196995895958
2.886000540954333
1.2667972038067516
1.8214268431881735
2.5793182213384447
3.3825105119708954
4.123807327267347
1.7167284254637971
2.5619071717068986
3.352861325428969
4.079728461142752
4.760819289962342
0.5368917954343223
0.896097068847694
1.3614690733762949
2.0410976468946895
2.900527654868413
0.7227166981082078
1.1091428648430237
1.5850651438753867
2.0307758356857537
2.5121782447944114
1.340217501740004
1.8886077719446184
2.688015958353866
3.3956395410917373
4.299410826839129
0.8557511105503622
1.2247910514772786
1.7864620559767397
2.4830675166837235
3.1017791523557903
1.43544124033886
1.9754414607079922
2.900270512756969
3.7104196584026887
4.405945971393947
1.5407556373070832
2.162393625888145
2.9857385490044015
3.872125094411632
4.739333471604765
0.843097877219241
1.2559804430753156
1.746811363149353
2.2809954634226224
2.8076759903534665
1.2289282445087966
1.94917067526454
2.6897430307072616
3.434780537152959
4.4728463133835685
0.3009060888089782
0.4525745575784532
0.6852473337723881
0.9719581515946925
1.2925496805359056
0.6107292578973216
0.9182977820362345
1.588962666342719
2.1796135913113037
2.8485105854188917
1.8882118721340209
2.405975450006767
3.251404206475271
3.829839969023884
4.526507090527837
1.2389777519980936
1.7457854760168865
2.369016772806246
3.2229059017705723
3.9248332155753265
0.9941203272563904
1.5833349730827242
2.1000732579098824
2.6014029396887137
3.218568977839477
0.7244859011603151
1.110085922146446
1.41704098747955
1.9648392275969506
2.454567801705945
1.1730029482408078
1.64016636813926
2.4559667282360693
3.1106904735961884
3.965366302210444
1.1397131743434223
1.6891164655256252
2.5621903518520703
3.6194358295367026
4.536703190476033
0.9881833843050573
1.3833112024921301
2.0510066504572597
2.9038531247002357
3.855039777079549
1.1025271482364238
1.54794408359528
2.2575551972541157
2.7749842831211353
3.402654315331027
1.1427792025233552
1.6779610405651082
2.5228660782867456
3.2058943624240386
4.199122686819549
1.4734971130921546
1.9284533839493798
2.485538880369993
3.070170413419301
3.495530256560318
0.835893169031481
1.1826943467234468
1.8501388924969986
2.739519732836927
3.534842022970187
0.13029627792741566
0.22680093866956696
0.3868915371307114
0.6246603381489014
1.067358823974203
0.14648402636058178
0.25436381663360597
0.49481949153022703
0.9918184614478476
1.8878349597802762
0.20488613836348854
0.3841031972931061
0.6583157095537487
1.1706793810807166
2.145284497313204
0.21431856584195422
0.361224844752182
0.6014335327214541
1.0897162177031403
2.019106729073382
0.15199157813749295
0.26346149949230246
0.4799642102941045
0.8579000538387177
1.5106083312641994
0.13858017922678295
0.22259902373122703
0.37324783068411044
0.6505923951731345
1.07145394312336
0.2100402643396735
0.36194268015544295
0.6096978382365951
1.0837851468755388
1.845065450919235
0.14582532262245929
0.24396292306188191
0.4261245049466154
0.7381965519162356
1.243646753747222
0.1507417386342253
0.26883693677955883
0.48672767432453734
0.8634485301163621
1.473882422604143
0.22227831079942417
0.36588122517239663
0.6418713193991775
1.114440337281243
1.8365266507908022
0.19290764222282333
0.30537875232146955
0.5321517970403054
0.9293299369165574
1.6066391763892445
0.21344795932878952
0.3733015091495063
0.6505084672514457
1.1032714055734654
1.8952561056846118
0.12629086548464558
0.18990497284914726
0.32223774302445346
0.5385751624439573
0.9474103512253109
0.16094778641494287
0.26887828811015313
0.4856618935812826
0.9075869993866691
1.6724430168479925
0.19589518536173858
0.3414754248116557
0.6195985566294915
1.1168316090927666
1.7884210618892553
0.16988243935593741
0.2864854263297155
0.534668647855983
1.017089521178671
1.786049837823989
0.19218565859813133
0.3116904622097957
0.5628344418197446
0.9991839701389414
1.6545543428665452
0.19192767911982284
0.32901653138841835
0.5791680349276718
1.0068550550874669
1.631492546128031
0.19959985890390228
0.4017518514382775
0.6828295281117713
1.0069339550556917
1.7469253673386145
0.29602662219915105
0.5322777784731861
0.9203819004593109
1.4860384873600063
2.3405271859876917
0.16385280061458235
0.27734042354093297
0.48980266317249116
0.8843004650357006
1.4745025252752273
0.19368872624026665
0.3026171380584601
0.5354033139248902
0.9462247801747513
1.6210672729150444
0.2808725881505441
0.5155484396850507
0.9129963238311914
1.619466559834988
2.5483190424014506
0.16081973396727026
0.26942175919319744
0.4637792244338498
0.7728798420979948
1.2717547644633498
0.005809953695148627
-0.03392003673586822
-0.0739897142037345
-0.2713001399624155
-0.808269939802692
0.20036016161698375
0.3315080896174085
0.7321418088780657
1.5755535465769048
3.17146033848883
0.231555130826153
0.38649558457165817
0.898352682791669
1.962129846768968
4.049271395329378
0.2798197332839823
0.46702815425509875
1.063190869179933
2.2541956737856332
4.203594358419033
0.35512649428742865
0.5958909963557816
1.3274322221722774
2.525054104166481
4.256464806572312
0.21431473788175937
0.36018712753419946
0.8244612731689044
1.8013601839359246
3.76608164751965
0.20006746480900875
0.32156938328328244
0.6896018421637888
1.4342737213979189
2.925646731189947
0.3561215054640799
0.5955582360566704
1.3794041304704006
2.6806005134741575
4.438043213799173
0.2313442663318276
0.38510074199870414
0.8568903204178416
1.8066968374827435
3.4759268565881487
0.273432015997383
0.4841626272589618
1.1868289815803674
2.475037144831191
4.2740616124776905
0.36167639554635217
0.6006596267004826
1.3464270178209095
2.51122127338605
4.165193145476907
0.2865629079818776
0.4868737134990753
1.0979376484238654
2.1092377442184613
3.7430345773661133
0.2521596459760314
0.4268364388708618
0.9871319704221977
2.0097891569503945
3.6723318113392227
0.14270274677971007
0.2284944397621866
0.5376880050264696
1.3226437964679205
2.762011519659757
0.17567487588844571
0.28178414846526123
0.6579564142303587
1.5629734020192532
3.4829126743566117
0.4063530335383848
0.6326275435975944
1.19770417033363
2.1158939993035664
3.5778910912793593
0.2667550191902408
0.4391628772960935
0.9923024100116847
1.957738485954564
3.5840754439887528
0.30404519398723556
0.49897320644589815
1.0718506484151025
2.0565896698792456
3.457584122919216
0.25501501806361
0.4074794855599808
0.8747902856788524
1.8366023125022548
3.4631852372589838
0.2480263174371504
0.4304410983628822
1.0296365998264825
2.122361982482966
3.998568222773114
0.31755906167515985
0.5052786437150285
1.0967201460896592
2.32223834228858
4.4333620082451795
0.22003480394325955
0.3709771152620122
0.8391011528269774
1.7124963686844465
3.5846852407615835
0.2748079942370046
0.4396227183182473
0.9487380216798955
1.9616158616666621
3.7427640818224504
0.22607698289086708
0.3733895591434805
0.868024923621735
1.872637449639827
3.7398680181757062
0.4614646238027724
0.7523735101312105
1.566991419771962
2.7210858545545378
4.04655464719901
-0.007125738894302483
0.06469207628199153
0.2968588387512957
0.7527455973508442
1.2184336642851665
1.005208088002455
1.5742499850674783
1.9360498795462011
2.417644347786447
2.9488004831879087
1.3745529116992052
1.793437912037014
2.378844872673795
3.048360258731489
3.8312232094833893
1.938146592210112
2.3877774969345227
2.977088657425026
3.313071066285774
3.9161870700782013
1.672558634190149
2.420436164448362
3.032511938857718
3.6339435404503835
4.145323476875713
0.7955494717520862
1.4016838628515689
2.252465437360802
2.9597905499593278
3.771552358393406
0.8631388324426204
1.5912489339977518
1.8952809725608022
2.2351006399151236
2.803497602043481
1.064847961306743
1.4822461216816423
2.2897769651045135
3.035718857045956
3.8850345439215888
0.8179228299581877
1.0433229458904183
1.6583453979984448
2.367134208189479
3.252632758213586
1.324090372499244
1.7119334011449667
2.1140397247080904
2.778396727957686
3.5784872572451363
0.8967368792395193
1.3951912429161113
1.9676728974921578
2.631807402827137
3.632798754557458
1.4397664029078447
1.7156629086239905
2.354787290891088
2.930419688835901
3.6958291303785584
1.0232561538375669
1.7842218498622882
2.3955967969879586
3.0825188807314685
4.135472643820048
0.5840341539020034
0.8830537580574392
1.2315797828731379
1.7185172892614824
2.2880211249147098
0.9045989942405613
1.2350937346498563
1.5017567453460052
2.203914128960349
3.2608381856157527
2.208506704009188
2.733435086192055
3.156383523711774
3.6792398856365436
4.329962359215385
0.8327422623783116
1.3976624882572926
1.781530055161469
2.257224986438102
2.9775576638958197
1.9349916171594073
2.236853992481944
2.608208722370858
3.1048075365782415
3.7043893007606843
1.3482693648380937
1.7389889921081745
2.1012482697549006
2.7270082931132
3.3590902586433917
0.6876860978241179
1.1988844705749027
1.8213526334592913
2.4163558693378717
3.441265587027337
2.138905866228998
3.008541694233586
3.6447265340075723
4.482228852071388
5.206863767992934
0.6974289155429453
1.1598012660200576
1.6967549541438824
2.3164157534504235
3.15777113845356
1.1993628736238693
1.5517298655380791
2.063587124367261
2.6591057931433864
3.231149254138203
1.2401047397332847
1.7182555561354398
2.278944188715392
2.944417000631966
3.671108273432894
0.9812532731136246
1.359040571187329
2.0191642879130374
2.647023035345547
3.4017938999633763
1.242555291086825
1.9321710805744123
2.390603978409552
2.64249021167208
3.236397631870579
0.30908687872890483
0.7407583674220344
0.7126632981067875
0.6021306663936418
1.064841923155513
0.47870642209423564
0.6216904792392576
1.2980883200038678
0.8852747797929837
0.8304127311789098
0.8020697294512287
1.2739358459731531
1.796665938613994
1.5336600669548326
1.8475375995198295
1.3750376773164525
1.7508444298339592
2.0599300259928444
2.1893696846493182
2.778936893533922
0.34427045926010946
0.518476574500295
0.7314790964872472
1.3054407699627888
1.5522285120377106
0.37829903919961594
0.5676374503620794
0.74329327297854
0.9934899925364081
1.1830409757144638
0.5778290415546623
1.0472943972439275
1.4560461486551668
1.4366896034195331
0.945650248409988
0.36690124683081077
0.639497605593149
0.7641353598192532
0.9671322665899428
1.2484895095041357
0.6706770231018392
1.0105872819975004
1.2914990510045923
1.5516141944097726
1.9102395538197383
0.7253190264170691
0.9386165933878914
1.3060550879038553
1.5560477713482928
1.9583126654574268
0.5091687998531563
0.9075927983242474
1.0268072389027678
1.3843549924068672
1.5121556438252282
0.8257872199967544
1.203779187406384
1.5796427052841955
2.1838058205461883
2.2979904583915536
0.21194151636939257
0.34477958771925604
0.41298355107107854
0.7809472784599262
1.1752859649421372
0.4059250415718755
0.567722974965318
0.9179742352336496
1.1744207374262234
1.2688586962643584
1.2321127363251128
1.7760519768803307
1.8613057142069642
2.4305064362498605
2.8875878940502067
1.0031477892327367
1.5338571801676004
2.062841075746905
2.3192919717216096
2.02377141081101
0.8108705613322168
1.4388188601972252
1.959494590751547
1.9417445901077215
1.5478759575500134
0.4798531817173906
0.617995085721891
0.9829510764815561
1.2745748241080166
1.5665933330127308
0.6871173695086628
1.1526928935122709
1.4601650237728045
1.8041696218214427
2.0375994549750596
0.6319920254135936
0.9415404512766029
1.0534912647750674
1.3708686896971436
2.0342732467663507
0.5342174171794261
0.8053080431318069
1.0850576960429525
1.6243249101649218
1.3848467182128763
0.5380445276095404
0.9508504342752846
1.1308432925250773
1.1980216903474787
2.01970215440471
0.6325660142612995
1.1391359356718986
1.745112418400984
1.9682136058458786
2.4355429916139406
0.6526383006442381
0.9527010290693799
1.0789736590828742
1.1786910937344408
1.3736652666748683
0.31284961998045974
0.9251956571912382
1.4061767251501611
1.7527878635840857
0.9863516257480821
0.41587134834725287
0.8190192316387788
1.7212976208126745
3.3459988101518694
5.578614060189325
0.4094221067159779
0.7894359330316254
1.6104584846444678
3.1692271196162283
5.414562134706972
0.3478177485035409
0.6927005405282084
1.3981648785337422
2.525189516261755
3.89205258288168
0.2715767782662157
0.538900626671291
1.1377932145519496
2.405474585285675
3.930013733962617
0.6590093588393158
1.2876579210073276
2.5383688107740148
4.306546262516327
6.76404812255367
0.4859246584521134
0.9254331498432861
1.8042696276563555
3.1707742817918056
4.9028463166070715
0.3529741819751682
0.7050257705618581
1.501059591770141
2.865744986626888
4.9245287149009025
0.4965947964614472
0.9823551536464666
1.9740612802443704
3.7028521934621472
6.277304890440775
0.3406728853917722
0.6683262997431471
1.362072919124201
2.7357699474100694
4.75616062759127
0.3732102100689151
0.746451256424855
1.5944877672661943
3.0606701733751756
4.899780616170621
0.430160789684419
0.8438475435942345
1.7358652515746968
3.3722568581382193
5.524889384845621
0.3519878978654235
0.6749357340265176
1.2659989427664113
2.3320935487227543
3.90212066757629
0.5866665611204739
1.1442441703649995
2.3031685092187058
4.02241287176321
6.07377368220068
0.5194658888524606
1.0234045406605559
2.0355686734908667
3.602392639978483
5.972404460817474
0.33259725095420795
0.664395151755999
1.2764744968666817
2.249815479292211
3.536099932609443
0.30819821214302007
0.613478903041808
1.2428534043608324
2.362158526446378
3.5768379066062184
0.3140525156663562
0.6390619983127513
1.3375172184078665
2.596654528819247
4.335729528404733
0.460646976622467
0.9129829411213931
1.8477606327445502
3.463193691747848
5.773968845680745
0.47839881684826674
0.9237147114984098
1.8055286964682322
3.5393347643398583
6.048850997967352
0.374223488386975
0.7586911502376734
1.6070052877559975
3.179233613275502
5.414604606272832
0.39593348158018854
0.7684162836068203
1.582787831560565
3.077201001776497
5.465716957124307
0.4443251776799845
0.8590395628310817
1.7379131506937793
3.251142031986628
5.2372432081312414
0.328963951953732
0.67910769266692
1.3671489572068594
2.709014843007689
4.490443412590007
0.4029277503956938
0.7901068610140145
1.6016846650814993
3.1505863140565373
5.491023205090455
-10.114396194370125
-12.552739022213865
-11.575589686142049
-7.251584770500648
-4.664509463575801
0.33545968706429813
0.5506692814122348
1.0642303203360621
2.1464358794955363
4.451544760680206
0.8383697558849506
1.203817710947986
2.0047415894180616
3.464029131826375
5.224218518261226
0.4853501409152596
0.5795874174063772
1.009774467283997
1.8518557698735654
3.864934863203419
0.6832691593749387
0.9152869646111794
1.501923748512557
2.5524410341887833
3.688046964186153
0.32444085816782137
0.5032997460659292
0.9758138043742436
2.77821087072896
5.302700757082642
0.4132250523852515
0.6498425341283931
1.1468044229223975
2.1171938412216313
4.132874330042322
0.3835076892690606
0.5553923734276558
1.0467913482663873
2.068733795631218
4.122643023409184
0.41825107994454
0.6097075230861534
0.9728300310166718
1.9796805402517843
4.029605693336114
0.4206457254916449
0.5099405266427549
0.8032728097410814
1.5909556246279517
3.570061508681262
0.52349965428634
0.6869255332726831
1.3357700237488614
2.4414986193002126
4.042775392001975
0.4541247513282505
0.581054398438461
1.0831021043839184
2.3980244935593924
4.734089245575954
0.4561164387971578
0.618243468750914
0.8947422412743559
1.613278137327058
3.0996084121561536
0.4526831793462585
0.8817409749571925
1.7129476813747948
3.2739886849723683
5.572403121169215
0.46898519872078226
0.6771885806019782
1.1086994948531503
2.4336960085121295
4.7146641610863576
0.730754740624646
0.858844944212405
1.286135820523119
2.0658739844573204
3.478844162050676
0.48672438623308034
0.64741541967752
1.0087389604983443
1.9503412431367797
3.2120881688957246
0.5279765204399752
0.6743579530364807
1.1175273317265741
2.2516373108067795
4.035030910537349
0.520300007353881
0.7684599208337995
1.3819484037229748
3.064359229730575
5.477769926223772
0.405602783610666
0.5498946501501459
0.9439878111383178
1.8978281568648385
4.141466933561019
0.33836079046775336
0.5288864878731407
0.8673047592771922
2.102021119199713
4.104931485699392
0.4019328285091601
0.511348350762347
0.9479453469835146
2.0410908734821778
4.175387415929802
0.554499758518522
0.8730410711716934
1.374575462099792
2.400438250217108
4.432440761616674
0.5831860499957602
0.668094017056082
0.9806072373884375
1.7666347678565524
3.4652319650485923
0.462631225417994
0.6891649877889217
1.297833927009332
2.756630774065498
4.765796616492774
-0.3407986279314857
-0.49860083613805506
-0.969754744751993
-1.3758537950425989
-4.37253114660686
0.21106194768494368
0.324091739151465
0.5069671487944658
1.2698432538252824
2.3578266708656406
0.290980524080741
0.4511028091658077
0.8237723964973404
1.7453359309695375
2.4190168393232763
0.283973136163109
0.4570133400502217
1.003470208624197
2.1936374473500257
3.069903983765192
0.30421962107814654
0.49582897398698844
1.1542369093250182
3.8866350845691415
5.062653227226268
0.2895030683766381
0.4581689830826664
1.1608718740176087
2.654016681409937
4.146635671496839
0.19763494518057947
0.3254828795853161
0.6755779786416323
1.4589569974979615
2.407594684695455
0.29393114842586826
0.46742833228719793
1.0946823594741149
2.4496985907862063
3.2386397370255704
0.19913717471937875
0.3299322048415657
0.8055954702625744
1.921835189575954
2.5273202853337366
0.21269775921619077
0.3239883882971614
0.8243386261240563
2.1959540335137415
3.283256860333204
0.3057073923312618
0.5421751705356468
1.2284306684158135
2.628682308247872
3.92847913211986
0.2561200836104658
0.4012715835430769
0.7849910171792579
1.6145781654291638
2.687970900764512
0.24649400570807556
0.39231370835762036
0.8995831797299242
2.331814131041079
3.7338818079514886
0.194534167255635
0.3390884188728436
0.5239065299286418
1.2620728003748258
2.476988125462816
0.3891653781424621
0.615734786924891
1.2647255034267515
2.153901749448906
3.346819356217029
0.301485025086649
0.3896622891694497
1.047316750696236
4.437047681652644
4.839536163915899
0.2061965786383712
0.29336009764490506
0.764373278087119
2.228805390549557
3.2656412001561512
0.2563146287685068
0.4695130836509961
1.189993331379041
2.6436520283565494
3.7293532741165336
0.2483698684847902
0.4103075152177009
0.8970160949447421
1.860171770257846
2.878189245858439
0.20433011017435634
0.3422050196297164
0.9318051348105015
2.259792323078848
3.4189853874422957
0.2642519685208208
0.45396754117283605
0.9138117159604356
2.158851765422994
3.856468364954684
0.2102283079835553
0.3287093049056758
0.7427275729457427
1.662096257997078
2.6355254648042163
0.288914877898466
0.44538144725744416
0.716374058983374
1.9295411765254997
2.439067386789705
0.2627213360458766
0.4239041613315345
0.9365348363161825
2.2812252773430775
3.9657275479485747
0.32536049678551826
0.5170086831133245
1.078007568022753
2.3849746788604533
3.269783825460114
-7.239788425816951
-6.794745236645752
-6.147649993423062
-5.629601236210349
-2.0444841835616536
0.23915021134019857
0.36969660068741345
0.6726315343300838
1.4179524721632337
3.8777864850673773
0.6009307036108639
1.371290040454304
3.5979339228215017
5.832929687128989
6.2856601972447255
0.830598771520779
1.609026821198394
3.0712509945539272
4.159827332027489
4.2976242061330385
1.1419676397101655
2.649053713608064
3.6553111114439614
4.120786373609485
4.208622696769545
0.23805056997223734
0.5433074400249835
1.1925584547102648
2.0241260280465077
3.6348154011468705
0.2772520651058952
0.4452577516291516
0.7379353790346147
1.3974665755524938
4.570127440335573
0.5971972320260583
1.2521603101169705
2.4278160141940894
3.7369733800450646
4.655672728399762
0.21705231955856474
0.3938758462588142
0.8178490091395139
1.307203641499167
2.903885743975619
0.5905253736692172
0.9446747959739061
1.8727500071089693
3.0205802420048298
4.168501758553571
0.7357224154299233
1.5056686425117618
2.4840532777167446
3.91825916786678
4.901807674467666
0.3147108962607255
0.536410552013354
0.9812027413213998
2.2780774113455977
4.818917370027499
0.4758811178537188
1.1909548682511164
2.5527760402534407
3.7683329705716315
4.591334298024082
0.20178621860493115
0.3175494465877024
0.49192684372883005
0.8506623084995616
2.4302852225731213
0.299692733419702
0.6178736568363714
1.3417924757291482
2.514575301145683
4.606804717244728
0.7250691066326653
1.3070127615614855
2.4612303176325434
3.5047539738285054
4.616700854842245
0.48667630012949337
0.9803221205634156
2.3823066009055514
3.3535484208139965
4.265836736398968
0.5980378291275227
1.033992565341049
2.137549326329546
3.645259432316416
4.566764459648945
0.30805653541486483
0.5611452955208126
1.028783909805829
2.2578483772384335
5.286140750235483
0.4043570356552749
0.8254370711193103
1.3337162556692623
2.2229803714097582
4.298003073716594
0.5712039190223882
1.1719521537649007
2.606962992522564
4.901847656076698
6.710735297511132
0.3479245980919645
0.563760180269059
0.9133060946355128
2.105764621215608
4.565143975715546
0.3356947484924591
0.6288951710247234
1.2980434406944865
3.1728183041525355
5.473193223004423
0.9109796701688454
1.4590285313143525
2.39361027578045
3.6630322360147716
5.147097032807382
0.47373002228263306
0.8534155886758562
1.6255307626879074
3.386166251962364
5.295236797900688
-0.09093904373903816
-0.062314565129227624
0.34685934168929583
-1.083507138617855
-3.8324845173442315
0.26214382716505863
0.5065925031467876
1.1610429857269622
1.2397573576844654
1.5895611658006137
0.4253619789295546
1.3985361832026884
2.133296510543812
2.2928641357284225
2.1712660178198635
1.4980054923432695
1.7484648310734907
2.692950950569877
2.020635230759285
3.0349796677929444
0.9261953359811955
2.170409130819162
2.006080572814174
4.986602160209752
5.098861666310461
0.1164614911237684
0.08621968121419046
0.7204680214548179
2.2321216903732237
3.8051021570424353
0.2427787232516437
0.9597168269055693
1.5417929529280812
1.6348163020753965
0.921128062040288
0.43378194780123003
2.153566288001858
2.580109166841594
3.1613480463131727
3.679557069920283
0.08881650488359626
0.06297325496041428
0.34691049677342467
0.795188318986198
1.5613076373893573
0.07453563344003877
0.19257145100458162
1.7434423138681252
2.715758764246426
3.034053085719731
0.49058542201083316
0.5811564443265076
1.8799129616241606
1.9632785106638346
3.569146989240041
0.331157082201978
0.11695255308033685
1.551280724585542
1.7207913907542245
2.256615598698489
0.23784813657878243
0.43241646846707116
1.9811932780146684
3.214595298540455
2.3758488747310627
0.10093944366405212
0.1313563959778148
0.8019078049893358
0.7715042985564037
1.2237378192248498
0.23969815361344562
0.44174042690090876
0.7792414802662451
2.6914593096732196
2.7394128292807096
0.8941744812603913
1.0382224101747868
1.8511294160756186
3.691344212528039
3.4302851536779415
0.25546686365748156
1.0566658102145425
1.2376970372018743
1.5226087986327566
2.8568650567123903
0.23488566892924898
1.4431392580982538
1.7783637251331272
2.3181798860795917
2.7816560050438652
0.5512866506887353
0.7240148045916454
1.4542995068625513
1.8562362110874024
2.791301757127722
0.18417013206908053
1.4357502753604505
1.4704565252842048
2.0698591148851175
3.2880554845388756
0.3866879666239237
0.5693719893306222
2.4455285856675655
2.5785883801769414
4.399669020931283
0.08164444699678361
0.27363831705030706
0.5613585174615582
1.008499437085189
3.304694318937447
0.29660389123194003
0.8614119539425826
1.1506373872423226
1.6334476699000706
2.3424566600351002
0.29390604175429097
0.44004151263400293
1.679844385836403
2.606734890717974
3.712920668443381
0.45150111601207243
0.309128343544494
1.0276343064546225
2.2131945200055076
2.863729232841388
-7.643405171580555
-7.573099873496486
-6.580427654774657
-6.4887569077415
-6.825998514032311
0.4041086335117665
1.7156719825981706
1.9329077834226167
2.294817902896219
2.031731250975761
1.2238629737315423
1.585749214998196
1.8900117249845998
2.852134933861009
2.5573027804709216
1.042060480194494
1.9845629004661354
2.479983591801917
3.570619872059183
4.043910973772752
1.700900078038506
2.9170069623361234
4.3151421301739905
3.522756600482303
4.809984335474183
0.6370179489428013
0.4503192785250719
1.7714079900190622
2.331459653935417
4.078786173439244
0.8139945623323662
0.45052573976924526
1.325648061134388
1.936283200763782
2.2674976867669066
1.4656907678814235
2.1711817078442146
3.2171793289101784
4.244124810618306
4.375325364198742
0.5375104607883818
2.1807583383671414
0.8615437119028871
2.0458797896435814
3.35370431183984
1.6615217208567075
2.2101515317135956
3.2804319029846085
3.664444137587114
3.9534739906908327
0.586249688319867
2.7403334900193363
3.5376577196572807
3.460303814888842
4.373641154742898
1.052460390949968
1.0644537105279333
1.9640228121843117
2.8363484925627485
3.543093179311828
0.8052696998129442
1.3377414253709115
2.8119735874086405
4.150415470500711
1.8082629941897663
0.22446066187996302
0.39308875002150845
0.651541041368265
0.8802876697948047
1.3528463586314956
0.7527020662581975
1.028167753103241
1.9515780201821475
2.4711914254188896
3.5935992978741047
0.7033340111467404
2.2541504193310145
3.3474474995845362
4.859939627156951
5.3973272835741914
1.8074753566134163
1.9420308136161026
1.5047211933756746
3.456777681165703
2.9068806574941712
0.8033685248506797
1.127143928506313
2.3577395071715235
3.341398148874661
2.739050928576596
1.1076558294718504
1.049733613161465
1.3599018855786895
2.341941586116675
2.83639420281538
0.7309969191042476
1.546456631677115
2.419091135000895
3.406187138657202
4.478970153517735
0.5660508439935862
2.298971081287603
1.464444941468835
4.631440760159225
5.631686658979196
0.703989691721501
1.0628935408555165
2.2112925198514057
3.0745692625127363
3.587391511355935
1.0639365435448784
1.4100565347305862
2.142968434631262
3.0698008463345667
3.135216789246955
0.8869156839880729
1.6027258523302765
2.6497531206396654
4.011953284202364
4.117240035188527
2.2512940402712487
2.0182940648083227
2.710583784929739
3.7015912379186076
3.2255474076038015
0.9647980843532589
0.1235962635131434
0.9306172584296383
0.3248378800257454
1.0672879606101624
0.2089017844168294
0.2222801330663997
0.34159845888453044
0.5052157322337055
0.5823118775567202
0.43437584721163836
0.3034172897286691
0.5469970477600159
0.587216329213909
0.7571741456703872
0.4242874933098089
0.3125922528539652
0.3639536076695947
0.6124252181744054
0.8222772998205463
0.6191031066440295
0.17450715159204136
0.49596519452466303
0.7839054246545775
1.6714226310524807
0.2680594542342648
0.29847349852806276
0.5694264587907858
0.7760169406784694
0.9703401902412936
0.19114151708626193
0.19495604923330506
0.40660891998753096
0.49205573689575344
0.6615797906232159
0.37790734938908
0.30979833474093565
0.6663295333128362
0.8690240643229018
1.2301217508177213
0.2238697544684056
0.20056339339526233
0.4602040662846513
0.8653014724039273
1.1950449368367073
0.2823520775855747
0.2084847732655649
0.4781160396842147
0.7893211066537031
1.151336078544811
0.29843524461446436
0.393383398019786
0.891139947180144
1.28059379347033
1.2210512566597451
0.25290441342556047
0.28739216305025933
0.8326167982265822
0.9747812889638514
1.046786302620162
0.43548615345441244
0.31795615782025904
0.5027882188782182
0.9839132607474719
1.2856597718269185
0.13797302157037342
0.19302142690934382
0.4696274535129023
0.35282699634541625
0.5934118489070067
0.20548695585436333
0.31159089165723947
0.4893146576296619
1.0629065034465905
1.1042774921108565
0.32881408784245203
0.35922692428619835
0.3454454992153616
0.4814602497308217
1.0664843651969784
0.3174534811478218
0.2393586480474194
0.34775139600999533
0.5218203743890374
0.5371588484060285
0.34094613173710897
0.26176492974014093
0.48663745525376145
0.5816541854729075
0.9919361359260701
0.2834815445500253
0.3161845136583577
0.5347973714861816
0.6079889345066832
0.7860561789090269
0.2456375151470449
0.31634814630332775
0.6837610854492787
0.7895518942876513
1.0657989182549208
0.25501930892207486
0.2950754017906024
0.5559597060535657
0.9498757574091945
1.0954897380423174
0.22007647423669346
0.30038346727951315
0.48233069190570244
0.9276058661382798
0.8966976659302435
0.4439498264076156
0.5301255581929769
0.6703585138922462
0.9437236172339828
1.1214934328174355
0.30572778287185315
0.3522398590683684
0.5654294560137497
0.9602683045668657
1.1308214873653009
0.22840663455861077
0.18417525491948278
0.36795463953987195
0.45019565328643524
0.6358282682268473
0.17324841270321512
0.7317647982545631
0.9988740915502246
1.3222033240878908
1.3675839012502748
1.7675318365561772
1.7658255748311038
1.5983841656743636
1.690085248528851
1.4916373838842374
1.2974938278224566
1.4054935072785464
1.3714608216069113
1.4585747008206515
1.4760062361471624
1.5870813691408583
1.470021767996917
1.4788726970657484
1.4272628135759107
1.4062199114147884
2.026419698402514
1.9450061736268074
1.818840638383621
1.561584552890135
1.3221649287768633
1.6412868080286995
1.9308238141616516
2.064824650613665
2.4528281006098673
1.6542135645857106
1.5506745254840002
1.3791545729965546
1.0625272465117617
0.9518636997326508
0.48924656252848736
1.2517715827931017
1.2784015150975525
1.1817158192883745
1.1016003597331319
0.7069425820070239
1.5286713617892687
1.5035021453244548
1.4273927222921614
1.260810890954415
0.5451855553256896
1.1843247383719921
1.1664602754719395
0.9072656528058762
0.8232789755176695
0.14277400613664454
1.0492527183570814
1.041188376888686
0.8067002616210321
0.6813383934121241
0.22343163463433502
1.2004783618064339
1.2606632907217081
1.382850128113912
1.598297412500673
1.8098795471713949
1.6883032414553587
1.6096528180640934
1.3135471438928852
1.211415244671072
2.2584288565103803
1.2892863580098306
1.3764264256895395
1.2018769679925068
0.8512184192123283
0.8544481967508666
1.5460013989612371
1.907422375326083
2.015317639901029
1.2454313466081244
1.0990348810450499
1.372497570462745
1.0984811574555489
0.9645715155565004
0.8659441170370547
1.1234751973028663
1.1164551411112182
1.0291846448531166
0.8572693396146018
0.8861332328752046
0.5917846220568107
1.0211160775471255
1.0220093930854823
0.8386433022862617
0.7918882224681035
1.011149648563253
1.4594111772138125
1.456080909766469
1.2276346567221872
1.1806749541329251
0.3485961450511901
1.1999516044689944
1.1480745155887253
0.9527726346663745
0.7858531246388019
0.9434683030825519
2.1258156374170523
2.1611193353867435
1.6910041221476093
1.6633118003776606
1.8220373849125822
1.2781199238947947
1.125727374756153
1.1054326320783947
0.8042861196505198
2.543670164846254
1.5350327245065498
1.1840011716724903
0.7902490936967276
0.6384282576239754
0.956911191868995
1.746078724731495
1.6981480220677614
1.484171719349008
1.052940342162068
1.9742629495301307
0.60731349405867
0.42447591880486585
0.29051620144252926
0.05062359439657245
0.5608999904879055
-0.5206741887017763
-0.5243546144250584
0.5068331652312954
1.062865801761311
1.5888935867884237
0.015482017771662493
0.3403260807273424
0.11071347309996657
0.9788960094621186
0.5727285695005412
0.0759825096742201
0.4725816853952009
0.38202108381809086
1.3630536580617791
1.5129536355426108
0.09202137279715185
0.38099104012313095
0.4020468207981113
1.1648914965743224
1.2382890132538535
0.03917041591415347
0.3319184851121211
0.20009694034557504
0.8550221416856884
0.9410911422188881
0.030443020552213162
0.376508355838479
0.28295640993453164
1.1355087701410216
0.7946267814388519
0.014328673831639159
0.33268563425118386
0.07434110974062391
1.0166830069337496
0.2687081252500859
0.07070462347200664
0.3226154704611161
0.29151372899605094
0.9732367066948265
0.45636567340812906
0.018998346134517737
0.38206960010702884
0.0809632010665815
1.2295555596063437
0.3345392248604435
0.05105585290188075
0.3018240539351346
0.17170959133482808
0.9079605111321745
0.5584100293715345
0.036258393710760874
0.30345641539441603
0.1081345501337626
0.9035811503572924
0.3821945457488484
0.08310130307269865
0.3406491854320544
0.3615945196309584
1.034411551186328
0.7813225503689145
0.048560051120488834
0.33840242004871246
0.2350748068801276
1.009185112758609
0.48435488806151206
-0.009419250122111431
0.4133838544393824
0.011116562459333816
1.2408658760719065
0.27158969767166985
0.05417117821290251
0.327557665512498
0.22723802143628136
1.031612224329935
0.6382849919406399
0.08578506473846616
0.4217267011555075
0.5146769994906514
1.0890562607183238
1.5346301183258204
0.06013503241559224
0.26617950103651866
0.2127896128229344
0.807068847777295
0.4007835088006699
0.05502198775335496
0.3100127984066691
0.4920375032686553
0.8852047621536714
0.7703217192533358
0.018674615801324925
0.3476020417651844
0.1885197396570355
1.0675774022061624
0.6285565363417074
0.04322371455898337
0.3054295197528325
0.17967961075629682
0.9928906485310758
0.4516276308727078
0.07313365723495528
0.5912773337778248
0.28411081606634936
1.5731272980483577
0.7811193863123693
0.0358188861437214
0.32011593693731216
0.1449281546996062
1.0235763159632032
0.32479931684721725
0.037485869726706644
0.374965317706084
0.07924381032061202
1.0761691322380063
0.16945810500749714
0.04606102500274319
0.3940322881414031
0.10407133319646332
1.2081164612055502
0.29975191016336805
0.009061042868291472
0.33465667831955376
0.05276507856462367
0.9841177376804501
0.06584995444142731
0.1957881548974641
-0.7735068879550462
1.0561433519990289
-3.648709941469134
1.966144743015914
0.5810222678716906
0.09127299421656265
1.4552822099064282
0.27395362619575947
2.9832569528158963
0.8422155473253619
0.33508278687404136
2.2119987210082757
0.8104605104111186
4.273780445413858
0.5921101731549187
0.2737740513076775
1.6049832078085184
0.6889060157449984
3.3924346759270474
0.5444035687055737
0.38023606126664916
1.1889591346240687
0.8796788721470338
2.399040777664939
0.7383430251204919
0.2849704329771228
1.9084487634165164
0.5834795131532734
3.861584893225941
0.5913410172786582
0.189580352690642
1.5400325378195923
0.36325423258265743
3.197842596678783
0.47594127286390886
0.24748256227590834
1.2454715602415245
0.3859772765491137
2.6415071112221775
0.5204170720202116
0.1823651731501808
1.3405767606890204
0.3650677558540744
2.79312794679224
0.46038977933026204
0.1723504350236046
1.1511001627783453
0.42190358140485756
2.334845887226476
0.4300555559006444
0.17705927061364746
1.098710772284168
0.3989940211629256
2.3133623594550055
0.5513660144518103
0.3326612658165071
1.4614866915540015
0.5969790594294297
3.12743486752459
0.5217177388835431
0.3176105325640319
1.3292182329374067
0.5755976370417422
2.5369787629866294
0.665931091425566
0.1028787508164713
1.8388173583032268
0.21804865035862758
3.967061997328631
0.7670522894957806
0.34249919899097053
2.029073955830979
0.6351260769209431
4.161757389276736
0.5213575020419875
0.3068542272158615
1.2961135910718184
0.8051178085838258
2.6005671533063532
0.32983819920969654
0.465129532129004
0.9079418784920066
0.8664528044035082
1.9485333313584865
0.37549498154061706
0.3852739904629851
0.9635737064103393
0.8554529634726747
2.0432928930290406
0.5657648738595036
0.20260305391972788
1.5113736217520513
0.47731060022078103
3.4666525051602233
0.612193281243706
0.21632370900180375
1.6109232808669864
0.606058411990683
3.2177480761782657
0.575026064207915
0.41875224278579637
1.5685752714149486
0.9132384610027592
3.0675052398209575
0.5370262629044751
0.1753797808564129
1.4760994372860725
0.3389923759051977
3.2100309212971037
0.5476295062914208
0.1566616538006881
1.4468989013422102
0.2338559165454837
3.128249209486867
0.595819270071276
0.18160307589355978
1.5573319638055463
0.4091754230808753
2.932665197472262
0.4578253074638282
0.07081903935073444
1.210298226389903
0.1307631264986615
2.5775301896555383
-1.5285421556414378
0.5666457469394851
-4.923124645919354
1.4145187340101457
-7.855364409970661
1.152901640119828
1.5840092217319164
2.419896675073407
3.820972294938444
3.7426909170303233
0.7916826011659573
1.0857824112259344
1.5898045108705123
2.190977878389439
2.7640126576523953
0.7479613209670611
1.0793241150304271
1.565198697085035
2.2196940882986085
3.054014576711161
0.8366120178009087
1.1677280197446107
1.6661331205725218
2.4517214238463194
3.9090359204131317
1.0068300040473817
1.4195595046265064
2.0183007653474996
3.095384852434569
4.7044292135938095
1.048306888935999
1.554762519208797
2.261866716574596
3.4567706486554752
5.055207915426481
0.8048706483926569
1.2214682647778936
1.8150909518503122
2.652480809084806
4.601583914068217
0.8722994560563223
1.265854813228601
1.7324007884597783
1.9526894680546278
1.6141563027192525
0.8166107868507098
1.1659793112508796
1.71129647463189
2.547216750455423
2.939692514445695
1.2353415333687194
1.8348197834455942
2.3664478421994612
2.065093912372624
1.9096681068329775
1.1021054337212766
1.6061231767527027
2.5538903276255973
4.199208923261867
3.468645648637294
1.1427315175540205
1.7002159679408784
2.4723889852955105
3.5849874469035963
4.786292891305279
1.1400441906082615
1.6978963926393686
2.6036747243631613
4.391957039828413
5.442787073330679
0.7519620219444552
1.1237797964952776
1.6586596178863635
2.3148162796789995
3.325895925212584
0.875497313961342
1.2940695259500206
1.9198307536062356
2.850094402938286
3.9050839113028877
1.121511045999921
1.5816668181672289
2.4950926875822694
2.865639347040506
2.6482823907059734
1.3853782624791684
2.2789850962529883
2.4792471348712186
1.9998575583724336
1.9801498910794808
0.8638659843259068
1.3106426441624242
2.0492585782581734
3.3386386090869737
5.965791161930571
1.011742187973358
1.4967246643922163
2.184995821320381
3.362160543486991
4.675027761491765
0.8459178537230702
1.257425715611979
1.8645089087507414
2.7813317520777714
3.8079631948929946
0.8924439757971941
1.3233747413953845
2.110370496937806
3.771399289165299
3.9237284782658897
0.8518621001932777
1.2749282392765244
1.9548192446532635
3.091578086301273
4.977874324621772
0.6210810063674734
0.909547053491817
1.3006785951409623
1.806533936038273
2.5882027689890923
1.0202489741728795
1.5638161241264343
2.5681350539245775
3.0036893347421314
2.503384342021739
0.07994558298359006
0.15923137676991556
0.25855709953330575
0.779375203739959
1.163173359937341
0.26664419500285774
0.4945976989346708
0.7868774661343214
1.1656810022226896
1.7791037948886357
0.41827320240810184
0.7417837046558521
1.0794913774037136
1.5126806712834606
2.035951149790037
0.5022884988631141
0.875913776447917
1.3238346759825101
1.8999212064288087
2.9345968686945643
0.8887562522367075
1.3722830434077093
1.9104494904263927
2.7027883670975412
3.333553145272412
0.3293201381965927
0.5615725032348392
0.9336750284560755
1.364720233425962
2.121939186772571
0.4420612489423267
0.6740434116981374
0.9420618649991731
1.4650276203996802
2.05925289382206
0.8147909831734222
1.3649788475258973
1.9543241434253305
2.635328313918282
3.3642962908318244
0.459016188195169
0.7900565137775152
1.2976675638904742
1.812235626203273
2.593983046115097
0.7108040603052899
1.2287220051314813
1.8032980106086391
2.5984638732524252
3.2966223485894397
0.8463152691204494
1.3448801645534179
2.044309826309819
2.7277998106665775
3.4087543879243545
0.3848658490976401
0.6911971865590439
1.035118643060619
1.5424479104262563
2.2965192608048866
0.5180346252353383
0.7624789403369647
1.2000034776373738
1.8865217771036207
2.5349692081661965
0.21994089859801655
0.3325296103085484
0.507486096807563
0.8041598721339782
1.113957690547211
0.34739012556885873
0.5485560044825942
0.8887676716832442
1.4477441062558376
2.1363533249142685
0.44737871229140497
0.7402634462947275
1.2865181870745122
1.9014241541286743
2.5517046165193644
0.6410691036411874
1.0711872746388058
1.557754504668354
2.036385916857548
2.78776837763406
0.6453477257260151
0.9373023450218868
1.3295839655178774
1.7460718774999409
2.403049985796317
0.31514382638056443
0.560059917904343
0.8636610226287654
1.2433790437989172
1.7288897429559087
0.5339799856073435
0.8612987643123519
1.4115179127915918
2.1045125180002557
2.9515298939756884
0.6087246796731716
1.0003746172435266
1.648567071518173
2.576835102343537
3.685608312692805
0.6029291024257225
0.9118268388496031
1.3750446487350436
1.9572123686918377
2.6037356926610076
0.509695354362182
0.8022767907403002
1.1785392205594933
1.853274187579239
2.562105538252281
0.5102702559302789
0.80446178100949
1.2726768638202361
2.0527435790589528
2.767290596565298
0.7854798368033145
1.208399277048324
1.7836294981617244
2.4830605132564543
3.0615304696478143
0.5222371266473653
0.7395387055592896
1.2198952210325
1.729029516008426
2.5623799610120224
0.16020109042694017
0.25734339955679536
0.3488769297094113
0.7632548424378801
1.2349565552491222
0.27695602343361314
0.5341280546030946
1.117373028825557
1.6312288799840582
1.5715181000360008
0.3876882160312605
0.7459541449016314
1.4047541739602234
1.8984363448812769
1.7323836034224758
0.45481388419508423
0.9407125919847243
1.6674770101707455
2.5485847075684673
2.3309236874970503
0.2450673063813318
0.39277854312968336
0.7785760421939389
1.468000364289428
2.526444800423464
0.167268671808771
0.27979196764372744
0.48393769859883523
0.7641990481841322
1.3872224685541812
0.4596461660031937
0.8843492158196106
1.617095184182666
2.5202175399670494
2.8526687430068867
0.20358555948725787
0.2864347506080152
0.4920405750058498
1.0092348001832658
1.6188861847254894
0.26912514266141374
0.5988785695369077
1.1951145340410778
1.938721237933884
2.342846177039547
0.43780951687650804
0.9502679741263466
1.7106173987125493
2.355862389723182
2.6691837664123867
0.2641870802536718
0.39504781125336447
0.6453936346674021
1.2150743995922917
1.8738326726036947
0.3016064789158869
0.6065708631581465
1.053469927022476
1.5862947125800517
2.424022730109405
0.14365466560569673
0.22872212504501332
0.30151136174564314
0.44362741324656124
0.7432557317497179
0.20946042321929806
0.3557068005962714
0.588647751196295
1.4903773548983499
2.671245774780697
0.3415487367391695
0.6141926410878226
1.0655912086520263
1.4393134265916996
2.1066229275139188
0.29783588514840337
0.5006593052243312
0.9208545641971975
1.3678257080396814
1.4688765945914564
0.32477090811025283
0.656338172386708
1.15024090936655
1.8818570653659958
2.131176167714437
0.24966774239757814
0.35498749268040664
0.665685140989248
1.2357709004444586
1.8741749091040183
0.2130718546615574
0.4418575598991099
0.916101618313234
1.7800969580558472
2.5018841972157477
0.4514897581326936
0.8196681737239587
1.5264462838217554
2.544613879862511
3.1932229790045423
0.2022716353742371
0.31995470729390896
0.5039758962300552
1.0874773752816331
1.5298903251686617
0.24529835592445715
0.39550806664559834
0.711884759190673
1.1569372040389034
1.629825181661736
0.3779151227179195
0.8158070273333327
1.4215729167284952
2.28198016253186
2.769934012601528
0.3730947684758788
0.6681428946334241
1.1942720208862987
1.9467077101643697
2.392243510147734
-0.07993789850453405
0.021821579808886722
0.12124554743361293
-0.10008098723209893
0.08311310497839818
0.33027978573366484
0.5759263704161361
0.854832898086704
1.3868570442821693
2.2696451915112426
0.5815037854240996
0.9937359757436065
1.7065558893384243
2.640993580420985
4.512271479880515
0.7536750830716324
1.215303725031643
1.9709718409156594
3.0302161328529857
4.380776120172948
0.972212935646165
1.6058556499060188
2.7150033875014836
3.6163941685916825
4.142700644404368
0.4503763129208815
0.7755807374202022
1.2931993608957981
2.3182313261487395
3.807012909549467
0.3878781666934988
0.5789121265747287
0.930760809578313
1.377274301799239
2.244776987137923
0.8832316268705144
1.4221550089161297
2.3022347165032317
3.4117956928539255
4.618953858294081
0.39418532872263384
0.760468767489449
1.1189036255328955
1.7259589236587436
2.695262145795693
0.69808210417149
1.1393215322788663
1.8560536788776996
2.67558436978324
3.9448130917959245
1.039112943842889
1.5477255459492056
2.235528610873216
3.2207098192781407
4.099494710855804
0.49961112766824084
0.8832313225247211
1.378561475868823
2.091027378201897
3.1933166621647384
0.6774098251167061
1.228203490670376
1.6466992729179142
2.4897782433426845
4.016319842950739
0.25119304051991675
0.43949248701433125
0.4670665704498521
0.912610532381978
1.5545255065416768
0.471493589606395
0.701124935461576
1.43934172480915
2.4974106439005888
3.6508602725230124
0.9026893961762229
1.3661963659324066
1.8856588190557162
2.4724811756425313
3.2157116032533613
0.6599486470161489
0.9708830989424144
1.5747939280821446
2.236910437881269
3.4806702348641623
0.7827615393547019
1.1925274450368253
1.873537091380251
2.3845772128467266
3.1459646161336563
0.44179345263091074
0.8632560193162323
1.236283906039433
1.8892163869627907
3.2189545318805517
0.540546162214535
0.985991652121575
1.6393147352946602
2.5144619058902347
3.98065533535986
0.9817834040655761
1.425748278678582
2.0922873398072417
2.964189153845634
4.127285807209025
0.41189178020019546
0.7614149206939562
1.2762214946390948
1.8720358346235568
3.037028075968248
0.5164563145920937
0.8814307789026834
1.4755737902056905
2.110172625936695
3.4243748005555776
0.7203632265054634
1.120169709571792
1.5692966817680343
2.4518844018137433
3.7770433020115894
0.8998732701548615
1.557819763493412
2.321539194113256
2.994638365516328
3.8555384889711566
-0.05642206333379222
-0.06260589654146341
-0.008467858556125758
0.08797333865191256
-1.0000296721665267
0.38204735605123386
0.6317061160913239
0.8838681668814025
1.1674720343756497
2.026574939625995
0.461297011689076
0.7049816259296646
1.3150858951477011
1.3317919927206294
2.2909668287067984
0.32967560422781605
0.5037169930105639
0.8079680827789634
1.4747270661448078
2.178389124481373
0.5267473291204336
0.8145876486493133
1.074666970681759
1.6271120507722825
2.1523623342748657
0.2089947672998759
0.35890549344223954
0.7084769296807867
1.323612746232819
1.9104260747892894
0.29456099588038137
0.48737973562438375
0.8349829108045171
1.154452574653591
1.55616073321298
0.35237295065671853
0.6211087020823751
1.1066988098768975
1.9045223014122337
2.420573797390545
0.2664101466856277
0.521543466926892
0.8316173086093454
1.4900694034711923
2.397008343755862
0.42485772294917584
0.6434535733586358
0.9984813846163649
1.6950191527566494
2.5132653861056586
0.4594958702804578
0.8657888966046563
1.5234395104678735
2.130127660787686
2.9155675300119537
0.3063074513203865
0.5352853748994725
0.8807591810948631
1.524755524426074
2.1578524220556337
0.3930654556112853
0.6046331996601059
1.0391151401229046
1.5437839856141906
1.7506405970997492
0.24557332079406805
0.47593883904940604
0.8919794646447885
1.2715309464388598
1.7978491738011027
0.24096969210638372
0.4075476882571239
0.5691031921213485
1.4220325488007652
2.128766475184786
0.3662816997739414
0.579814942433075
0.9647610098546394
1.5951671610338454
1.9294116500026812
0.36655697493832645
0.5401853027165736
0.7835140325934171
1.5097120916005404
1.9877840898413968
0.38422838138424315
0.6347247091198223
1.3870963644864347
1.8135651103110038
1.8700841399694723
0.30122753919836637
0.5204183909342309
0.9228526573027009
1.6438150925328565
2.357060330493735
0.3040113321953845
0.5295502264984853
0.9381897732902001
1.500008949425333
2.29674246039702
0.5797981776376349
0.9484666164149994
1.262493355190782
1.7853153799002073
2.3886672242144105
0.26892583246168655
0.47187673955403725
0.9765351931304233
1.468255841577519
2.0077573771056003
0.30434192166658336
0.6296567121331933
0.8557870949648598
1.4113741506969988
2.2722473895433857
0.283787208379573
0.49803328575531275
0.6926632050270896
1.1629711482483016
1.830886231915116
0.4632620908763829
0.7899824605313627
1.3659663896264016
2.0189984889403143
2.189956432292852
0.4228667092912158
0.66241188448602
1.3532586321569426
1.6869422000659064
2.3311728705837997
0.22993036444510878
0.3766735767981184
0.4912760054048087
0.768665195089938
3.573057329686157
0.33202582900311545
0.7566458931546194
3.3869698868338944
5.786342068820604
5.948591195749562
0.22677186803730637
0.5612367751124241
2.5393541843285
4.121053938801331
4.418629554332153
0.4087073017464404
1.1611134036692774
3.394439855532681
4.476299902329242
4.019100966864237
0.3911371014672361
0.619195471675489
0.7878933252263358
0.9291630375715498
1.2201034930812875
0.23319783973001326
0.3949207604195843
0.6173211188479018
0.8228902738987053
4.223471078100523
0.4005493419152431
0.6675699150862677
1.299225288765642
1.809367635321555
4.076325085600727
0.2650433721417313
0.45040252269932585
0.5970384917626944
0.6729955190052788
0.7217706935177809
0.161934321017299
0.24278540130162302
0.5333784180899067
1.1165018073421544
3.5095497061365535
0.27680530082366256
0.5202114967627555
1.5427709764967874
4.115982320208445
4.973386102431957
0.28034923916478444
0.48427088253962397
0.6158564137211503
0.9100126128459984
3.251534623789634
0.3979956840234383
0.6533071192376358
1.0707022883600437
2.6361913538090036
4.385252060342527
0.19192461220259746
0.32849810592548573
0.45149395378701895
0.5523772831309217
0.9416452282068025
0.24778835143687222
0.4027205934466445
0.621806883074923
0.8363501839257756
2.7497216985808635
0.31019962091231373
0.5078833836126475
1.1031596820601137
1.8236668146215222
3.1423063908854636
0.23303398396358826
0.9457408913720854
3.5762637314756773
3.407824900387994
3.3423877418257177
0.263599016307745
0.4316416373362282
1.2423508747582912
3.255025386936064
4.83927382054683
0.24000883805346054
0.404431417065786
0.5366000038132084
0.8490863406614927
1.6494710730419078
0.3839643067301868
0.6682694820658253
0.8796132085551095
1.0093929956303287
1.2381060163908861
0.42264974417510237
0.48194045003080377
0.7408772611370825
1.274114252146325
4.174951974233
0.2473235686300633
0.3856306665937805
0.5832285463483801
0.8347303986440568
3.134327735653633
0.30111223324089564
0.530736282653631
0.822941184827393
1.4428733301881205
5.044788377673727
0.4054742687039813
0.6651915262636481
1.3158385422666614
2.500563133567904
4.277476609484092
0.25197130048248956
0.3951513823901933
0.6215241868748843
0.9012736289603507
4.4346076940634624
0.27355734924256586
0.5140361798337407
0.7012520715789013
0.5842638519312602
0.43788529359723455
0.19075216827407154
0.41059350622816754
0.8500432253217504
2.06786561845827
3.4960686353353876
0.8087642914454823
1.6751703996654281
3.8569628896310473
5.364269592424503
5.806907843100809
0.7031950812123787
1.4950461986821997
3.100124886608107
4.175151758359248
4.252968607073483
1.1986831339645123
2.29124644089861
3.630769506431891
3.687698783001701
3.4696977301552674
0.2602933205725187
0.4271718118597044
0.8849503142385908
1.83698515361101
3.538834872862274
0.325755920674314
0.5793140322666506
1.0981771134976008
2.1409164808971153
4.295987534025948
0.5798714100445275
1.2089397252298395
2.1841537462272997
3.5897120101716915
4.622429388680081
0.22821917569347136
0.36154546797377196
0.7371669552694616
1.4260204141811705
2.655345855784916
0.4269314577796551
0.8513025739752905
1.6541246321484215
3.141760853302675
4.2965615097814425
0.6208416347696901
1.1857384423528274
2.399190976367762
4.077091554944742
4.567393008170908
0.3434829792289702
0.5635006040153685
1.0836482281858044
2.4946069948151677
4.949713468410755
0.5373714902196639
0.9459284210221853
2.2964131498425635
3.9771604925890167
4.223248189897899
0.24789514615059605
0.38912143915614217
0.7507805555432787
1.1114345439998665
2.4514541733602884
0.34001097653684853
0.620808973189764
1.1024052008240983
2.258050129676783
4.522100324264342
0.6067470225050411
1.2950180572052152
2.2956749203480054
3.318022575293085
3.8739554643462606
0.4942988304734349
1.2903006231600387
2.4543921582374435
3.150826253788349
3.459862572288489
0.49124129614052836
0.8729947339978109
1.7379466549129812
3.252712040751406
4.222552990387791
0.3186425559296032
0.5722962849869824
1.102399600661894
2.3337930291098155
4.369974293129637
0.34550715003808635
0.6905093980725148
1.5549681804206708
2.9195251900153236
3.783352525655591
0.5247439973635014
0.9966296667093952
2.054026305752647
3.908158510927818
5.397212284072643
0.32611712045200847
0.5761724196284196
1.1981813670432413
2.3378748598723176
4.262407552095676
0.38446635901409426
0.7594207147574842
1.599602087496605
3.2781605874190793
5.458207192903558
0.6964426545351389
1.1931989087899941
2.036217007301837
3.6977969269368978
5.063110010200599
0.43289112451730216
0.8875451598983475
1.672679955176757
3.1012650285843844
4.521548975726906
-0.17438998837386085
-0.25983371686279777
-0.30979322196275616
0.14912499470549562
0.3052908995807245
