5.51429   
5.56757   
4.94444   
4.37838   
3.86486   
5.74286   
5.34286   
5.22222   
4.19444   
3.97297   
5.76923   
5.10526   
4.68421   
4.25      
3.925     
5.7619    
5.47619   
4.92857   
4.26829   
4.0       
5.525     
5.5       
4.84615   
4.05128   
3.56098   
5.75676   
5.16667   
5.02703   
4.31429   
3.61111   
5.68182   
5.09091   
4.8       
4.45455   
3.97619   
5.54839   
4.70968   
4.83871   
4.1       
3.54839   
5.36364   
5.0       
4.54545   
4.03226   
3.63636   
5.71795   
5.43243   
4.74359   
4.53846   
3.81579   
5.54054   
5.16216   
5.35135   
4.28571   
3.86111   
5.94595   
4.97222   
4.78947   
4.13889   
3.76316   
5.53488   
5.425     
5.06977   
4.7907    
4.02381   
5.89189   
5.69444   
4.77778   
4.31429   
3.75      
5.82222   
5.06818   
4.95556   
4.27907   
3.91111   
5.61538   
5.65      
5.02632   
4.15385   
3.94872   
5.89189   
5.21053   
5.05128   
4.38462   
3.87179   
5.69048   
5.41463   
4.85      
4.46341   
4.0       
5.72973   
5.10811   
4.60526   
4.13514   
3.56757   
5.76923   
5.51282   
4.92105   
4.4359    
3.78378   
5.51163   
5.06977   
4.48837   
3.90698   
3.48837   
5.81579   
5.23684   
4.84615   
4.15789   
3.71795   
5.68571   
5.05714   
4.76471   
4.08571   
3.73529   
5.88571   
5.05556   
4.72222   
4.14286   
3.58333   
5.14286   
4.67647   
4.4       
3.88571   
3.44444   
6.02857   
6.10811   
5.38889   
4.71429   
4.36111   
6.05556   
6.05405   
5.88889   
5.2973    
4.38889   
6.18421   
6.28205   
5.25      
5.0       
4.6       
6.275     
6.15385   
5.68293   
5.30952   
4.53659   
5.82927   
5.68293   
5.325     
5.09756   
4.25641   
6.16216   
5.78378   
5.45946   
4.83333   
4.38889   
6.04444   
5.86364   
5.55814   
5.23256   
4.75556   
5.59375   
5.54839   
5.40625   
5.22581   
4.64516   
5.87879   
6.0303    
5.5625    
4.875     
4.54545   
6.05405   
5.83784   
5.76923   
5.52632   
4.72973   
5.55556   
5.88571   
5.44444   
5.19444   
4.75      
6.08108   
5.97297   
5.52632   
5.05263   
4.54054   
5.30952   
5.53659   
5.62791   
5.40476   
4.66667   
5.97297   
5.91667   
5.77143   
5.13889   
4.52778   
6.09091   
5.81818   
5.63636   
4.88636   
4.63636   
5.9       
6.15      
5.575     
5.2       
4.61538   
5.75      
6.0       
5.825     
5.275     
4.48718   
5.95122   
5.88095   
5.7381    
4.63415   
4.2439    
6.08108   
5.64865   
5.57895   
5.0       
4.47222   
5.84211   
5.79487   
5.51351   
5.28205   
4.48718   
5.80952   
5.53488   
5.44186   
4.81395   
4.15      
5.60526   
5.82051   
5.47368   
5.13158   
4.57895   
6.14706   
5.84848   
5.45714   
5.02857   
4.32353   
6.44444   
5.91176   
5.13889   
5.08571   
4.52778   
5.54286   
5.27778   
5.25      
4.45714   
3.77143   
4.77143   
4.27027   
3.7027    
3.19444   
2.71429   
4.8       
4.43243   
3.83784   
3.52778   
2.91892   
4.65      
4.07692   
3.85      
3.28205   
2.89474   
4.78049   
4.21429   
3.9       
3.425     
3.02381   
5.09756   
4.4878    
3.675     
3.07317   
2.375     
4.58333   
4.05714   
3.47222   
2.94595   
2.5       
4.93333   
4.22727   
3.73333   
3.31111   
2.73333   
4.64516   
4.29032   
3.46667   
2.96875   
2.34375   
4.60606   
4.09375   
3.69697   
3.25      
2.87879   
5.05405   
4.36111   
4.02564   
3.30769   
2.92308   
5.0       
4.43243   
3.82857   
3.27027   
2.91667   
4.56757   
4.16216   
3.75676   
3.10526   
2.71053   
5.14286   
5.07143   
4.16667   
3.66667   
2.7619    
5.19444   
4.43243   
3.77778   
3.08333   
2.59459   
4.32558   
3.81395   
3.61364   
3.17778   
2.62791   
4.74359   
4.07895   
3.69231   
3.23684   
2.79487   
4.97368   
4.4359    
3.82051   
3.35      
2.89744   
4.97619   
4.55      
3.7381    
3.11905   
2.54762   
4.66667   
4.05405   
3.63158   
3.0       
2.52632   
4.94737   
4.21053   
3.81081   
3.12821   
2.65789   
4.39535   
3.92683   
3.16667   
3.06977   
2.55814   
4.79487   
4.34211   
3.68421   
3.07692   
2.7027    
4.61765   
4.17143   
3.55882   
3.26471   
2.67647   
4.8       
4.25714   
3.82857   
3.28571   
2.69444   
4.0       
3.58333   
3.25      
2.91429   
2.41667   
5.97143   
5.75676   
5.27027   
5.24324   
4.71429   
6.28571   
6.16216   
5.19444   
4.74286   
4.28571   
6.38462   
5.65789   
5.225     
4.6       
3.575     
6.125     
6.26829   
6.15      
5.47619   
4.80952   
5.63415   
5.75      
5.575     
4.92683   
4.4       
5.83333   
5.86111   
5.69444   
5.08108   
4.58333   
5.86667   
6.0       
5.42222   
4.95122   
4.2093    
6.06452   
5.83871   
5.625     
5.4375    
4.96774   
5.74194   
5.59375   
5.3871    
4.67742   
4.27273   
6.07692   
5.11111   
5.15789   
4.76923   
4.23077   
5.47059   
5.62162   
5.28571   
5.19444   
4.67568   
5.91892   
5.52632   
5.21053   
4.7027    
3.78378   
5.73171   
5.475     
5.55814   
5.43902   
4.92857   
6.02857   
5.63889   
5.5       
4.65714   
4.02778   
6.02273   
6.04444   
5.83721   
5.77778   
4.97727   
5.825     
5.82051   
5.75      
5.12821   
4.61538   
5.76923   
5.97368   
5.33333   
5.23684   
4.73684   
6.175     
5.88095   
5.87805   
5.31707   
4.34146   
5.89474   
5.94595   
5.89474   
5.24324   
4.48649   
5.71053   
5.47368   
5.15789   
4.72973   
4.05405   
5.93023   
6.02326   
5.46341   
5.33333   
4.65      
5.76923   
5.71795   
5.4359    
5.0       
4.30769   
5.61765   
5.64706   
5.32353   
4.79412   
4.52941   
5.85714   
5.83333   
5.52941   
5.16667   
4.57143   
6.39394   
6.16667   
5.88889   
5.5       
5.23529   
5.91892   
5.7027    
5.08333   
4.13889   
3.13889   
6.11765   
6.11111   
5.43243   
4.37838   
3.41667   
6.5       
5.63158   
5.3       
4.30769   
3.47368   
6.30952   
5.90244   
5.325     
4.47619   
3.70732   
5.625     
5.39024   
4.7       
3.81579   
2.92308   
5.91892   
5.71429   
4.97297   
4.02857   
2.94595   
6.04444   
5.8       
5.15909   
4.27907   
3.31818   
5.33333   
5.45161   
4.71875   
3.96774   
3.125     
5.93548   
5.5       
4.96875   
4.09091   
3.59375   
6.05128   
5.79487   
5.17949   
4.39474   
3.34211   
6.02703   
5.80556   
5.2973    
4.19444   
3.05556   
5.64865   
5.81081   
5.21053   
4.35135   
3.65789   
5.35714   
5.04762   
5.51163   
4.16667   
3.09524   
6.05405   
5.59459   
4.97222   
4.16216   
3.02703   
5.78571   
5.65116   
5.11364   
4.06818   
3.31818   
5.8       
5.61538   
5.23077   
4.35      
3.39474   
5.825     
5.925     
5.23684   
4.17949   
3.34211   
6.2439    
5.60976   
5.17073   
4.0       
3.125     
5.97368   
5.5       
5.07895   
4.0       
3.18421   
6.02632   
5.76316   
5.39474   
4.23077   
2.92105   
5.69767   
5.90698   
5.11628   
3.92857   
3.0       
5.86842   
5.68421   
4.87179   
4.18421   
3.18421   
6.05714   
5.5       
5.09091   
4.31429   
3.35294   
5.80556   
5.33333   
5.13889   
4.02857   
3.25      
5.33333   
5.25714   
4.61111   
3.85714   
2.75      
4.0       
3.89189   
3.72973   
3.48571   
2.94444   
4.55556   
4.27778   
3.72973   
3.48571   
3.10811   
4.81579   
4.53846   
4.1       
3.75      
3.5       
5.02381   
4.56098   
4.2619    
4.19512   
3.45      
4.375     
3.92308   
3.5       
3.31707   
2.51282   
4.61111   
4.38889   
3.77778   
3.52778   
3.05405   
4.83333   
4.61364   
4.15909   
3.75      
3.31818   
4.3871    
4.09375   
3.93333   
3.6129    
3.06452   
5.21875   
4.3125    
4.16129   
3.8125    
3.34375   
5.15789   
4.64865   
4.57895   
3.84211   
3.40541   
4.69444   
4.38889   
3.97297   
3.54054   
3.02857   
5.08108   
4.81579   
4.45946   
4.08108   
3.75      
4.55      
4.25581   
3.66667   
3.44186   
3.09524   
5.08333   
4.33333   
4.02778   
3.77778   
3.16667   
4.43182   
4.17778   
3.97674   
3.36364   
3.17778   
5.28205   
4.82051   
4.53846   
3.97368   
3.58974   
4.23684   
4.43243   
4.0       
3.55      
3.30769   
4.57143   
4.15      
3.80952   
3.73171   
3.19512   
4.73684   
4.64865   
3.86842   
3.56757   
3.18919   
4.97368   
4.13889   
3.94737   
3.4359    
3.10256   
4.92683   
4.38095   
4.02439   
3.5       
3.04762   
4.7027    
4.24324   
3.76316   
3.56757   
3.24324   
4.61765   
4.35294   
4.02941   
3.61765   
3.29412   
4.64706   
4.37143   
3.97143   
3.66667   
3.28571   
4.4       
4.28571   
3.70588   
3.47222   
3.02778   
5.08333   
4.75      
4.0       
3.22222   
2.19444   
5.91429   
5.58333   
3.76471   
3.75676   
2.85714   
4.97436   
4.1       
3.84615   
3.825     
3.61538   
4.69048   
4.075     
3.52381   
3.14286   
2.95238   
5.275     
5.26829   
4.53846   
4.05128   
3.14634   
5.32432   
5.11429   
4.40541   
3.14286   
2.68571   
5.5814    
5.19048   
4.31818   
3.62222   
2.83721   
5.5       
4.64516   
4.16667   
3.45161   
2.3871    
4.87879   
4.75      
4.12903   
3.66667   
2.70968   
5.54054   
5.02564   
4.46154   
4.0       
3.05263   
5.56757   
4.8       
4.52778   
3.94118   
2.75676   
4.69444   
4.39474   
4.18421   
3.18919   
3.02778   
5.725     
5.31707   
4.64286   
3.41463   
2.82927   
5.72222   
5.44444   
4.27778   
3.61111   
2.91892   
4.81395   
3.93023   
3.61364   
2.91111   
2.44444   
5.475     
4.75      
4.35      
3.66667   
3.10256   
5.71795   
4.65789   
3.89744   
3.20513   
2.47368   
5.57143   
4.92857   
4.21429   
3.40476   
3.0       
5.37838   
4.67568   
3.88889   
3.19444   
2.60526   
5.28205   
4.72973   
4.47368   
3.73684   
3.28205   
5.02439   
4.45      
4.16667   
3.59524   
3.16667   
5.58974   
5.08108   
4.57895   
3.89474   
2.74359   
4.97059   
3.84848   
3.68571   
3.44118   
2.78788   
5.52778   
4.57143   
4.08824   
2.88571   
2.44444   
3.5       
3.14286   
3.0303    
2.71429   
2.74286   
5.18919   
4.47222   
3.48649   
3.0       
2.11111   
6.10811   
5.16667   
4.54286   
3.83784   
3.02703   
6.34211   
5.6       
4.47368   
3.75      
2.95      
6.30952   
5.92683   
5.38095   
4.375     
3.66667   
5.4       
4.66667   
3.65854   
2.78049   
1.25      
5.18919   
4.58333   
3.48571   
2.7027    
2.05405   
5.86364   
5.53333   
4.5814    
3.42222   
2.63636   
5.21875   
4.59375   
3.90323   
2.87097   
1.96774   
5.875     
5.24242   
4.34375   
3.48485   
2.375     
5.97368   
5.30769   
4.35135   
3.5       
2.78947   
4.94286   
4.57143   
3.75676   
2.85714   
2.33333   
6.18421   
5.47368   
4.52632   
3.60526   
2.77778   
4.80952   
3.95238   
3.12195   
2.5814    
1.7381    
5.43243   
4.55556   
3.48649   
2.83784   
1.59459   
5.95556   
6.06667   
5.13636   
3.93182   
3.36364   
5.82051   
5.225     
4.275     
3.61538   
2.925     
5.74359   
5.225     
4.575     
3.71795   
2.95      
5.69048   
4.65854   
4.14286   
3.04762   
2.04878   
5.35135   
4.7027    
3.76316   
2.89189   
2.27027   
5.65789   
5.2973    
4.02778   
3.42105   
2.58974   
5.5       
4.85714   
4.11628   
3.23256   
2.16279   
5.44737   
4.63158   
3.78378   
3.12821   
2.53846   
5.94286   
5.52941   
4.67647   
3.94118   
2.77143   
5.94444   
4.97143   
4.05714   
3.17647   
2.61765   
5.52941   
5.05556   
4.29412   
3.17647   
1.94444   
6.08333   
5.16667   
4.42857   
2.81081   
1.54054   
6.0       
5.51429   
4.52778   
3.64865   
2.41667   
6.65      
6.25641   
5.475     
3.74359   
2.47368   
6.38095   
5.80488   
5.04878   
3.78049   
2.5       
5.825     
5.825     
5.325     
3.5       
1.36585   
6.05405   
5.86486   
4.86486   
3.0       
1.65714   
6.42222   
6.02222   
5.22727   
3.97674   
2.46667   
5.70968   
5.875     
5.03125   
3.5       
1.75      
6.54545   
6.09091   
5.15152   
3.90625   
2.51515   
5.97436   
5.69231   
5.17949   
3.81579   
2.28205   
5.81081   
5.86486   
4.66667   
3.33333   
1.97222   
6.31579   
5.52778   
4.73684   
3.43243   
2.25714   
5.07317   
4.76744   
3.18605   
2.16667   
0.4878    
6.05405   
5.89189   
4.5       
2.89189   
1.75      
5.93023   
5.54545   
4.69767   
3.74419   
2.5       
6.02564   
5.76923   
4.58974   
3.12821   
2.34211   
6.025     
6.10526   
5.025     
3.82051   
2.45946   
6.02439   
5.88095   
4.2619    
3.02439   
1.70732   
6.08108   
5.89474   
4.86842   
3.27027   
1.86486   
6.26316   
6.13158   
5.33333   
3.75676   
2.21622   
6.075     
6.19048   
5.30952   
3.76744   
2.09302   
5.84615   
5.52632   
4.62162   
3.33333   
2.05128   
6.69697   
6.05714   
5.70588   
4.26471   
2.64706   
6.0       
5.29412   
4.52778   
3.38889   
2.0       
5.83333   
5.2       
4.22857   
3.11765   
1.33333   
5.97297   
5.94595   
4.91667   
3.21622   
2.08108   
6.0       
5.97222   
5.43243   
3.5       
2.71429   
6.23684   
5.66667   
5.05128   
3.3       
2.48718   
6.07143   
5.97561   
5.07143   
3.2619    
2.19048   
5.73171   
5.15385   
4.70732   
3.43902   
1.87805   
5.83784   
5.62857   
5.42857   
3.16216   
1.77778   
6.13333   
5.88636   
5.04545   
3.70455   
2.22727   
5.96774   
5.59375   
4.6875    
3.21875   
1.34375   
6.0       
5.65625   
4.90625   
3.19355   
2.34375   
5.86842   
5.81579   
5.20513   
3.64103   
2.4359    
5.81081   
5.64865   
5.02778   
3.48649   
2.27027   
6.08108   
5.89474   
5.10526   
3.10526   
2.23684   
5.48837   
5.46512   
4.475     
3.25581   
1.16279   
5.77778   
5.16667   
4.25      
3.05556   
1.86111   
5.77778   
5.70455   
4.6       
3.17778   
1.86667   
5.9       
5.76923   
5.25641   
3.61538   
2.46154   
6.05128   
5.925     
5.15385   
3.425     
2.25      
6.07317   
5.78049   
4.675     
3.5       
2.17073   
5.73684   
5.47222   
4.86111   
3.0       
1.65789   
6.13158   
5.73684   
4.94444   
3.57895   
2.74359   
6.30952   
5.88095   
5.13953   
3.2619    
1.92683   
5.83784   
5.58974   
5.0       
3.58974   
2.07895   
5.97143   
5.79412   
5.02941   
3.64706   
2.4       
5.88571   
5.82857   
4.65714   
3.27778   
1.85294   
5.85714   
5.57143   
4.25714   
2.14706   
1.47222   
5.91429   
5.67568   
4.69444   
3.67568   
1.45946   
5.91667   
4.80556   
2.97297   
1.91892   
1.27778   
5.36842   
4.07692   
2.84615   
1.82051   
0.7       
5.3       
4.0       
2.90244   
2.0       
0.88095   
5.7561    
5.4       
4.5       
3.66667   
2.25      
5.54054   
5.19444   
4.5       
3.08108   
0.75676   
5.48837   
4.51111   
3.43182   
2.42222   
0.97727   
6.0       
5.25      
4.56667   
4.19355   
2.26667   
5.90625   
5.15625   
3.96875   
2.40625   
0.87879   
5.15385   
4.46154   
3.61538   
2.18421   
1.23684   
5.86111   
5.42857   
4.47222   
2.91429   
0.97222   
5.40541   
4.67568   
2.77778   
1.94737   
0.81579   
5.32558   
5.32558   
4.69048   
4.34884   
2.38095   
5.97297   
5.47222   
4.24324   
3.08333   
1.28571   
5.84444   
4.4       
3.04878   
2.0       
0.65116   
5.875     
5.075     
2.89744   
2.075     
0.95      
5.5641    
5.4359    
3.84615   
2.76923   
1.025     
5.80488   
5.5       
4.5122    
3.07143   
1.0       
5.52632   
4.97368   
4.52632   
2.94595   
1.23684   
5.57895   
4.84211   
3.43243   
2.05263   
0.74359   
6.12195   
5.39535   
4.69048   
3.0       
1.04651   
5.35897   
5.51282   
4.26316   
2.63158   
0.86842   
5.25714   
4.57143   
3.11765   
2.24242   
0.82353   
5.4       
4.69697   
4.02941   
2.57143   
0.91667   
6.08571   
5.86111   
5.36111   
4.97222   
4.6       
5.94595   
5.86486   
4.21622   
3.83333   
3.43243   
5.30556   
4.43243   
3.08108   
2.67568   
2.37143   
5.41026   
4.07895   
2.84211   
3.1       
2.4       
6.05      
4.64286   
3.92857   
2.90476   
2.65854   
5.68293   
5.775     
5.35      
3.8       
2.725     
5.86111   
4.75      
4.35135   
3.62857   
3.83784   
5.34091   
4.72727   
3.53333   
2.86364   
2.51111   
6.19355   
5.74194   
5.5       
4.8125    
4.25      
6.06061   
5.90625   
4.90625   
2.96875   
2.84375   
4.76923   
5.84211   
4.92308   
4.05263   
2.68421   
5.61111   
5.97222   
4.62162   
3.77778   
2.02778   
5.5       
5.05263   
3.64865   
3.07895   
3.08108   
5.23256   
5.44186   
5.11628   
5.2619    
5.04762   
5.81081   
5.64706   
4.05714   
4.13514   
3.18919   
5.66667   
5.40909   
4.22222   
3.2       
2.56818   
5.875     
5.575     
4.925     
3.28205   
2.6       
5.875     
5.92308   
5.07692   
3.925     
2.48718   
6.35714   
5.36585   
5.56098   
4.925     
2.65854   
6.13158   
5.59459   
5.18421   
5.08108   
4.52778   
6.12821   
5.30769   
4.44737   
4.25641   
2.57895   
5.7907    
4.76744   
6.0       
5.61905   
2.02381   
5.26316   
5.76923   
5.74359   
4.36842   
2.76316   
5.9697    
5.74286   
3.8       
2.88571   
1.85714   
5.68571   
6.08571   
5.48485   
3.5       
2.58333   
6.02778   
5.8       
4.83333   
5.0303    
4.66667   
5.45946   
3.91429   
3.27778   
3.16667   
3.10811   
4.47222   
4.0       
3.38889   
2.89189   
3.61111   
5.12821   
3.64103   
3.925     
2.925     
2.42105   
4.66667   
3.84615   
3.35714   
3.46341   
2.38095   
5.46341   
4.90244   
3.475     
2.97561   
1.97368   
4.67568   
4.82857   
4.17143   
3.19444   
2.7027    
4.5814    
4.06818   
3.37209   
2.72727   
2.51111   
5.78125   
3.26667   
4.3871    
2.73333   
2.125     
4.51515   
3.77419   
3.33333   
2.81818   
2.87879   
5.78947   
3.92105   
3.42105   
2.68421   
2.89744   
4.08333   
4.54054   
3.25      
2.75      
2.27778   
5.37838   
4.56757   
3.23684   
2.83333   
4.0       
5.4186    
4.92857   
4.7907    
3.63415   
2.40476   
5.02703   
4.52778   
3.62162   
3.08333   
1.91667   
4.84091   
3.76744   
3.34884   
2.86364   
2.11364   
4.6       
3.81579   
4.46154   
3.05128   
3.625     
5.15      
4.45      
3.26316   
2.425     
2.36842   
4.14634   
4.35714   
3.88095   
2.90244   
2.46341   
4.67568   
4.05263   
3.62162   
3.07895   
1.94737   
5.15385   
3.78947   
3.82051   
2.89189   
2.02703   
4.45238   
3.69048   
3.17073   
2.34884   
2.55814   
5.25641   
4.4359    
3.68421   
2.87179   
2.51282   
4.54286   
4.15152   
3.34286   
2.47059   
2.58824   
4.05882   
3.74286   
3.31429   
2.88889   
2.5       
4.82857   
5.71429   
3.68571   
4.57143   
3.02857   
5.69444   
6.05405   
5.75676   
5.55556   
4.47059   
5.75      
6.08108   
5.11429   
5.31429   
4.21622   
5.07692   
6.0       
4.85      
4.46154   
3.5       
5.07143   
6.40476   
6.0       
4.40476   
3.60976   
5.92683   
5.53659   
5.60976   
5.225     
4.31707   
6.0       
6.0       
4.77143   
4.33333   
4.30556   
5.79545   
6.15909   
5.70455   
5.22222   
4.20455   
5.65625   
5.4375    
4.87097   
4.75      
4.0       
5.84375   
5.48485   
6.28125   
4.4375    
3.3125    
5.82051   
6.15385   
5.55263   
4.27027   
3.84211   
5.83333   
5.45714   
5.2973    
5.16667   
4.38889   
5.55263   
6.15789   
4.54054   
4.47368   
3.56757   
5.64286   
5.40476   
5.7381    
5.02326   
3.97619   
6.05405   
5.7027    
4.69444   
4.16667   
3.37143   
5.59091   
6.15556   
5.95556   
5.02381   
3.79545   
5.76923   
6.13158   
5.61538   
5.52632   
4.575     
5.875     
5.79487   
5.52632   
4.35897   
3.525     
4.95122   
6.0       
4.19512   
4.16667   
3.34146   
5.61111   
6.02632   
5.45946   
4.92105   
3.64865   
6.02632   
5.84211   
4.55263   
4.12821   
3.36842   
5.90698   
6.17073   
5.95238   
4.33333   
3.65116   
5.76923   
5.86111   
5.76316   
4.62162   
4.10256   
6.08571   
6.29412   
5.05882   
5.05882   
3.6       
6.0       
5.97143   
5.34286   
5.13889   
4.63889   
5.71429   
5.14286   
5.08824   
3.82857   
3.11111   
2.83333   
2.82857   
3.10811   
3.58333   
3.89189   
3.4       
3.62162   
3.83333   
3.83784   
4.2       
3.725     
4.05      
4.025     
4.28205   
4.79487   
3.38095   
3.40476   
3.5       
3.7561    
4.05128   
3.05      
3.1       
3.31707   
3.9       
3.84615   
3.62162   
3.32432   
3.75      
4.40541   
4.83333   
3.63636   
3.28889   
3.04545   
3.34091   
3.65116   
3.77419   
2.93548   
3.28125   
3.6875    
3.51613   
2.90909   
3.06061   
3.25      
3.59375   
5.84848   
3.07895   
3.23077   
3.61538   
3.36842   
4.17949   
3.18919   
3.38889   
3.5       
3.67568   
3.5       
3.5       
3.51429   
3.65789   
4.07895   
4.54286   
2.73171   
2.87805   
3.04762   
3.57143   
3.70732   
2.94595   
3.35135   
3.52941   
3.62162   
3.97297   
3.88636   
4.02273   
3.95455   
4.13636   
4.95455   
3.41026   
3.53846   
3.475     
3.65      
4.02632   
3.55      
3.41026   
3.25641   
3.625     
4.0       
3.21951   
3.34146   
3.2       
3.525     
3.95238   
2.88889   
3.27778   
3.51351   
3.68421   
3.54054   
3.23077   
3.34211   
3.69231   
3.89744   
4.05128   
2.85366   
3.26829   
3.57143   
3.7619    
3.71429   
3.05263   
3.02632   
3.21622   
3.39474   
3.73684   
2.94286   
2.97143   
3.25714   
3.41176   
3.62857   
4.02778   
4.4       
3.88571   
3.66667   
3.38889   
3.27778   
2.93939   
3.52778   
3.97059   
4.14286   
5.80556   
6.05405   
4.88889   
5.02778   
4.19444   
5.94595   
6.08333   
5.32432   
5.13889   
4.56757   
6.82051   
6.525     
5.975     
6.075     
5.02564   
6.28571   
6.64286   
6.09524   
5.66667   
5.15385   
6.15      
5.95      
5.58537   
5.09756   
4.25      
5.56757   
6.25      
5.08333   
5.83784   
4.13889   
6.20455   
6.34884   
5.93333   
5.35556   
4.81818   
6.0625    
5.75      
5.87097   
4.90323   
4.56667   
6.06061   
6.30303   
5.75      
5.90323   
4.66667   
6.12821   
6.10256   
6.02564   
5.57895   
5.12821   
6.10811   
5.91892   
5.69444   
4.94595   
4.56757   
6.52632   
6.2973    
6.05263   
6.11111   
5.67568   
5.60465   
5.27907   
5.43902   
4.29268   
4.44186   
5.77143   
5.97297   
5.30556   
5.17143   
4.02857   
6.22727   
5.90698   
5.42222   
5.38636   
4.02326   
5.92308   
6.275     
5.68421   
5.75      
4.61538   
5.925     
6.025     
5.57895   
5.15789   
4.17949   
6.41463   
5.95238   
5.69048   
5.0       
4.25641   
6.13158   
6.26316   
5.28947   
5.84211   
4.41667   
6.05128   
6.05405   
5.40541   
5.13514   
4.71795   
6.12195   
5.93023   
5.71429   
5.16667   
4.67442   
5.86486   
5.41026   
6.05128   
4.60526   
5.25641   
6.33333   
5.82857   
5.82353   
5.2       
5.71429   
5.97143   
6.11111   
5.45714   
5.61111   
4.88571   
5.91667   
6.41667   
5.77143   
5.55556   
4.47059   
5.35135   
6.62162   
4.08108   
6.24324   
2.97143   
5.91667   
5.68571   
4.83784   
4.77143   
3.91667   
6.28205   
6.75      
5.2       
6.575     
3.79487   
6.0       
6.66667   
4.78049   
7.21429   
3.925     
5.3       
6.82927   
4.025     
6.56098   
2.8       
5.55556   
6.08108   
4.05556   
5.83784   
3.37838   
5.54545   
6.4       
4.40476   
6.72727   
3.34091   
5.40625   
5.58065   
4.1875    
5.06452   
3.25806   
5.8125    
6.78788   
4.78125   
6.36364   
3.60606   
5.71053   
6.58974   
4.56757   
6.5641    
3.69231   
5.59459   
6.75      
4.34286   
6.83784   
3.21622   
6.26316   
6.81579   
4.81081   
6.26316   
4.02632   
4.48837   
6.62791   
3.72093   
6.48837   
2.58537   
5.40541   
6.43243   
4.13889   
5.91892   
3.24324   
5.93182   
6.66667   
5.0       
6.31111   
3.82222   
5.825     
7.1       
4.75      
6.65      
3.35897   
5.575     
6.625     
4.48718   
7.1       
3.36842   
5.92857   
6.09756   
4.41463   
5.90476   
3.4878    
5.47368   
6.18919   
4.43243   
5.75676   
3.34211   
5.61538   
6.33333   
4.32432   
5.87179   
3.53846   
5.34146   
6.2619    
4.35714   
6.30233   
3.55      
5.33333   
6.0       
4.22222   
6.23077   
3.37838   
5.66667   
6.8       
4.82857   
6.68571   
3.88235   
5.75      
6.47222   
4.80556   
6.72222   
3.6       
5.61111   
6.85714   
4.48571   
6.38889   
3.28571   
4.62162   
4.22222   
3.77143   
3.47222   
3.41667   
5.97222   
5.59459   
4.82857   
4.91892   
4.54286   
5.76923   
5.71795   
5.5641    
5.0       
4.65789   
5.41463   
5.02439   
4.66667   
4.2381    
3.92683   
4.775     
4.20513   
3.74359   
3.53846   
3.15      
5.2       
4.36111   
3.88889   
3.72973   
3.78378   
5.38636   
4.95455   
4.37778   
3.86364   
3.63636   
4.25      
3.74194   
2.9375    
2.84375   
2.87097   
4.81818   
4.30303   
4.06452   
3.3125    
3.15625   
4.51282   
4.07692   
3.82051   
3.63158   
3.31579   
4.55556   
4.27027   
3.58333   
3.44118   
3.51351   
5.64865   
5.35135   
5.0       
4.48649   
4.2973    
3.95122   
3.74419   
3.14286   
2.84615   
2.73171   
5.37143   
5.13889   
4.66667   
4.14706   
3.75      
5.15556   
4.81395   
4.37209   
4.09091   
3.76744   
4.6       
4.39474   
4.05      
3.92308   
3.94737   
4.55      
4.07692   
4.12821   
3.82051   
3.71795   
5.02439   
4.8       
4.35714   
4.07143   
4.09524   
5.13514   
4.38889   
4.24324   
4.08108   
4.05405   
5.61538   
5.23684   
4.5       
4.13514   
4.10526   
4.85714   
4.31707   
4.11905   
3.60976   
3.78571   
5.15385   
4.68421   
4.23684   
3.76316   
3.25      
5.76471   
5.64706   
5.44118   
5.05714   
4.38235   
4.8       
4.39394   
3.91176   
4.11429   
3.79412   
5.61111   
5.05882   
4.44444   
4.0       
2.67647   
5.94444   
5.47222   
5.08108   
4.52778   
3.94444   
5.77778   
5.43243   
4.83333   
4.22222   
3.75676   
5.51282   
5.02564   
4.7       
4.30769   
3.69231   
5.45238   
5.35714   
4.90244   
4.425     
4.16667   
5.175     
4.80488   
4.225     
3.65      
3.36585   
5.33333   
5.27027   
4.94595   
4.19444   
3.59459   
5.86667   
5.44444   
4.8       
4.11364   
3.70455   
5.3871    
4.93548   
4.6875    
4.03226   
3.59375   
5.5       
4.67742   
4.51613   
4.0625    
3.48485   
5.57895   
5.42105   
4.67568   
4.21622   
3.87179   
5.64865   
5.11111   
4.64865   
3.97143   
3.62162   
5.72973   
5.51351   
5.2973    
4.71053   
4.02632   
5.2439    
5.2619    
5.32558   
4.5122    
4.16279   
5.37143   
5.11111   
4.97222   
3.91429   
3.22857   
5.90909   
5.33333   
4.72093   
4.37209   
3.91111   
5.575     
5.375     
4.61538   
4.15385   
3.66667   
5.725     
5.33333   
4.76923   
4.30769   
3.92308   
5.14286   
5.07143   
4.375     
3.85366   
3.70732   
5.54054   
4.97297   
4.55556   
4.31429   
3.55556   
5.82051   
5.17949   
4.79487   
4.0       
3.46154   
5.38095   
4.7907    
4.07143   
3.64286   
3.4186    
5.13158   
5.13158   
4.66667   
4.0       
3.58974   
5.71429   
4.97143   
4.61765   
3.88571   
3.42857   
5.57143   
5.17647   
4.77778   
4.08824   
3.85714   
5.16667   
4.28571   
3.83333   
3.79412   
3.34286   
5.85714   
5.83333   
6.02778   
5.08333   
4.33333   
6.05405   
6.17143   
5.30556   
4.0       
2.80556   
5.84211   
5.46154   
4.15789   
3.17949   
2.825     
6.45238   
5.225     
4.19048   
3.11905   
2.41463   
5.68293   
5.56098   
5.02439   
4.475     
3.28205   
5.61111   
5.27778   
5.59459   
4.94595   
3.97297   
5.75      
5.42222   
4.4186    
3.62222   
2.93023   
5.87097   
5.96774   
5.26667   
4.625     
3.8125    
5.8125    
5.66667   
4.5       
3.90909   
2.90909   
5.84615   
5.38462   
4.4359    
3.57895   
2.86486   
6.02857   
5.59459   
5.35135   
4.88889   
3.63889   
5.58333   
5.27778   
4.43243   
3.60526   
2.80556   
5.67442   
5.09524   
5.52381   
5.28571   
5.23256   
5.72222   
5.59459   
5.41667   
4.19444   
3.27027   
6.32558   
5.64444   
4.74419   
3.13333   
2.44444   
6.07692   
5.74359   
5.18421   
4.125     
3.58974   
5.75      
5.45      
4.86842   
4.36842   
2.86486   
6.16667   
5.57143   
5.36585   
4.36585   
3.325     
5.7027    
5.71053   
5.18919   
4.13889   
3.05263   
6.15789   
5.46154   
4.78947   
3.52632   
2.71795   
5.975     
5.67442   
5.69048   
4.88372   
3.83721   
5.71053   
5.73684   
5.55263   
4.89744   
3.64865   
5.6       
5.08824   
4.09375   
3.34286   
2.65714   
6.14286   
5.61111   
5.17143   
4.02857   
3.51429   
5.67647   
5.54286   
5.0       
4.97222   
4.05714   
5.7027    
5.27778   
4.67568   
4.05714   
3.05405   
5.97297   
5.2973    
4.6       
3.27778   
2.36111   
5.23684   
4.4359    
3.89744   
3.17949   
2.1       
5.14634   
4.73171   
3.80952   
3.21951   
2.0       
5.6       
4.925     
4.36585   
3.35      
2.475     
5.7027    
5.11111   
4.71429   
3.63889   
2.80556   
5.66667   
4.95455   
4.11111   
3.38636   
2.32558   
5.6875    
4.93548   
4.29032   
3.80645   
2.67742   
5.27273   
4.8125    
4.25      
3.5       
2.16129   
5.5       
5.17949   
4.25641   
3.76923   
2.51282   
5.7027    
5.41667   
4.40541   
3.86111   
2.64865   
5.15789   
4.94595   
4.02632   
3.02778   
2.0       
5.65116   
5.54762   
5.09524   
4.72093   
3.47619   
5.2973    
5.16667   
4.54054   
3.75      
2.64865   
5.22727   
4.55556   
3.91111   
3.11364   
2.30233   
5.825     
5.46154   
4.25641   
3.76923   
1.84615   
5.425     
4.79487   
4.25      
3.38462   
2.52632   
5.52381   
5.34146   
4.5       
3.2619    
2.31707   
5.40541   
5.16216   
4.08108   
3.56757   
2.25      
5.55263   
4.76316   
4.0       
3.24324   
2.57895   
5.53488   
5.14286   
4.30952   
3.61905   
2.73171   
5.57895   
5.02632   
4.65789   
3.5641    
2.63158   
5.6       
4.79412   
4.12121   
3.51429   
2.41176   
5.77778   
4.82857   
4.14286   
3.36111   
2.68571   
5.17143   
4.45714   
4.88571   
3.42857   
2.91429   
5.55556   
5.18919   
4.30556   
3.16216   
2.19444   
5.51351   
5.24324   
4.48571   
3.80556   
2.22222   
5.97436   
5.35897   
5.23077   
4.35897   
3.92105   
6.02439   
5.78571   
4.42857   
4.12195   
2.90476   
5.275     
5.25      
4.7561    
4.1       
3.17073   
5.63889   
5.27778   
4.16216   
3.56757   
2.97297   
5.93333   
5.23256   
4.65116   
4.14286   
2.65909   
5.6129    
5.45161   
4.16129   
3.0625    
2.375     
5.71875   
5.78788   
5.5       
4.09375   
2.71875   
5.97368   
4.87179   
4.48649   
4.02778   
3.25641   
5.56757   
5.40541   
4.89189   
3.64865   
2.52778   
5.25      
5.13158   
4.56757   
3.5       
2.62162   
5.42857   
4.78049   
3.97674   
2.93023   
2.4186    
5.40541   
5.37143   
5.05556   
3.97143   
3.27778   
6.33333   
5.8       
5.38636   
4.48889   
3.71111   
5.61538   
5.35      
4.94595   
3.97368   
2.775     
5.975     
5.61538   
4.34211   
3.58974   
2.89744   
5.71429   
4.40476   
3.68293   
2.95238   
2.33333   
5.73684   
5.32432   
4.4       
3.94737   
2.75676   
6.0       
5.10526   
4.52632   
4.10811   
3.72973   
5.35714   
5.47619   
4.44186   
3.37209   
3.0       
5.92308   
5.35135   
4.89744   
4.44737   
2.89474   
6.17647   
5.88571   
5.02941   
4.64706   
4.0       
5.77143   
5.02941   
4.61765   
3.33333   
2.74286   
4.80556   
4.25      
3.79412   
3.4       
2.79412   
6.28571   
5.61111   
5.77778   
4.80556   
2.40541   
6.77778   
5.54054   
3.44444   
2.16216   
0.81081   
6.71795   
5.84615   
3.9       
2.65789   
1.975     
6.425     
5.40476   
3.87805   
2.95122   
1.47619   
5.73171   
5.575     
5.63415   
5.7561    
5.43902   
5.91429   
5.80556   
5.67568   
5.32432   
2.34286   
6.02222   
5.73333   
5.04444   
4.2093    
2.64444   
6.03226   
6.16129   
5.67742   
5.5       
5.4375    
6.25      
6.28125   
6.0303    
4.8125    
2.875     
6.15385   
5.94872   
4.55263   
2.60526   
1.44737   
5.86486   
5.83784   
5.94595   
5.27027   
2.75676   
6.05405   
6.18421   
4.89474   
3.18919   
2.21053   
5.65116   
5.39535   
5.45      
5.04651   
5.2093    
6.02778   
6.02703   
5.61111   
5.0       
2.77778   
5.90909   
5.90909   
5.36364   
4.47727   
3.37209   
6.125     
4.825     
2.7       
2.15789   
1.52632   
5.9       
5.9       
4.5641    
3.15385   
1.92308   
6.30952   
6.19048   
6.075     
5.92857   
4.0       
5.86842   
6.28947   
5.75676   
5.76316   
5.21622   
5.94872   
6.25641   
5.82051   
4.72973   
3.15385   
6.11628   
5.90476   
5.67442   
5.2381    
2.85714   
6.32432   
6.13158   
5.21053   
4.4359    
2.10256   
6.30303   
5.91176   
5.17143   
3.75758   
3.0       
5.8       
6.02778   
5.68571   
5.08824   
2.29412   
6.30556   
6.27778   
6.17143   
6.14286   
5.97143   
5.7027    
5.58333   
5.10811   
3.08108   
0.45946   
6.08108   
4.91667   
3.0       
2.11111   
0.89189   
5.74359   
4.20513   
2.825     
1.81579   
0.42105   
5.54762   
3.7619    
2.58537   
1.90476   
0.58537   
5.525     
5.60976   
5.2       
3.95122   
2.60976   
5.83784   
5.8       
4.81081   
3.21622   
0.88889   
5.72093   
4.93333   
3.86364   
2.25      
0.47619   
5.93548   
5.78125   
5.29032   
3.96774   
2.625     
5.75      
5.09375   
3.75      
2.0303    
0.24242   
5.46154   
4.78947   
3.51282   
1.86486   
0.36842   
5.91892   
5.47222   
4.62857   
2.88571   
0.58333   
5.86486   
4.37838   
3.07895   
1.97368   
0.40541   
5.44186   
5.19048   
4.39535   
3.86047   
2.88095   
6.13514   
5.58333   
4.44444   
3.18919   
0.91892   
5.77273   
4.81395   
3.22727   
1.88636   
0.72727   
5.36842   
4.05263   
2.64103   
1.84211   
0.97436   
6.05      
5.525     
3.97368   
2.02564   
0.34211   
5.90244   
5.59524   
4.58537   
3.21951   
1.02381   
5.45946   
4.7027    
3.63889   
2.5       
0.77778   
6.18421   
5.07895   
3.43243   
1.97436   
0.84211   
5.88372   
5.72093   
5.0       
3.07317   
0.52381   
5.82051   
5.42105   
4.21622   
2.25641   
0.36842   
5.85294   
4.73529   
3.67647   
1.72727   
0.78788   
5.70588   
5.34286   
4.34286   
2.74286   
0.41667   
5.65714   
5.44444   
4.62857   
4.02778   
2.77143   
